Medium_100_C
1141.58 1043.57
2409.64 2061.22
4 0.00 0.00 4000.00 0.00 4000.00 4000.00 0.00 4000.00
100
6 448.57 1443.42 406.45 1464.48 383.05 1395.61 442.06 1380.61 440.60 1387.37 435.82 1402.52
14 3538.88 3247.50 3481.07 3219.70 3460.53 3214.30 3466.85 3203.83 3462.49 3175.27 3486.50 3190.37 3488.27 3153.65 3494.90 3176.84 3504.21 3192.37 3524.54 3168.64 3520.43 3186.25 3520.52 3186.76 3519.28 3200.03 3526.32 3200.10
15 2113.74 3263.46 2085.80 3257.95 2066.96 3254.92 2062.77 3267.14 2055.71 3287.18 2029.38 3263.27 2038.28 3241.89 2013.45 3245.11 2019.54 3219.46 2043.99 3228.42 2046.43 3192.72 2057.90 3190.29 2074.14 3228.37 2103.48 3220.66 2100.21 3237.03
10 1040.86 3859.92 1059.47 3886.57 1030.16 3857.06 1031.35 3885.47 1003.03 3886.71 979.72 3881.87 996.92 3859.43 1004.52 3850.33 1039.42 3810.24 1045.41 3798.84
13 2323.06 588.23 2333.89 592.53 2286.22 598.15 2283.92 615.19 2259.80 602.46 2272.56 581.12 2246.47 579.01 2277.11 578.50 2273.10 575.77 2270.32 536.70 2276.77 553.83 2285.38 553.45 2306.24 566.48
15 1031.01 1957.41 987.74 2022.28 940.03 2027.73 920.57 1995.36 891.49 1992.44 953.48 1959.15 953.55 1935.02 919.73 1890.64 928.28 1883.40 973.48 1866.03 975.71 1905.49 981.92 1899.11 1005.14 1876.48 1004.69 1889.31 1008.25 1949.34
8 3215.26 1385.40 3193.73 1373.19 3184.03 1380.18 3173.87 1338.71 3194.24 1325.85 3201.96 1341.20 3220.14 1330.88 3228.04 1335.92
6 316.34 3294.76 290.80 3322.48 240.16 3290.31 274.72 3262.09 315.14 3227.98 323.94 3234.88
9 1443.97 1836.24 1418.62 1843.81 1390.40 1848.73 1328.39 1757.38 1351.38 1739.80 1403.62 1742.09 1418.98 1694.18 1421.92 1751.70 1458.85 1720.76
14 1148.36 763.07 1115.78 744.38 1132.46 770.53 1102.21 743.07 1101.22 752.47 1074.21 758.26 1076.21 750.13 1056.23 750.92 1060.32 746.88 1059.89 711.88 1079.62 713.19 1097.93 713.19 1094.57 704.75 1124.99 724.89
6 3428.98 1635.28 3386.49 1687.65 3347.85 1641.84 3386.29 1622.43 3379.02 1569.63 3470.73 1580.41
11 1168.72 3431.33 1141.67 3446.60 1148.98 3420.57 1149.14 3420.52 1120.84 3409.75 1141.03 3403.31 1143.36 3383.82 1157.96 3405.48 1166.16 3398.49 1188.68 3406.34 1202.33 3410.99
11 1012.26 3383.56 1009.00 3381.95 1005.85 3378.83 1001.22 3390.63 997.25 3393.90 973.86 3395.60 963.18 3390.70 982.49 3375.44 982.51 3366.68 1004.82 3352.95 1032.77 3350.70
5 2217.43 3616.62 2145.12 3614.83 2083.11 3579.30 2121.47 3568.70 2213.82 3537.33
8 1356.47 3408.28 1327.75 3437.04 1311.91 3427.51 1312.35 3405.03 1303.93 3377.44 1328.15 3381.84 1352.78 3367.73 1376.44 3382.08
7 592.28 2191.37 474.80 2169.94 533.10 2163.00 538.05 2147.01 565.14 2122.58 602.71 2124.97 615.87 2155.27
7 899.90 773.56 890.24 830.76 865.07 811.22 849.21 784.14 857.49 753.12 893.94 735.52 904.85 753.37
13 2970.04 1793.54 2968.04 1778.02 2960.56 1809.54 2959.79 1802.98 2956.20 1817.01 2955.92 1778.69 2949.64 1775.06 2943.81 1774.88 2945.36 1745.71 2962.23 1753.50 2953.10 1725.83 3019.08 1751.88 2992.07 1761.97
5 3840.03 2750.14 3850.67 2777.08 3767.26 2767.81 3838.42 2707.78 3830.66 2718.79
15 397.67 1698.65 375.95 1706.42 391.18 1731.82 381.80 1748.18 385.89 1766.91 381.93 1761.35 351.59 1747.00 278.38 1713.09 307.41 1692.23 306.65 1664.84 297.95 1649.39 335.24 1668.41 343.31 1609.73 412.54 1635.84 428.76 1629.26
6 429.43 1130.87 383.15 1103.29 407.60 1079.30 446.92 1098.26 475.22 1078.65 495.91 1091.33
8 3494.89 1786.62 3468.99 1773.23 3481.44 1764.98 3478.38 1730.21 3493.06 1755.91 3515.78 1732.46 3516.78 1742.41 3507.01 1761.22
10 1063.89 1005.33 1021.10 1002.25 1046.48 1031.89 1029.42 1024.94 932.65 1002.17 942.00 998.13 888.72 959.13 950.27 957.48 960.92 907.89 1040.71 955.41
10 701.12 517.10 700.63 518.30 691.62 522.74 672.31 479.19 695.36 497.82 698.41 482.10 699.90 490.31 717.45 483.38 705.54 501.26 723.47 504.98
15 2992.82 3062.61 2974.17 3111.04 2951.66 3108.80 2953.02 3117.39 2904.72 3129.04 2863.09 3125.63 2851.35 3089.67 2842.64 3077.75 2860.36 3072.27 2876.51 3054.62 2883.90 3053.64 2858.68 3037.86 2922.36 3010.61 2938.37 3000.36 2934.06 3030.15
9 3471.41 2029.95 3440.81 2034.67 3409.43 2058.89 3406.63 2028.47 3395.62 2024.79 3417.81 2020.43 3429.13 2005.38 3445.23 2006.44 3473.10 2016.11
13 1677.55 1035.09 1674.31 1065.80 1629.96 1046.69 1627.25 1037.72 1635.25 1027.20 1654.75 1026.56 1642.59 1016.57 1633.50 1010.62 1643.00 1000.39 1669.00 1009.80 1674.05 998.37 1675.85 1004.32 1679.19 1001.88
8 130.68 2861.38 153.63 2745.50 157.03 2747.81 178.34 2727.55 188.51 2746.53 179.02 2757.73 193.94 2744.93 220.90 2778.09
8 436.26 3482.03 439.27 3493.19 432.11 3486.12 414.14 3489.38 396.41 3462.83 395.45 3448.16 441.86 3450.24 462.83 3467.62
11 3630.70 2183.94 3597.29 2181.84 3610.34 2185.80 3569.97 2217.92 3557.97 2233.34 3523.23 2165.76 3547.27 2152.18 3550.97 2114.36 3585.65 2109.70 3639.10 2136.16 3613.69 2176.60
12 1658.71 2215.37 1574.97 2207.84 1583.84 2172.94 1553.78 2166.64 1586.49 2159.06 1572.12 2124.32 1596.12 2141.58 1607.33 2099.25 1629.12 2143.12 1635.38 2124.57 1678.67 2144.62 1697.39 2148.25
14 3512.38 534.34 3470.35 533.67 3449.56 556.52 3437.03 552.42 3452.02 528.70 3426.71 509.60 3453.59 503.93 3441.40 452.31 3463.68 477.64 3462.77 447.85 3467.40 463.55 3474.63 456.26 3481.48 446.44 3493.64 473.90
12 1299.91 2708.23 1252.68 2780.60 1204.33 2712.57 1191.52 2717.84 1197.03 2688.62 1219.56 2670.17 1217.40 2667.16 1194.53 2638.68 1204.11 2627.17 1211.76 2638.44 1285.84 2647.50 1271.69 2670.95
9 3092.75 3044.17 2977.93 3018.42 3000.26 2982.81 3012.48 2987.42 3030.18 3000.12 3039.93 2930.94 3081.75 2995.06 3102.53 2991.15 3075.99 3007.88
6 2765.37 1269.07 2739.86 1278.70 2731.85 1198.42 2733.88 1200.83 2749.33 1186.03 2814.33 1235.10
9 416.34 401.13 380.80 424.91 319.50 359.61 274.99 338.14 277.62 314.14 340.52 328.94 349.73 315.55 358.14 272.15 433.16 341.11
15 1365.88 1220.98 1326.58 1252.63 1328.04 1230.73 1310.07 1233.34 1309.59 1225.96 1328.73 1218.68 1325.17 1218.31 1314.72 1215.48 1293.25 1205.66 1323.46 1206.54 1319.88 1201.34 1330.33 1197.92 1331.52 1173.34 1380.46 1160.39 1386.06 1195.10
5 2400.26 3380.36 2372.69 3376.09 2369.08 3356.95 2373.16 3334.61 2425.16 3365.09
7 1671.99 245.74 1670.68 248.31 1655.80 242.20 1630.71 231.90 1627.99 213.52 1655.00 214.33 1657.53 224.35
8 2426.71 1723.85 2403.64 1717.75 2400.85 1745.24 2381.84 1741.25 2390.38 1721.14 2381.37 1724.11 2381.26 1715.99 2380.42 1705.33
15 2000.66 2879.59 1975.76 2867.34 1994.36 2904.27 1979.15 2893.63 1978.30 2909.26 1934.91 2915.39 1936.62 2910.12 1939.87 2881.58 1924.28 2892.27 1949.18 2863.70 1946.48 2854.12 1926.84 2809.77 1952.52 2807.92 1983.35 2845.56 1974.23 2854.60
13 869.61 2248.04 842.80 2249.30 858.31 2277.94 845.50 2270.90 812.94 2286.72 819.83 2249.45 786.59 2237.95 811.80 2240.68 804.64 2226.96 819.04 2234.45 826.62 2237.72 826.95 2237.04 866.54 2221.63
12 1949.08 1259.01 1908.94 1257.57 1884.44 1313.29 1837.27 1294.17 1857.59 1266.91 1827.59 1258.38 1830.38 1249.96 1923.93 1188.05 1926.27 1192.90 1918.70 1217.91 1934.56 1226.92 1939.14 1238.36
14 2790.52 1786.01 2777.10 1815.04 2736.61 1801.62 2733.69 1792.59 2726.30 1794.86 2712.33 1791.61 2731.00 1786.61 2740.13 1784.45 2727.93 1757.06 2750.23 1773.02 2759.08 1755.67 2759.11 1766.11 2773.75 1751.32 2783.75 1772.35
10 2315.75 1633.97 2293.03 1660.99 2274.00 1650.26 2262.00 1613.35 2214.37 1632.29 2207.85 1617.42 2239.39 1561.96 2259.15 1573.54 2290.27 1559.55 2313.84 1566.96
11 2058.10 1935.84 2080.26 1947.88 2057.37 1945.96 2057.39 1954.97 2032.94 1961.67 2032.75 1934.73 2025.07 1930.41 2010.76 1925.90 2034.75 1930.30 2042.05 1918.27 2061.44 1893.87
11 3091.98 1467.08 3085.80 1486.35 3075.01 1481.12 3073.57 1485.26 3025.26 1456.83 2997.27 1450.82 3030.61 1445.56 3051.12 1416.83 3071.07 1410.86 3063.90 1445.56 3100.72 1418.84
7 1817.76 3538.85 1728.68 3526.59 1753.60 3489.65 1756.33 3480.45 1750.45 3465.63 1822.77 3432.87 1852.62 3459.69
5 3058.43 1294.53 3010.06 1318.93 3016.03 1294.73 3064.71 1243.32 3104.19 1225.10
5 2355.30 188.51 2362.22 209.50 2323.18 175.60 2340.73 164.02 2368.24 169.52
11 2352.41 377.19 2375.55 411.90 2330.74 410.28 2299.90 408.24 2233.24 364.11 2245.48 338.95 2286.48 344.39 2263.73 281.80 2336.12 291.69 2354.40 285.77 2357.94 319.05
13 536.65 269.21 481.13 329.15 481.60 283.12 462.09 274.98 456.51 266.76 458.01 262.61 454.49 254.54 434.92 245.17 474.98 217.42 504.50 200.92 534.49 227.08 553.30 229.57 507.44 248.38
11 3260.87 457.33 3213.32 500.45 3188.49 462.52 3178.85 463.92 3161.24 457.56 3184.09 451.30 3188.44 442.04 3192.75 377.96 3274.22 407.13 3288.02 408.06 3264.84 441.85
9 1500.06 509.88 1491.67 514.86 1486.46 511.68 1466.91 500.92 1437.92 486.48 1432.75 463.43 1463.48 476.64 1475.67 444.93 1486.45 462.85
7 1282.90 853.65 1265.16 856.78 1254.63 855.51 1251.68 881.89 1239.35 869.87 1263.61 832.29 1280.81 827.45
9 2837.21 941.79 2825.59 924.43 2850.88 913.09 2842.80 910.26 2846.67 896.69 2854.90 876.26 2858.93 878.82 2879.41 899.32 2887.14 894.64
8 3795.56 3028.76 3783.18 3019.19 3781.85 3021.90 3776.78 3017.82 3714.44 3019.20 3766.38 2979.98 3787.59 2943.56 3828.49 2974.81
9 1345.08 3297.52 1354.07 3309.39 1342.35 3304.17 1352.77 3321.78 1292.98 3314.38 1288.38 3297.82 1310.83 3291.72 1317.18 3285.76 1342.55 3277.73
10 2228.61 3331.59 2241.18 3338.21 2235.40 3362.41 2237.28 3379.46 2208.33 3387.77 2200.23 3345.56 2181.60 3365.26 2200.89 3304.22 2217.14 3316.61 2222.75 3313.01
14 2099.80 834.90 2097.50 854.98 2102.15 860.51 2090.12 870.67 2059.91 837.69 2062.89 863.51 2054.26 842.47 2037.41 822.73 2051.28 810.47 2058.86 789.89 2087.41 790.65 2073.67 814.06 2062.86 821.76 2067.55 826.67
15 3681.19 3665.70 3663.04 3664.82 3662.89 3688.89 3658.92 3682.21 3652.10 3670.40 3643.60 3661.17 3609.09 3678.39 3621.58 3671.74 3607.56 3669.55 3629.15 3621.74 3641.30 3615.92 3651.93 3609.70 3659.22 3623.50 3671.58 3611.81 3683.90 3630.34
5 2493.08 2207.72 2479.63 2193.93 2477.91 2174.57 2467.28 2127.13 2559.91 2167.75
8 1713.42 2712.19 1718.17 2732.60 1700.53 2721.47 1686.86 2734.52 1675.48 2708.62 1672.70 2689.74 1667.41 2665.64 1680.80 2684.11
9 3626.60 2037.62 3590.71 2040.53 3605.07 2085.22 3570.26 2057.39 3564.34 2040.79 3527.11 2028.70 3551.56 2000.58 3576.36 2012.57 3601.19 2027.67
13 740.70 3429.54 738.03 3437.30 702.18 3460.20 693.21 3458.88 688.25 3447.24 713.36 3407.49 707.18 3393.23 717.74 3378.39 724.92 3363.37 735.73 3374.31 765.11 3395.60 772.51 3412.24 750.46 3414.38
15 3613.73 1287.83 3583.82 1266.96 3587.08 1274.34 3576.84 1267.65 3588.08 1292.48 3536.51 1297.28 3533.10 1291.84 3522.11 1216.89 3561.45 1235.52 3561.06 1214.30 3566.89 1229.17 3572.56 1196.32 3569.75 1225.10 3591.53 1223.29 3590.75 1236.15
7 3743.86 1873.58 3701.24 1924.73 3695.66 1907.10 3691.74 1829.68 3708.69 1841.74 3712.45 1844.09 3719.36 1843.63
13 1604.03 3021.53 1608.40 3052.61 1589.66 3009.48 1559.52 3043.65 1569.34 3010.03 1551.53 3019.19 1548.15 3015.80 1521.13 3004.44 1562.75 2982.69 1557.83 2975.33 1558.43 2959.78 1600.59 2949.03 1626.11 2952.27
15 1276.15 3290.06 1244.17 3291.50 1276.52 3309.48 1240.65 3294.98 1229.65 3309.21 1220.58 3341.47 1200.05 3313.82 1185.45 3300.35 1175.57 3283.40 1203.52 3264.76 1217.79 3272.10 1223.00 3253.08 1247.18 3235.97 1235.77 3264.51 1233.83 3272.27
13 1558.03 3475.02 1598.06 3535.61 1534.86 3550.09 1530.91 3526.48 1514.84 3498.83 1445.81 3500.55 1473.79 3465.26 1492.42 3464.82 1503.45 3439.16 1523.33 3416.85 1541.13 3446.12 1565.61 3445.91 1602.68 3449.88
13 3917.86 1749.11 3845.35 1759.69 3846.38 1810.08 3828.03 1820.52 3820.54 1768.04 3806.46 1788.09 3817.26 1758.99 3826.57 1696.76 3832.63 1694.93 3857.28 1694.90 3876.76 1675.29 3881.48 1698.82 3860.32 1721.99
13 2403.46 2503.12 2377.65 2508.31 2380.70 2521.73 2370.75 2536.65 2355.14 2520.12 2325.12 2532.79 2306.74 2536.19 2314.70 2513.30 2335.29 2494.00 2338.28 2475.71 2351.05 2446.93 2352.25 2480.37 2403.83 2496.11
14 1776.66 1989.14 1749.87 1978.64 1783.14 2004.38 1721.00 2011.32 1709.41 2044.90 1698.11 1986.82 1657.60 2001.78 1689.84 1977.99 1693.34 1973.82 1708.18 1946.19 1732.88 1952.20 1750.63 1897.97 1792.58 1945.92 1758.85 1968.38
6 2866.30 2999.85 2819.34 3046.25 2808.37 3008.00 2770.99 3030.37 2752.97 2979.30 2833.79 2939.23
12 1119.27 3553.53 1086.51 3568.42 1083.18 3546.90 1078.46 3536.22 1061.15 3456.76 1075.60 3473.13 1079.70 3446.01 1101.23 3481.00 1113.44 3438.33 1114.80 3465.88 1144.45 3511.73 1196.23 3513.72
10 3309.90 1122.54 3329.32 1133.85 3320.29 1141.28 3279.17 1143.69 3249.88 1134.05 3256.41 1084.43 3268.40 1084.60 3305.36 1113.64 3336.45 1098.68 3336.24 1114.80
12 1969.43 2720.08 1954.45 2733.63 1953.80 2726.36 1946.21 2728.43 1941.32 2734.09 1935.23 2737.81 1926.59 2705.71 1944.94 2686.17 1953.11 2679.90 1961.87 2698.00 1961.93 2701.32 1984.49 2696.99
6 3829.51 681.71 3825.83 680.34 3781.92 714.58 3752.76 647.26 3816.67 640.97 3835.47 622.01
9 3323.35 1659.82 3346.78 1672.79 3281.15 1696.35 3270.21 1651.77 3262.80 1640.29 3276.08 1613.79 3292.47 1634.27 3311.85 1631.21 3347.48 1622.78
9 546.38 3498.00 496.02 3493.67 478.46 3479.19 474.39 3469.08 498.60 3466.88 496.35 3441.20 510.36 3458.47 509.32 3424.47 544.62 3429.22
14 1441.89 249.20 1408.00 288.04 1382.23 262.01 1369.74 266.54 1329.80 255.96 1325.54 244.21 1349.09 231.46 1364.14 228.35 1326.67 219.23 1340.96 220.27 1365.89 209.26 1403.32 207.56 1429.61 199.61 1443.32 211.80
15 3307.95 827.37 3301.12 829.24 3318.84 839.27 3293.55 835.31 3279.00 863.16 3273.22 846.53 3263.30 849.04 3274.45 830.08 3273.29 819.12 3278.59 819.85 3271.61 798.87 3300.54 810.66 3309.95 793.11 3298.54 815.68 3321.38 823.63
11 2970.42 1502.47 2963.71 1493.80 2958.07 1506.37 2958.69 1475.09 2926.14 1477.72 2940.40 1461.23 2945.35 1455.29 2929.59 1447.34 2953.22 1426.34 2987.02 1416.11 2977.86 1443.72
10 2544.36 3734.12 2557.47 3755.15 2514.40 3758.26 2506.15 3743.34 2504.61 3742.48 2485.31 3737.59 2494.49 3722.97 2519.33 3713.64 2527.11 3721.66 2545.99 3731.16
8 1869.68 2601.50 1829.21 2560.06 1838.84 2539.37 1863.75 2550.95 1869.38 2537.75 1892.65 2557.22 1877.34 2560.10 1901.24 2561.94
8 3291.64 904.65 3245.74 888.59 3177.64 902.14 3151.83 827.74 3171.31 833.01 3188.04 805.74 3198.36 809.20 3230.49 830.02
8 1298.46 210.18 1295.32 220.40 1290.41 245.03 1279.85 246.79 1252.82 220.84 1190.28 143.05 1236.07 178.42 1237.33 171.07
12 2334.65 3448.37 2326.00 3450.19 2352.47 3461.91 2361.30 3471.62 2325.14 3458.98 2290.60 3445.02 2291.36 3440.06 2275.46 3422.91 2302.46 3418.48 2317.24 3401.08 2343.44 3404.95 2351.62 3432.55
9 2357.04 1247.56 2309.07 1256.76 2291.84 1255.53 2300.35 1238.86 2287.34 1230.81 2288.56 1207.84 2285.93 1187.06 2296.61 1174.02 2330.94 1208.81
10 2891.67 3845.29 2863.97 3838.18 2816.78 3845.56 2831.25 3800.50 2826.94 3789.09 2859.71 3802.10 2874.94 3786.83 2874.43 3801.26 2873.32 3803.56 2907.70 3807.54
8 655.72 1112.51 649.36 1146.33 592.82 1152.20 581.69 1131.88 563.33 1124.08 583.80 1112.73 557.76 1110.21 621.23 1095.13
14 3206.94 1643.63 3191.92 1646.91 3164.32 1622.91 3152.34 1619.65 3145.18 1621.15 3140.64 1627.81 3137.00 1624.68 3137.73 1605.17 3096.22 1618.95 3083.56 1605.61 3131.42 1576.66 3140.50 1573.38 3131.25 1533.19 3216.53 1563.03
8 3148.75 753.15 3151.94 756.99 3083.25 777.62 3065.50 758.85 3070.34 713.11 3056.13 695.53 3112.18 695.27 3122.00 728.33
5 1501.07 2375.89 1504.55 2341.31 1516.69 2332.81 1520.34 2315.54 1574.45 2346.90
13 731.72 3654.93 677.65 3689.17 673.15 3694.42 665.49 3698.02 646.58 3671.22 653.25 3653.74 652.24 3645.79 676.78 3599.10 687.18 3622.43 713.16 3602.31 708.12 3627.38 700.26 3652.25 739.99 3651.88
10 1352.82 2304.21 1310.90 2329.85 1301.40 2337.10 1293.89 2340.22 1282.26 2326.65 1256.46 2326.10 1226.79 2342.38 1288.27 2299.23 1327.54 2257.26 1336.74 2272.13
8 2346.07 2745.51 2329.45 2737.76 2285.52 2737.64 2263.73 2694.93 2302.99 2702.33 2281.85 2688.68 2293.56 2676.16 2355.43 2703.71
11 1935.02 2449.84 1947.07 2453.19 1971.01 2469.95 1901.89 2463.07 1849.39 2445.33 1851.98 2422.85 1908.34 2431.45 1889.85 2365.12 1909.47 2413.06 1939.14 2404.01 1951.93 2387.07
13 2277.91 2016.78 2307.23 2056.09 2238.96 2015.29 2227.60 2010.61 2212.46 2015.40 2215.88 1998.54 2178.59 2001.49 2238.69 1986.12 2244.13 1918.78 2305.50 1951.82 2279.62 1985.92 2319.30 1969.96 2301.43 1987.11
10 807.60 1687.63 776.70 1684.32 770.47 1696.00 746.07 1689.60 761.24 1664.17 762.43 1639.24 771.25 1625.03 779.09 1619.41 805.77 1631.71 793.73 1669.70
