Medium_200_A
610.98 4420.24
5613.67 1260.64
4 0.00 0.00 6000.00 0.00 6000.00 6000.00 0.00 6000.00
200
9 256.20 4859.73 311.53 4759.01 364.91 4759.69 390.38 4774.80 414.76 4830.23 426.29 4872.20 399.30 4909.77 381.22 4907.62 279.29 4884.81
6 2735.10 378.77 2710.25 311.11 2760.75 289.93 2771.17 290.88 2793.81 316.09 2784.02 366.85
9 3130.16 1001.63 3077.26 978.84 3078.69 921.99 3083.70 907.07 3093.07 889.34 3163.79 893.55 3182.18 920.58 3175.09 955.88 3170.62 977.11
11 311.16 5651.71 310.29 5630.82 331.83 5576.52 371.89 5567.03 410.55 5565.86 456.68 5613.82 456.47 5644.12 449.74 5693.61 380.91 5717.93 352.23 5697.96 341.23 5686.77
12 5536.82 5208.50 5540.59 5188.94 5550.91 5176.20 5570.66 5163.29 5596.42 5166.49 5608.90 5183.36 5617.15 5198.72 5619.37 5219.98 5610.34 5239.26 5601.81 5246.98 5575.55 5254.70 5546.77 5236.68
9 689.61 2285.70 682.98 2250.29 683.89 2238.84 687.27 2227.67 706.24 2228.69 734.96 2236.21 744.65 2239.93 737.06 2282.35 731.51 2289.20
8 394.85 4579.48 401.53 4605.38 401.27 4615.21 376.49 4639.75 334.79 4609.22 327.13 4593.15 339.27 4581.63 366.58 4579.76
9 3992.80 1521.80 4014.43 1419.57 4034.33 1419.06 4120.98 1435.72 4138.67 1504.42 4123.57 1528.58 4110.38 1547.32 4042.41 1563.43 4000.02 1553.09
11 1183.68 3853.71 1223.77 3903.40 1218.45 3939.61 1213.89 3947.54 1199.81 3959.76 1185.29 3959.37 1166.45 3957.63 1140.62 3939.45 1140.21 3923.00 1165.14 3866.76 1174.42 3855.13
7 1639.92 3310.84 1645.60 3344.53 1624.02 3369.38 1556.49 3359.68 1561.83 3333.31 1580.08 3293.88 1585.79 3291.64
8 4422.29 3927.76 4424.55 3894.10 4446.33 3899.12 4515.28 3923.52 4525.88 3930.07 4521.88 3933.96 4468.61 3941.37 4435.05 3944.46
9 2344.98 3763.33 2344.02 3662.06 2376.72 3647.08 2474.13 3690.84 2477.96 3721.69 2467.58 3757.98 2405.79 3768.24 2383.43 3768.75 2356.42 3768.12
6 847.12 3376.30 938.05 3445.54 852.47 3524.45 796.94 3474.94 797.02 3454.31 806.45 3404.70
10 2881.87 1057.20 2877.72 1036.31 2918.52 986.02 2920.58 985.93 2988.92 983.15 3003.50 998.52 3009.50 1009.76 3019.98 1032.44 2987.05 1111.49 2920.04 1117.72
8 2764.90 3643.17 2759.47 3710.73 2675.45 3696.64 2651.30 3681.71 2650.58 3667.06 2657.73 3643.33 2694.70 3626.83 2719.28 3628.64
6 1913.26 2637.59 1992.91 2563.45 2016.21 2565.90 2069.85 2657.51 1999.03 2727.02 1921.51 2687.40
11 2311.38 1636.16 2311.87 1619.81 2341.85 1600.86 2373.37 1610.92 2374.48 1611.31 2377.75 1624.16 2382.53 1646.74 2382.04 1653.80 2347.16 1675.79 2331.33 1672.47 2313.33 1646.55
7 1816.43 1223.96 1785.38 1117.47 1808.86 1074.99 1906.49 1066.37 1919.56 1099.97 1936.37 1181.66 1861.75 1227.37
10 996.11 4327.19 1033.14 4320.52 1072.93 4332.80 1088.15 4356.66 1096.51 4382.21 1087.53 4410.26 1064.76 4443.19 1003.57 4438.60 964.42 4404.97 967.73 4392.84
8 2592.37 1825.49 2594.27 1777.87 2638.37 1747.87 2685.53 1770.38 2705.31 1786.65 2704.47 1837.92 2699.66 1848.12 2619.08 1854.27
8 1639.43 2678.30 1677.58 2711.83 1655.92 2739.53 1629.63 2760.37 1617.13 2739.31 1613.74 2728.45 1609.80 2704.16 1619.34 2692.68
11 1731.95 3233.43 1723.91 3209.11 1750.14 3164.52 1762.92 3152.32 1769.95 3151.24 1793.26 3148.03 1819.95 3163.85 1834.33 3176.33 1843.85 3194.85 1825.24 3241.16 1774.72 3257.57
10 1575.03 325.07 1585.39 288.14 1643.04 267.51 1692.66 292.43 1699.91 321.63 1687.52 332.93 1675.32 340.15 1610.87 374.27 1608.96 373.04 1593.21 357.71
11 687.34 4860.47 705.60 4823.30 740.22 4805.77 760.15 4819.05 765.60 4823.83 777.73 4852.14 773.07 4864.06 764.39 4879.72 753.04 4885.09 740.17 4886.11 697.20 4873.00
8 5628.55 217.69 5636.09 294.78 5600.09 312.44 5551.51 304.60 5546.48 293.36 5546.80 257.31 5569.14 206.60 5591.96 208.81
8 5267.07 4308.75 5287.61 4390.35 5264.57 4415.12 5231.42 4397.14 5220.25 4377.40 5209.95 4351.06 5212.13 4336.14 5216.25 4328.27
7 433.95 801.64 406.00 822.76 395.58 807.65 366.48 765.12 377.63 764.96 449.05 771.12 440.09 791.37
11 2251.41 4918.33 2242.17 4876.89 2248.59 4856.72 2256.78 4847.26 2300.01 4830.95 2333.35 4830.81 2359.42 4859.95 2358.23 4890.99 2348.84 4929.08 2326.70 4927.77 2281.50 4923.21
8 1318.32 4041.14 1305.64 3991.98 1309.16 3984.16 1341.09 3937.04 1419.62 3984.28 1420.60 3985.63 1374.20 4059.84 1357.82 4062.88
9 1160.24 4863.59 1180.30 4789.21 1233.20 4793.48 1243.52 4803.40 1253.10 4815.88 1241.37 4864.70 1198.49 4871.49 1184.15 4871.51 1169.83 4867.80
11 1580.54 3662.04 1613.74 3600.20 1641.73 3599.05 1691.70 3604.12 1726.51 3622.80 1735.41 3675.11 1661.35 3709.03 1621.03 3722.59 1599.31 3712.00 1596.43 3709.07 1581.13 3674.88
7 4246.19 519.14 4181.53 400.28 4196.91 366.04 4306.99 396.13 4313.01 404.13 4337.48 446.26 4302.61 483.26
12 2338.60 189.54 2360.42 144.47 2382.20 135.02 2438.69 136.08 2463.70 164.28 2498.48 220.93 2497.49 231.53 2481.06 257.32 2464.88 269.01 2456.35 271.21 2367.58 269.25 2345.90 249.38
8 520.24 2168.93 516.89 2068.17 538.24 2049.38 585.19 2025.25 653.90 2089.28 660.52 2096.46 642.49 2144.10 586.30 2185.62
10 4083.77 2708.60 4033.55 2673.49 4027.33 2633.56 4021.52 2586.60 4075.32 2543.41 4121.80 2551.12 4158.10 2570.71 4173.56 2589.43 4187.23 2620.62 4178.08 2689.97
6 2703.74 4259.71 2793.72 4314.71 2782.40 4341.33 2750.78 4380.20 2713.39 4421.81 2704.90 4389.55
11 3390.52 1793.54 3440.54 1835.03 3423.75 1891.55 3393.09 1944.38 3358.61 1938.56 3351.22 1935.60 3335.27 1927.78 3326.56 1880.78 3323.82 1856.70 3321.09 1826.57 3350.64 1806.79
8 3939.69 935.59 3857.64 963.53 3815.46 919.06 3799.94 854.43 3875.53 802.97 3916.44 804.97 3948.91 843.74 3946.15 899.95
7 4825.09 3287.88 4793.72 3352.18 4756.28 3341.26 4732.61 3318.93 4731.64 3302.17 4735.34 3269.28 4776.11 3251.98
9 1719.64 646.93 1709.25 600.81 1742.09 540.77 1798.80 530.63 1840.17 524.24 1863.69 570.69 1865.59 594.46 1856.94 623.29 1777.96 683.80
8 5374.71 839.78 5378.90 828.81 5409.60 794.81 5444.48 807.63 5462.03 832.80 5447.19 865.39 5425.09 873.38 5387.05 868.26
10 5684.81 5778.53 5633.00 5750.29 5633.31 5725.27 5633.97 5717.71 5650.81 5670.62 5691.57 5662.56 5726.17 5693.18 5727.48 5694.77 5745.37 5739.89 5691.12 5776.03
8 4592.74 1133.97 4660.00 1082.87 4671.63 1090.27 4690.50 1168.82 4672.60 1194.94 4649.03 1203.20 4617.98 1195.44 4597.57 1153.13
8 4005.96 994.42 3963.21 921.38 4011.33 868.67 4037.44 869.48 4078.60 878.88 4095.72 919.22 4079.25 948.95 4043.07 976.45
9 1683.17 2550.52 1622.61 2480.56 1634.40 2459.22 1732.18 2415.54 1780.20 2438.18 1785.54 2454.87 1792.27 2502.94 1750.28 2584.76 1738.09 2590.47
9 873.34 5041.21 886.56 5009.08 913.74 4987.79 959.86 5014.72 960.84 5034.34 949.64 5064.69 920.33 5074.88 896.64 5077.76 873.94 5055.46
10 1308.71 2616.61 1298.17 2591.84 1335.61 2550.34 1375.90 2534.52 1427.27 2547.54 1439.92 2580.07 1427.43 2607.97 1386.75 2652.10 1376.87 2658.34 1353.05 2652.30
7 312.14 2822.12 386.10 2860.99 384.29 2866.29 315.70 2927.29 287.73 2905.85 281.96 2881.35 289.64 2837.88
9 5527.06 2310.38 5490.87 2245.51 5533.24 2208.90 5583.02 2189.99 5618.13 2194.97 5642.95 2205.50 5650.23 2258.58 5618.38 2321.31 5604.35 2327.02
8 260.85 1389.84 298.90 1369.66 329.02 1394.12 336.16 1419.19 331.13 1432.81 316.00 1449.75 294.48 1456.59 272.40 1444.37
10 1901.30 1570.69 1879.16 1593.62 1841.50 1592.97 1820.93 1578.07 1816.54 1529.50 1835.27 1510.02 1851.77 1513.31 1876.81 1523.58 1887.57 1534.58 1900.36 1563.95
11 2887.06 5760.12 2905.17 5738.76 2935.05 5726.59 2939.26 5726.90 2950.79 5739.57 2954.47 5767.10 2954.65 5776.88 2953.66 5795.21 2942.00 5800.89 2921.48 5804.69 2891.27 5792.01
11 5712.81 2034.84 5703.82 2061.90 5693.85 2074.64 5668.66 2072.72 5645.13 2069.59 5629.92 2032.26 5627.36 2022.56 5636.83 2001.58 5659.22 1994.04 5699.75 1991.00 5710.41 2003.29
8 3591.09 2273.23 3623.26 2229.57 3680.62 2263.56 3693.51 2281.36 3696.79 2294.27 3643.59 2339.41 3613.28 2347.42 3603.96 2344.64
12 1510.70 1776.61 1512.27 1693.40 1525.34 1679.72 1560.67 1669.35 1613.20 1713.44 1619.67 1724.41 1625.09 1764.76 1626.35 1782.61 1602.07 1815.30 1585.22 1824.46 1547.17 1819.90 1528.78 1798.45
12 791.23 1239.09 797.52 1201.11 813.40 1165.98 840.34 1167.82 867.31 1172.29 909.07 1188.64 915.21 1208.34 888.39 1278.07 873.41 1284.49 838.99 1290.99 813.75 1292.68 797.20 1281.29
6 598.10 3774.33 638.74 3724.46 756.79 3790.54 698.19 3862.27 669.39 3863.73 639.50 3854.36
7 3857.78 1643.71 3891.55 1688.81 3890.49 1702.36 3850.46 1727.08 3815.18 1707.67 3803.53 1687.19 3825.48 1665.83
10 4359.61 3341.79 4385.06 3313.61 4415.52 3299.76 4467.10 3336.47 4495.39 3387.88 4488.02 3397.49 4471.32 3415.05 4436.68 3428.31 4403.98 3424.76 4376.48 3384.49
6 5153.82 509.83 5196.58 466.12 5262.00 479.66 5284.84 549.92 5223.16 575.34 5219.75 574.94
7 1268.29 5518.80 1273.09 5461.48 1286.11 5464.50 1299.77 5472.33 1320.90 5486.13 1343.29 5516.20 1320.74 5535.09
7 5319.24 1666.09 5252.16 1730.06 5193.34 1690.01 5183.20 1669.60 5190.34 1627.87 5273.86 1589.46 5287.86 1592.64
8 5678.77 348.01 5742.98 314.71 5801.63 372.40 5788.21 415.88 5776.38 424.63 5731.58 441.61 5707.64 435.48 5682.75 416.13
8 1249.46 1944.15 1251.35 1982.56 1250.20 2007.73 1202.63 2043.62 1154.61 2027.82 1132.44 1973.18 1132.49 1971.72 1145.70 1964.55
11 2510.22 4561.58 2501.28 4523.57 2507.40 4496.03 2511.78 4482.92 2529.70 4474.30 2567.07 4463.40 2593.36 4460.63 2634.51 4471.60 2638.06 4508.26 2629.32 4541.07 2558.70 4587.93
9 3505.03 534.69 3509.50 502.02 3534.88 471.60 3579.80 477.73 3593.70 506.08 3594.38 531.00 3585.86 557.84 3581.65 569.04 3516.45 558.77
8 3334.60 3008.85 3301.17 3104.81 3259.75 3098.66 3211.60 3078.00 3205.27 3031.53 3228.03 2997.12 3282.43 2992.40 3332.72 2998.46
8 1481.95 5475.48 1475.05 5426.12 1510.73 5406.99 1534.21 5414.13 1539.96 5416.28 1548.70 5434.30 1544.15 5465.72 1532.96 5477.51
10 3369.76 4138.07 3384.54 4095.78 3399.13 4079.26 3427.24 4081.35 3441.24 4112.63 3440.52 4117.01 3435.53 4143.59 3427.05 4150.84 3398.24 4156.60 3377.59 4152.53
12 870.17 291.89 883.55 243.21 921.12 229.44 941.48 228.42 976.27 232.19 995.19 272.70 1004.68 323.14 1003.29 324.65 989.11 335.89 953.55 350.88 910.71 365.21 876.06 338.14
12 768.50 3692.67 795.55 3686.50 822.69 3716.63 827.72 3727.44 828.76 3730.95 794.84 3757.76 775.86 3771.62 765.03 3770.79 753.19 3760.16 737.22 3736.64 736.58 3729.21 743.30 3713.70
7 830.91 4744.07 866.64 4753.09 854.67 4804.37 842.67 4805.27 820.14 4784.80 806.43 4771.97 809.61 4758.60
7 2683.13 2615.19 2688.67 2554.37 2761.67 2542.81 2775.20 2559.17 2792.05 2616.13 2782.87 2632.07 2733.60 2654.38
9 2607.84 596.30 2546.35 576.86 2548.38 549.49 2553.41 523.83 2560.89 493.52 2598.33 490.22 2646.82 513.07 2650.63 538.16 2647.99 550.12
12 957.37 4308.39 887.41 4227.80 888.57 4196.90 893.62 4191.49 912.36 4172.52 961.01 4167.29 1003.11 4166.06 1042.38 4188.53 1042.47 4248.53 1032.94 4280.08 1012.50 4303.29 974.88 4308.24
8 5308.61 2346.67 5256.98 2327.08 5261.03 2264.75 5266.72 2240.49 5321.40 2232.64 5341.11 2242.60 5340.07 2313.53 5328.86 2349.33
13 1535.81 771.03 1558.72 744.52 1592.41 745.99 1620.23 791.47 1620.49 812.55 1617.79 821.86 1604.35 841.96 1581.03 852.45 1578.17 851.31 1533.46 831.26 1521.55 812.16 1520.52 810.25 1525.58 791.31
8 1179.38 3758.85 1255.38 3660.70 1311.39 3684.89 1336.69 3738.39 1336.44 3760.73 1310.60 3826.62 1241.37 3823.75 1221.01 3811.13
11 707.21 3017.07 702.06 2973.41 737.56 2948.64 759.85 2947.89 768.23 2955.62 779.31 2966.93 791.85 2992.35 793.00 3003.92 790.67 3025.33 761.59 3041.74 731.99 3042.09
11 3311.07 5452.52 3267.58 5433.18 3259.52 5411.45 3258.42 5402.83 3256.98 5364.06 3285.86 5356.57 3306.04 5353.43 3321.33 5363.15 3351.60 5395.69 3335.74 5425.77 3313.33 5451.03
8 4967.57 2789.96 4949.37 2738.02 4960.81 2703.51 5018.29 2692.16 5064.86 2710.54 5071.35 2738.14 5034.83 2801.76 5006.69 2817.35
8 5553.80 2109.93 5587.08 2064.73 5598.93 2064.63 5625.81 2081.36 5636.31 2117.09 5622.67 2134.08 5586.48 2140.48 5558.83 2124.97
8 4222.76 4956.52 4241.01 4918.35 4337.53 4936.21 4350.79 4955.45 4350.73 4974.87 4327.64 5023.10 4272.33 5036.55 4234.22 4996.91
6 4676.15 4977.25 4705.16 4878.12 4768.07 4909.46 4765.64 4939.67 4740.29 4996.33 4715.20 4995.11
9 5818.00 3513.71 5817.66 3582.93 5768.59 3584.41 5724.28 3583.55 5682.85 3540.36 5689.33 3515.07 5709.45 3473.19 5752.60 3439.30 5805.71 3472.52
7 3355.83 2602.28 3362.95 2655.52 3329.75 2662.82 3298.17 2647.46 3298.22 2627.52 3305.59 2606.41 3323.43 2604.31
7 2632.97 5157.83 2726.07 5190.97 2725.32 5230.76 2714.07 5275.66 2637.06 5309.01 2614.41 5283.24 2615.96 5201.44
6 3021.11 3809.58 3079.06 3888.67 3068.53 3903.83 3025.79 3936.39 2990.02 3933.65 3002.32 3811.14
9 1001.32 622.33 935.85 595.84 938.45 526.41 940.76 513.25 985.76 481.14 1044.98 503.77 1057.84 552.60 1063.13 579.08 1056.96 586.60
7 3378.86 2735.27 3365.21 2787.29 3267.69 2769.60 3263.57 2717.86 3289.18 2681.92 3341.13 2686.22 3359.41 2699.21
7 937.63 5465.25 968.79 5416.60 1014.81 5432.83 1042.68 5454.06 1058.77 5493.86 1002.46 5520.79 962.14 5510.33
9 308.40 2044.26 306.30 1987.35 310.48 1984.24 368.06 1941.68 411.77 1958.80 417.68 2011.99 414.01 2056.34 385.98 2069.13 352.55 2072.74
9 955.32 171.55 982.43 116.12 1025.33 118.41 1070.17 139.83 1073.25 148.06 1060.11 177.27 1018.57 227.71 988.58 219.29 961.20 202.34
10 5096.69 691.32 5110.87 640.66 5153.09 618.62 5185.12 639.01 5212.65 667.31 5202.72 697.93 5201.58 700.46 5187.23 724.95 5136.04 719.93 5103.27 711.35
8 505.66 1118.76 518.24 1067.32 566.68 1045.29 647.39 1091.74 664.56 1140.33 631.94 1196.10 571.44 1203.36 533.61 1182.22
10 3196.48 461.59 3233.53 513.25 3221.77 557.90 3193.09 583.85 3165.29 606.41 3144.28 597.39 3102.93 550.63 3070.90 510.81 3098.65 487.20 3155.48 462.71
7 844.40 4035.82 811.43 3975.18 818.23 3949.55 915.71 3909.05 936.80 3923.62 943.31 3940.64 915.52 4032.49
9 4820.18 4250.26 4802.77 4219.58 4809.75 4204.68 4820.17 4197.27 4852.19 4184.08 4863.37 4193.44 4870.97 4210.81 4864.63 4236.65 4834.84 4256.47
7 569.37 4629.68 583.97 4686.41 555.89 4731.87 517.53 4758.14 458.90 4718.65 468.63 4652.73 472.11 4648.55
8 3610.50 1292.07 3605.73 1367.47 3551.37 1381.70 3522.39 1365.45 3517.04 1261.48 3520.70 1251.39 3535.99 1242.99 3602.25 1284.07
9 3835.42 2698.48 3887.17 2657.90 3937.23 2668.47 3962.65 2755.22 3932.97 2799.95 3902.41 2810.44 3831.21 2799.73 3803.46 2765.79 3812.21 2728.51
9 2357.78 3319.07 2404.25 3373.22 2392.29 3406.25 2378.50 3419.78 2350.90 3421.56 2323.38 3406.96 2289.60 3374.46 2290.20 3350.62 2334.07 3325.07
8 3670.20 1009.85 3702.64 946.25 3760.05 966.70 3802.88 1008.66 3775.04 1079.29 3758.57 1100.94 3699.96 1101.18 3688.39 1092.31
6 2877.66 4307.79 2917.73 4274.98 2935.33 4272.44 2928.53 4331.58 2920.65 4348.00 2905.06 4338.82
7 4485.55 2719.62 4451.95 2735.92 4436.00 2732.99 4415.71 2686.02 4413.38 2679.19 4430.46 2674.40 4470.54 2688.06
9 214.20 1737.05 118.13 1713.74 113.05 1693.88 103.47 1631.29 119.71 1603.38 192.13 1571.74 230.97 1592.13 252.03 1646.68 242.30 1712.20
8 1622.08 3493.23 1610.56 3419.96 1617.27 3399.52 1673.02 3397.46 1686.86 3402.67 1716.91 3446.71 1723.55 3482.04 1686.17 3498.66
13 5883.67 122.36 5884.10 166.94 5871.88 189.50 5857.87 195.14 5848.30 193.93 5820.84 182.45 5799.55 162.92 5793.49 142.33 5804.09 126.42 5814.95 115.70 5819.18 112.32 5823.56 109.47 5844.27 102.31
8 1287.80 5712.37 1340.71 5735.03 1342.45 5757.27 1343.28 5795.95 1312.54 5809.20 1258.67 5786.95 1260.96 5734.56 1275.45 5720.50
7 456.74 3221.42 514.22 3122.69 554.83 3124.32 629.90 3165.26 605.74 3228.32 549.80 3271.50 505.18 3275.01
11 1763.42 2653.47 1754.31 2626.24 1766.27 2605.84 1767.20 2604.44 1776.49 2593.05 1793.54 2583.83 1826.97 2612.92 1829.77 2617.77 1823.57 2651.25 1796.35 2662.22 1769.85 2657.47
9 1175.40 4283.16 1155.81 4235.09 1170.64 4206.26 1209.49 4160.14 1255.23 4151.37 1287.54 4170.75 1279.55 4254.14 1226.88 4314.89 1203.17 4303.59
9 5743.54 4012.56 5734.84 3974.82 5736.76 3941.35 5748.54 3936.91 5797.69 3951.99 5804.31 3969.87 5794.42 4001.62 5770.07 4013.43 5756.14 4016.04
8 4110.87 3177.60 4089.11 3143.64 4104.52 3113.08 4138.47 3100.76 4165.80 3121.04 4163.49 3145.17 4156.46 3152.60 4127.74 3173.36
10 4060.38 5114.91 4057.63 5033.64 4089.42 5001.91 4143.84 4975.52 4164.31 4986.67 4206.62 5033.57 4236.00 5105.56 4180.38 5164.21 4147.18 5168.69 4086.96 5145.59
8 3970.22 5783.48 4001.30 5781.17 4012.51 5783.80 4029.62 5804.53 4034.23 5836.18 4013.35 5847.73 3953.88 5830.85 3964.04 5791.32
7 3348.38 5063.41 3429.69 5078.35 3419.89 5138.37 3394.07 5157.86 3361.33 5146.90 3328.55 5117.65 3330.16 5072.64
10 1218.62 3406.65 1206.52 3379.72 1215.54 3360.98 1256.68 3351.43 1274.01 3349.96 1277.31 3352.52 1281.82 3376.71 1280.64 3383.81 1259.65 3403.35 1236.36 3409.97
7 193.29 1867.52 253.25 1832.18 320.60 1876.43 306.13 1916.91 234.59 1976.31 205.17 1962.19 193.84 1942.73
10 2626.36 5517.32 2703.05 5447.91 2717.60 5447.08 2726.82 5450.80 2788.01 5493.43 2789.75 5525.58 2780.45 5566.27 2713.43 5594.17 2658.78 5580.10 2636.40 5542.81
8 5643.71 2316.92 5674.09 2286.91 5730.75 2311.23 5733.03 2330.13 5721.05 2345.10 5689.61 2372.64 5685.68 2374.85 5663.61 2365.57
7 957.52 1602.99 905.07 1666.37 848.14 1640.42 824.58 1574.11 882.90 1551.19 929.20 1553.00 950.95 1577.25
9 4606.17 1778.61 4653.94 1733.92 4698.17 1736.38 4741.98 1770.89 4712.62 1856.50 4670.15 1870.22 4638.03 1870.90 4625.06 1848.41 4615.48 1830.43
7 3092.36 2668.30 2989.55 2748.38 2966.49 2731.14 2912.14 2631.52 2941.26 2581.90 3025.04 2570.99 3058.60 2612.96
10 1702.51 1385.80 1629.91 1311.09 1651.80 1269.49 1670.16 1251.33 1696.97 1237.62 1735.54 1238.89 1767.07 1247.01 1801.44 1282.36 1787.68 1344.10 1728.96 1408.40
8 921.86 2894.31 990.85 2814.84 1049.15 2848.97 1057.28 2898.10 1015.40 2927.74 996.01 2931.24 947.58 2915.36 925.98 2906.72
10 3884.80 5137.70 3894.34 5091.67 3941.38 5072.61 3964.91 5074.61 4017.82 5140.31 4012.35 5152.69 4006.87 5158.87 3966.30 5181.51 3937.94 5188.73 3893.76 5165.41
8 3550.87 5050.28 3570.73 5000.68 3614.18 5014.93 3621.50 5024.11 3619.35 5073.44 3619.08 5075.12 3562.10 5095.80 3553.00 5095.01
11 5053.86 729.96 5068.48 780.79 5062.92 794.69 5049.54 815.57 5039.74 820.91 5010.92 810.83 4975.15 759.53 4967.50 735.35 4969.31 732.13 4978.11 717.45 4989.18 712.53
9 4861.80 2548.46 4828.40 2601.12 4769.59 2590.41 4747.30 2549.67 4771.55 2507.55 4798.76 2485.34 4817.59 2486.86 4829.88 2498.28 4855.66 2538.18
6 1101.20 5139.00 1141.69 5017.79 1238.30 5075.92 1236.34 5107.66 1226.16 5143.35 1187.80 5165.57
12 4307.78 779.44 4339.11 769.06 4374.76 782.34 4398.50 828.27 4397.72 834.81 4385.73 859.03 4357.72 869.14 4336.72 867.90 4316.74 862.10 4300.62 833.13 4290.52 812.13 4299.15 787.54
8 1848.56 5088.41 1846.76 5056.64 1876.74 5037.83 1891.74 5032.80 1920.87 5039.13 1943.40 5059.05 1928.19 5096.29 1868.34 5117.26
8 478.61 498.38 517.13 512.02 514.05 540.34 480.00 612.84 426.88 606.13 407.69 577.70 408.37 561.72 456.30 515.87
10 5360.93 729.83 5277.83 753.88 5272.93 748.00 5257.87 693.72 5258.36 682.79 5263.67 676.32 5299.57 651.55 5315.27 644.55 5338.19 671.43 5355.71 693.98
5 5031.82 5761.93 5102.43 5806.94 5061.83 5907.06 4968.96 5880.18 4985.71 5778.67
10 1259.27 3522.90 1251.85 3504.32 1258.34 3489.10 1283.15 3451.84 1321.88 3465.78 1340.39 3479.70 1340.22 3493.73 1332.40 3522.29 1327.17 3528.85 1279.87 3540.84
11 1497.71 2779.65 1458.54 2744.46 1476.29 2720.04 1481.78 2713.84 1493.62 2702.25 1502.03 2695.24 1519.20 2691.51 1563.21 2701.10 1564.16 2736.27 1554.36 2751.57 1528.30 2770.04
10 4311.32 4869.45 4301.74 4806.92 4314.67 4756.15 4326.15 4748.50 4389.06 4735.26 4459.89 4759.63 4463.69 4766.33 4450.53 4815.39 4439.41 4854.71 4388.09 4903.46
7 1021.74 4092.33 939.70 4089.65 945.44 4010.56 1000.58 3944.98 1037.54 3961.48 1064.31 4002.48 1080.93 4029.39
8 733.28 3226.67 747.43 3156.52 808.98 3133.24 821.88 3140.10 836.80 3186.77 829.52 3229.05 809.89 3250.95 787.83 3247.95
9 3947.59 3852.83 3973.48 3885.57 3959.46 3917.38 3918.92 3948.34 3906.38 3943.48 3884.09 3934.30 3881.82 3874.88 3901.12 3866.29 3932.68 3853.58
8 1689.77 5098.95 1749.79 5093.94 1785.32 5112.43 1791.12 5138.25 1787.28 5162.16 1683.22 5192.37 1674.27 5182.61 1678.23 5142.39
8 5802.12 875.67 5781.98 807.05 5819.43 806.46 5839.22 815.96 5861.87 830.70 5856.92 857.40 5853.00 863.27 5820.38 875.85
10 5632.99 634.24 5610.02 601.27 5619.72 554.78 5636.50 529.48 5681.04 510.98 5700.51 507.51 5710.05 522.44 5740.15 578.89 5719.21 608.30 5700.23 622.06
8 5540.58 5602.21 5573.28 5650.46 5565.71 5685.27 5543.56 5703.88 5491.30 5700.60 5482.11 5635.89 5487.99 5631.61 5517.13 5614.81
6 2795.77 3444.09 2767.92 3482.66 2725.08 3465.74 2712.30 3425.87 2734.39 3400.26 2777.71 3426.65
8 2283.54 1411.06 2278.81 1364.25 2284.71 1333.64 2310.46 1315.24 2351.75 1330.06 2352.93 1330.80 2357.79 1338.61 2360.32 1403.86
10 532.92 4049.86 616.15 3960.69 650.79 3972.46 688.77 4019.85 710.25 4050.87 706.44 4065.29 675.91 4129.55 614.35 4149.93 567.79 4121.03 556.82 4110.02
9 5141.18 1316.60 5163.97 1354.12 5146.54 1397.90 5105.54 1424.71 5094.39 1420.89 5068.19 1411.32 5056.56 1404.69 5024.75 1332.25 5071.28 1311.29
10 3624.53 5703.80 3681.25 5701.85 3695.37 5720.74 3705.36 5760.38 3685.85 5785.39 3675.27 5792.64 3622.45 5788.08 3606.01 5764.99 3609.56 5750.62 3617.54 5722.98
7 1675.83 1544.98 1727.81 1667.19 1706.51 1668.13 1685.51 1668.20 1569.14 1659.05 1572.79 1623.67 1627.90 1531.08
9 2264.70 4778.11 2281.02 4711.14 2316.33 4679.45 2359.37 4675.54 2411.98 4725.61 2421.95 4764.99 2388.02 4803.30 2328.03 4815.96 2290.21 4813.29
9 1137.84 1436.75 1173.80 1465.96 1170.76 1491.93 1164.15 1523.57 1143.32 1531.26 1118.41 1520.75 1084.78 1499.07 1082.43 1481.60 1102.68 1444.28
9 1055.94 2550.24 1076.04 2515.68 1123.06 2518.46 1139.74 2523.76 1144.78 2554.49 1115.26 2585.17 1095.02 2581.70 1069.75 2574.93 1063.24 2570.54
10 2661.59 1353.18 2651.78 1341.74 2646.73 1327.02 2630.13 1275.44 2636.10 1230.93 2676.19 1211.10 2707.50 1230.13 2723.44 1255.02 2711.18 1329.80 2666.93 1351.96
6 3125.02 760.55 3038.04 733.51 3048.41 692.45 3067.83 681.18 3148.86 693.34 3143.81 752.57
6 2263.14 1009.26 2227.40 1076.01 2195.54 1058.41 2175.41 1045.00 2179.47 1007.74 2217.96 982.96
10 4800.40 1447.08 4797.44 1426.57 4799.36 1387.69 4848.15 1333.69 4912.50 1345.75 4934.07 1360.26 4947.09 1380.27 4941.79 1412.62 4919.04 1478.69 4838.26 1457.51
7 576.01 2341.80 577.37 2394.21 549.53 2404.73 463.68 2423.38 428.16 2401.87 434.96 2360.60 523.50 2316.50
9 1525.31 3568.35 1546.70 3529.44 1568.08 3526.69 1590.02 3534.92 1586.35 3577.90 1565.99 3594.21 1562.48 3596.41 1546.35 3596.23 1538.97 3587.25
9 5338.74 4523.02 5313.78 4483.25 5320.79 4470.33 5331.54 4464.71 5371.03 4464.16 5396.02 4479.91 5403.54 4487.60 5382.05 4511.85 5376.82 4515.83
8 1024.80 3237.06 998.68 3168.27 1010.93 3136.01 1030.01 3126.91 1068.00 3128.20 1094.40 3148.80 1060.69 3221.97 1034.72 3238.56
9 3318.97 4027.67 3310.98 4058.54 3271.59 4067.10 3234.88 4068.02 3218.90 4054.16 3227.97 4014.26 3239.65 3991.74 3254.56 3981.34 3278.39 3982.62
7 3147.79 277.61 3216.54 178.81 3292.95 197.70 3312.17 231.84 3323.80 316.38 3248.53 349.22 3195.73 314.10
9 5451.87 3614.65 5417.84 3610.14 5396.16 3566.06 5395.10 3560.35 5406.02 3534.12 5444.48 3521.16 5465.91 3524.18 5473.90 3561.62 5469.96 3607.73
9 670.42 508.67 624.40 464.26 627.75 456.99 642.80 439.78 668.28 420.95 719.36 451.76 719.95 478.19 718.01 483.01 703.28 505.05
9 2337.39 5135.48 2310.95 5191.86 2261.65 5181.77 2252.97 5166.43 2252.09 5144.79 2276.34 5101.58 2279.57 5101.74 2310.12 5104.71 2324.63 5106.90
8 1591.17 4752.94 1502.03 4724.16 1512.50 4689.08 1520.24 4666.86 1522.54 4662.59 1583.17 4664.95 1619.94 4677.53 1625.18 4707.54
11 5600.05 4187.49 5585.12 4154.02 5592.48 4138.93 5611.68 4122.93 5618.28 4119.04 5636.74 4125.68 5657.57 4134.77 5661.58 4163.04 5649.23 4175.08 5631.11 4182.68 5625.70 4183.96
9 4759.27 4678.80 4709.55 4604.49 4765.67 4550.25 4791.33 4544.30 4814.61 4553.78 4864.47 4590.26 4865.75 4623.71 4855.51 4645.88 4826.47 4672.46
9 1373.76 285.20 1369.07 265.63 1413.42 207.37 1421.20 205.90 1445.11 208.61 1464.87 216.48 1496.11 244.23 1493.14 292.57 1422.34 331.92
7 2085.76 4969.81 2130.70 5076.46 2121.51 5095.08 2047.95 5088.52 1994.02 5082.46 2001.91 4996.66 2018.40 4969.97
10 1825.90 966.17 1798.95 915.80 1822.36 877.26 1823.60 876.95 1852.32 874.68 1895.23 896.54 1896.15 905.23 1898.31 925.91 1897.05 951.86 1852.53 962.05
8 364.17 4226.38 356.20 4204.98 377.32 4175.61 382.50 4168.61 386.29 4169.41 440.32 4203.11 436.94 4228.42 395.22 4262.47
8 1147.04 1759.86 1126.70 1607.84 1143.30 1600.68 1213.63 1602.10 1259.52 1624.76 1269.44 1651.94 1277.37 1715.01 1275.74 1729.33
9 1474.12 3754.03 1500.61 3717.50 1535.64 3711.87 1541.41 3720.22 1549.81 3736.73 1556.65 3753.86 1549.08 3765.71 1519.33 3785.04 1499.11 3776.09
11 1045.09 4983.16 1024.60 4928.26 1055.10 4904.64 1082.12 4904.47 1093.02 4908.85 1118.53 4930.46 1120.08 4938.98 1118.09 4962.68 1113.10 4997.28 1100.47 5012.21 1065.76 5020.74
8 736.12 5051.83 694.16 5049.50 683.42 5030.04 680.98 4957.76 713.19 4939.35 741.86 4947.47 775.80 4971.71 744.09 5041.39
11 1525.79 3194.22 1464.65 3119.38 1480.46 3070.11 1484.73 3063.97 1499.34 3050.82 1528.69 3039.82 1562.84 3056.37 1619.79 3099.84 1612.41 3149.55 1611.61 3152.96 1576.16 3180.58
7 5297.38 4833.04 5269.97 4796.85 5277.77 4780.84 5306.55 4775.31 5354.73 4797.88 5348.57 4821.13 5301.15 4832.20
9 5599.40 4701.04 5591.25 4744.51 5506.92 4749.07 5494.65 4734.40 5497.86 4701.56 5503.20 4677.53 5522.24 4661.88 5579.89 4658.49 5598.05 4685.31
9 833.81 651.29 851.00 605.27 863.26 593.01 897.76 585.31 930.97 633.10 932.43 672.25 893.06 693.97 864.14 701.85 835.70 679.99
7 3995.24 3015.50 3981.91 2962.31 3990.80 2950.44 4045.01 2939.06 4063.05 2948.99 4062.41 2971.75 4031.29 3037.56
7 4844.24 4914.53 4852.04 4788.54 4918.30 4829.77 4919.57 4882.13 4898.89 4939.16 4848.34 4940.36 4845.65 4923.77
7 2152.43 4962.25 2076.04 4921.35 2078.30 4913.14 2120.95 4862.90 2167.63 4870.37 2188.08 4924.25 2178.33 4950.78
11 3982.58 4921.04 3918.35 4853.91 3957.93 4797.42 4006.72 4797.69 4052.71 4814.87 4058.77 4818.28 4067.08 4832.64 4057.88 4858.31 4051.25 4872.52 4020.24 4912.11 4001.04 4917.43
6 3616.27 1552.28 3604.88 1606.45 3540.80 1582.67 3539.30 1578.30 3557.96 1530.48 3600.55 1519.56
10 3168.76 2013.40 3213.28 2033.35 3209.68 2088.07 3207.53 2090.17 3192.69 2097.49 3156.70 2099.07 3127.10 2090.64 3129.08 2051.80 3131.80 2034.17 3142.58 2022.35
7 5202.06 3422.19 5211.67 3382.18 5259.24 3390.19 5265.59 3422.24 5256.91 3436.07 5250.57 3443.93 5216.90 3449.60
9 1966.03 4147.15 1999.49 4065.15 2048.02 4083.43 2088.11 4133.76 2088.66 4145.20 2075.90 4156.47 2043.42 4163.54 2011.99 4170.19 1977.67 4175.72
10 1425.41 5622.95 1400.04 5562.06 1415.84 5524.22 1448.36 5514.34 1475.08 5515.93 1503.96 5530.01 1521.69 5563.76 1510.94 5594.79 1462.77 5645.52 1445.45 5644.43
11 3247.65 4719.02 3220.80 4667.05 3221.22 4651.03 3221.57 4647.27 3284.63 4601.41 3311.20 4596.38 3332.40 4602.82 3383.18 4638.52 3364.19 4688.42 3327.63 4741.08 3278.65 4752.51
8 2176.85 5329.55 2147.11 5285.09 2162.29 5245.88 2171.60 5230.03 2229.96 5233.67 2263.28 5244.50 2220.75 5329.04 2211.40 5346.41
7 3096.13 3938.18 3121.83 3979.75 3082.06 4010.99 3052.21 3996.63 3046.78 3977.47 3064.81 3947.84 3071.15 3944.67
6 1967.11 5867.99 1932.41 5781.99 1986.78 5759.17 2014.61 5807.56 2017.29 5827.85 1979.82 5862.45
8 3830.72 1102.83 3856.48 1031.83 3886.11 1012.37 3911.40 1021.70 3929.39 1072.69 3917.57 1124.59 3884.81 1149.40 3845.80 1158.77
9 341.05 1496.27 397.13 1424.78 440.40 1443.27 449.87 1449.53 474.33 1496.16 489.35 1568.40 467.96 1583.69 432.09 1594.87 348.59 1550.50
6 3512.98 889.03 3486.90 857.82 3498.59 833.55 3540.50 820.28 3562.62 836.50 3539.32 878.94
10 4216.37 2964.33 4202.11 2899.87 4227.57 2854.25 4235.24 2849.21 4278.80 2855.04 4337.03 2873.66 4348.88 2882.71 4346.11 2917.43 4282.50 2988.36 4272.13 2993.42
