Medium_250_A
600.81 2876.93
2453.62 4836.24
4 0.00 0.00 6400.00 0.00 6400.00 6400.00 0.00 6400.00
250
5 3545.37 3187.60 3597.39 3279.82 3562.09 3301.36 3524.03 3266.23 3539.30 3208.78
11 1066.83 2617.94 1086.73 2660.34 1069.46 2688.33 1046.67 2714.54 1028.75 2729.32 994.27 2732.68 962.83 2721.76 951.11 2711.54 939.25 2669.56 952.46 2642.76 953.82 2640.98
10 2192.72 4089.39 2194.34 4056.42 2209.16 4027.34 2332.54 4032.90 2335.53 4039.29 2340.71 4068.29 2345.07 4097.11 2306.45 4133.69 2272.33 4152.23 2226.60 4127.08
7 5437.86 5168.01 5409.65 5194.31 5368.52 5187.10 5351.14 5162.59 5355.72 5119.66 5389.62 5107.79 5407.60 5127.39
9 3049.35 485.00 3040.59 433.16 3066.46 380.67 3078.45 373.35 3113.40 366.11 3144.77 371.92 3171.70 405.27 3152.87 471.58 3102.15 510.31
8 1438.67 2370.83 1471.94 2318.71 1476.51 2319.05 1510.04 2343.68 1538.50 2382.17 1507.19 2412.72 1495.81 2411.97 1461.10 2390.15
12 1422.02 5803.41 1402.67 5850.23 1349.80 5851.40 1319.77 5847.13 1295.76 5839.30 1295.35 5832.18 1294.79 5795.18 1309.99 5776.72 1354.12 5756.89 1398.49 5763.26 1407.12 5764.96 1417.83 5779.53
7 5548.46 4652.04 5604.23 4540.90 5674.33 4567.09 5683.32 4626.81 5656.13 4673.66 5634.89 4687.09 5593.17 4680.03
7 2407.39 3542.04 2455.18 3586.06 2431.44 3642.33 2395.75 3658.42 2346.21 3625.69 2346.34 3605.55 2349.78 3572.98
10 2587.32 3219.17 2608.02 3148.17 2650.47 3129.49 2689.95 3142.50 2722.96 3154.37 2731.16 3233.00 2689.85 3282.70 2663.67 3290.32 2640.52 3284.86 2590.78 3230.05
7 5158.74 4176.75 5119.16 4157.87 5119.44 4122.92 5175.10 4092.83 5193.97 4110.35 5203.73 4133.71 5180.52 4160.02
9 1340.32 3675.72 1353.75 3658.02 1383.84 3654.57 1394.10 3679.68 1398.06 3692.45 1402.10 3705.62 1386.62 3737.78 1346.22 3718.90 1343.95 3711.63
12 125.56 2000.26 140.46 1964.40 147.08 1960.05 175.12 1949.87 187.94 1951.35 197.94 1952.72 214.75 1982.71 210.54 1998.28 204.39 2018.63 192.18 2019.55 157.07 2015.24 145.77 2013.20
9 5178.72 5967.86 5218.14 6022.37 5215.87 6036.59 5183.01 6067.82 5151.64 6068.93 5135.27 6051.72 5113.78 6003.72 5117.48 5996.45 5148.23 5965.74
9 4590.68 4786.83 4601.97 4732.12 4612.47 4709.92 4647.29 4710.32 4672.29 4713.14 4722.09 4762.71 4698.58 4814.77 4663.92 4844.65 4604.38 4826.51
6 3744.55 5580.76 3667.46 5632.79 3606.77 5563.91 3598.61 5493.28 3653.33 5463.26 3723.48 5500.11
8 2157.08 3673.49 2127.61 3714.73 2042.03 3698.86 2033.79 3679.69 2039.21 3667.32 2100.07 3603.13 2134.06 3605.93 2150.91 3640.47
9 750.27 1682.05 752.55 1599.47 852.94 1538.95 900.98 1569.85 902.97 1593.35 903.51 1619.15 898.52 1686.14 824.08 1720.20 764.24 1695.12
8 1929.60 1868.80 1938.87 1827.87 1972.32 1781.31 2023.26 1800.57 2056.80 1843.81 2056.48 1851.81 2011.26 1907.85 1960.59 1884.64
9 1947.74 6153.86 1935.20 6134.36 1995.52 6078.33 2043.51 6069.74 2068.02 6085.65 2081.41 6109.85 2093.01 6161.51 2061.56 6228.27 2003.72 6238.10
7 4880.25 2011.10 4810.39 1961.42 4825.57 1916.84 4861.20 1899.57 4918.69 1880.70 4945.88 1926.18 4960.03 1970.73
7 6255.16 543.42 6219.80 575.24 6177.86 540.89 6177.42 540.51 6174.79 520.82 6206.59 489.94 6248.85 505.66
11 1760.61 3193.25 1729.80 3111.52 1742.03 3086.16 1753.83 3066.05 1788.88 3049.03 1848.42 3051.60 1892.43 3065.68 1917.36 3119.30 1898.15 3159.02 1877.13 3195.69 1799.51 3206.82
10 2689.63 776.39 2646.64 826.16 2620.97 821.14 2599.42 801.25 2597.98 784.39 2603.62 736.73 2623.73 725.65 2634.49 719.98 2675.65 736.67 2689.53 756.25
7 3606.10 5782.87 3548.19 5862.87 3535.33 5853.20 3533.79 5847.08 3516.85 5761.33 3539.54 5746.54 3585.57 5757.81
12 5767.35 275.71 5814.89 262.67 5835.72 279.80 5873.95 315.20 5887.92 358.03 5888.50 360.61 5862.92 415.55 5834.95 422.45 5794.42 431.69 5761.67 406.17 5727.39 366.37 5745.36 310.20
10 5878.06 2410.30 5921.81 2437.94 5919.42 2465.12 5900.41 2496.77 5867.11 2535.20 5819.23 2536.61 5800.92 2501.89 5804.91 2483.15 5823.87 2440.58 5849.49 2418.10
10 4567.24 2614.09 4609.40 2568.43 4630.29 2551.48 4699.01 2609.12 4703.93 2634.77 4695.71 2662.00 4679.56 2667.25 4605.76 2674.08 4583.59 2647.93 4574.33 2635.99
9 2700.21 913.34 2678.52 877.27 2686.08 863.82 2709.84 837.92 2728.69 837.54 2767.93 863.96 2768.83 891.03 2754.57 911.01 2718.79 935.23
9 3057.69 785.24 3045.84 827.10 2995.87 835.01 2974.24 817.33 2973.38 806.69 2986.32 755.06 3013.87 743.47 3032.37 743.84 3037.08 744.15
9 977.09 671.59 939.78 656.65 947.95 621.62 958.30 586.64 959.45 584.11 986.70 589.81 995.15 597.72 1005.93 608.61 1012.47 642.92
7 1825.06 1606.03 1816.04 1573.89 1825.37 1565.70 1874.84 1568.65 1910.12 1574.40 1907.60 1599.56 1871.90 1642.76
9 1486.52 1422.61 1418.34 1406.12 1406.37 1363.74 1402.19 1322.57 1415.28 1290.46 1458.06 1267.42 1524.10 1303.47 1556.43 1334.99 1537.94 1381.94
7 1881.73 859.70 1810.53 863.11 1800.74 824.46 1791.92 777.76 1859.95 734.02 1898.56 754.61 1895.13 806.57
7 3214.23 5673.28 3181.61 5735.29 3045.87 5730.09 3026.40 5635.74 3064.63 5582.74 3154.53 5620.91 3201.59 5648.30
11 5689.06 1787.97 5683.59 1709.88 5699.61 1682.73 5732.25 1672.77 5782.79 1709.16 5792.55 1719.86 5802.06 1751.34 5796.40 1770.73 5787.12 1791.79 5750.98 1817.39 5713.50 1804.52
8 691.35 678.39 731.12 606.98 773.13 606.87 784.75 611.12 802.95 715.67 765.11 727.99 725.96 734.76 713.07 720.29
7 5237.08 4635.39 5248.42 4578.57 5350.53 4564.78 5355.32 4590.02 5268.78 4648.40 5251.36 4658.58 5240.86 4646.84
9 2781.47 6107.46 2733.43 6080.23 2737.90 6044.97 2755.07 6028.88 2778.65 6026.59 2789.80 6027.90 2827.30 6061.82 2821.74 6075.92 2797.99 6115.96
9 4153.80 1665.16 4223.01 1558.58 4270.67 1571.49 4297.18 1588.98 4313.69 1637.94 4317.65 1652.75 4320.20 1693.47 4250.06 1736.93 4183.62 1710.68
9 2543.06 5070.13 2518.22 5101.27 2484.44 5094.80 2473.90 5061.66 2481.71 5042.16 2485.16 5039.51 2518.38 5023.14 2534.54 5043.58 2540.43 5055.81
8 3708.58 3131.53 3729.39 3172.02 3717.44 3226.27 3705.95 3242.76 3665.25 3254.64 3631.47 3245.69 3612.08 3148.28 3626.70 3127.64
8 1793.65 1824.20 1821.51 1890.55 1777.08 1956.34 1721.16 1964.25 1673.31 1932.72 1631.53 1857.57 1685.73 1844.00 1745.98 1829.85
11 2435.76 368.45 2435.81 315.44 2446.64 287.06 2466.39 252.65 2506.66 261.07 2536.03 269.60 2550.64 309.97 2543.93 337.83 2495.57 384.99 2474.41 390.97 2448.15 379.27
10 4751.88 1718.46 4729.87 1669.69 4748.45 1639.83 4764.39 1620.73 4837.55 1638.43 4851.87 1672.60 4865.13 1708.13 4847.73 1726.80 4820.91 1739.35 4788.86 1748.77
10 835.00 4566.05 878.28 4519.25 895.71 4514.69 951.75 4510.04 984.80 4547.83 992.87 4573.85 996.36 4585.93 954.58 4615.39 921.93 4633.98 845.39 4589.75
9 4009.06 1135.10 3976.90 1089.43 4011.61 1047.20 4047.97 1026.98 4084.97 1031.93 4093.33 1067.96 4089.75 1116.32 4078.45 1130.49 4052.12 1146.65
9 4010.69 3274.74 4037.59 3202.88 4063.91 3208.27 4080.89 3213.35 4144.71 3236.65 4113.50 3308.13 4060.47 3324.07 4043.83 3320.26 4027.05 3297.44
10 4936.43 600.90 4972.66 593.37 5032.63 660.13 5033.01 707.52 5024.93 716.33 4972.52 748.56 4905.63 720.49 4884.46 654.31 4895.37 641.09 4917.46 618.81
8 679.86 911.68 698.33 939.03 680.98 969.47 608.20 999.04 599.75 988.69 581.31 922.75 640.42 909.13 660.20 909.21
11 2355.61 849.07 2328.42 805.93 2331.76 790.98 2368.17 757.23 2395.83 766.69 2419.72 777.85 2433.62 798.71 2431.45 810.08 2423.28 835.57 2407.39 855.87 2387.66 857.23
8 1942.80 1959.21 1981.87 2008.05 1980.69 2022.78 1959.94 2060.76 1912.55 2072.72 1885.60 2058.29 1867.97 2026.19 1895.18 1995.49
9 4381.01 6109.25 4392.35 6064.09 4445.86 6057.92 4454.40 6080.56 4454.26 6108.51 4453.24 6116.77 4423.11 6140.49 4386.06 6136.68 4381.42 6123.69
7 1435.92 3465.31 1473.29 3390.40 1535.15 3426.21 1566.85 3447.42 1545.38 3505.31 1502.39 3520.34 1490.75 3510.98
11 2764.65 5784.63 2728.50 5762.80 2727.69 5760.63 2721.61 5737.23 2727.95 5715.40 2772.85 5693.06 2806.40 5695.79 2812.41 5703.69 2821.45 5731.06 2814.43 5752.95 2793.48 5781.11
9 1329.37 2078.64 1310.73 2108.27 1252.19 2095.55 1231.32 2076.36 1241.13 2030.72 1274.76 2013.91 1278.70 2014.57 1318.26 2031.54 1328.62 2069.94
7 5513.89 3598.87 5527.94 3530.91 5580.74 3563.18 5602.52 3590.20 5585.12 3597.59 5556.81 3605.60 5532.53 3607.44
10 2582.32 644.79 2557.11 632.49 2553.99 620.09 2553.69 592.11 2585.17 577.51 2615.34 576.32 2628.22 594.88 2629.84 607.63 2622.53 634.17 2603.52 643.54
8 6154.30 3451.31 6144.84 3570.58 6132.78 3587.51 6110.33 3590.56 6075.58 3566.33 6041.52 3504.21 6070.07 3469.01 6112.32 3443.74
9 5158.65 4552.55 5137.98 4502.28 5162.68 4468.96 5248.16 4441.82 5260.05 4451.96 5288.72 4488.73 5278.47 4521.18 5226.39 4584.73 5182.88 4565.84
8 6092.66 2012.72 6108.02 1916.16 6162.12 1905.82 6190.37 1926.27 6204.59 1976.33 6203.82 2004.61 6198.36 2007.93 6143.67 2036.89
8 4404.29 1001.15 4465.20 1050.62 4439.79 1116.93 4395.29 1121.49 4374.18 1117.44 4345.88 1071.33 4365.44 1041.99 4396.43 1005.53
7 3025.97 176.47 3055.31 84.51 3119.93 91.17 3156.74 107.97 3168.80 156.22 3136.60 211.89 3106.16 242.71
7 4316.75 3179.99 4336.36 3209.77 4331.54 3227.30 4300.38 3248.17 4285.11 3242.99 4255.72 3209.98 4289.99 3192.63
5 2717.31 4611.38 2658.65 4561.40 2663.89 4509.85 2759.62 4546.51 2743.06 4575.39
10 4341.54 5748.29 4362.38 5713.08 4389.27 5715.88 4398.45 5724.92 4415.29 5754.55 4410.60 5760.50 4392.89 5781.03 4383.20 5787.85 4370.51 5790.84 4345.60 5779.83
11 2002.79 2355.53 1978.34 2330.93 1971.12 2317.72 1967.73 2303.91 1987.81 2281.93 2017.22 2279.60 2031.82 2283.72 2047.30 2314.98 2047.38 2319.61 2035.69 2337.13 2010.11 2355.22
9 6176.99 3506.85 6232.53 3465.22 6236.03 3464.70 6266.86 3491.68 6274.36 3515.23 6268.54 3533.80 6221.86 3557.11 6213.95 3552.06 6183.84 3526.86
9 424.84 1239.37 497.73 1298.71 452.81 1388.80 441.85 1391.99 422.43 1387.17 364.83 1357.50 360.43 1347.44 384.46 1260.13 405.73 1246.70
6 296.46 4049.58 230.76 4153.98 223.57 4152.22 171.17 4097.41 170.16 4063.02 183.84 3984.12
8 670.94 1414.75 688.48 1463.46 684.65 1504.72 675.46 1513.81 644.43 1525.64 627.22 1524.96 581.43 1432.73 617.24 1416.62
10 209.36 4974.88 223.30 4965.88 281.62 4975.43 317.65 5072.02 239.55 5127.72 221.50 5126.86 209.55 5123.98 176.46 5092.52 159.96 5048.88 169.99 5030.01
6 3065.91 1902.10 3056.23 1823.27 3100.15 1812.73 3124.91 1834.27 3128.04 1864.17 3119.14 1896.18
9 1487.58 617.34 1411.70 597.40 1408.14 569.78 1407.63 501.75 1455.58 478.96 1510.85 491.90 1538.42 543.77 1534.03 564.32 1529.75 574.63
8 1474.43 5867.59 1508.93 5846.59 1551.62 5861.46 1577.18 5886.05 1561.13 5912.33 1537.16 5937.10 1487.32 5942.21 1481.70 5935.48
6 837.28 5075.15 852.05 5006.99 910.26 4975.56 931.74 5004.34 946.45 5101.25 918.04 5108.69
8 3241.34 270.92 3205.66 229.30 3241.42 196.59 3258.14 186.04 3296.00 201.63 3322.86 222.07 3321.48 250.07 3289.89 277.41
7 1961.07 5178.12 1921.90 5144.28 1924.72 5099.38 1956.47 5054.32 2029.69 5089.22 2034.78 5123.47 1993.36 5155.55
6 5290.69 5857.09 5272.01 5948.49 5228.47 5942.00 5199.45 5897.05 5195.25 5841.68 5245.05 5821.20
7 1427.11 3348.35 1421.58 3281.74 1426.30 3267.49 1490.42 3286.47 1508.50 3300.16 1500.43 3327.02 1462.92 3351.49
12 4858.24 4756.08 4860.12 4737.36 4901.42 4717.30 4915.80 4710.54 4933.65 4731.95 4944.25 4759.74 4951.09 4791.03 4925.15 4815.01 4911.56 4810.82 4884.38 4796.59 4872.04 4786.66 4862.65 4775.17
7 980.58 1797.02 926.27 1721.90 950.77 1680.22 1052.98 1654.02 1067.46 1679.13 1060.47 1754.07 1037.31 1794.76
7 2797.45 2573.32 2877.05 2627.76 2864.83 2656.70 2850.02 2680.31 2762.33 2705.83 2743.22 2702.77 2747.73 2578.44
7 4514.05 5304.26 4569.88 5336.49 4553.48 5341.81 4502.52 5355.81 4488.54 5346.80 4480.15 5339.74 4480.93 5334.83
9 3919.47 3757.74 3928.13 3734.62 3969.05 3706.26 4001.88 3719.99 4038.48 3747.56 4012.54 3790.42 3990.81 3796.95 3986.67 3797.71 3978.77 3795.36
9 1835.79 1018.09 1823.67 975.97 1837.81 965.01 1850.29 957.94 1875.42 943.72 1901.38 951.21 1918.28 984.09 1897.15 1024.93 1875.64 1040.15
12 3591.15 3890.99 3586.56 3871.12 3591.68 3863.60 3594.78 3859.54 3629.87 3841.31 3634.66 3842.32 3659.24 3862.35 3655.30 3889.19 3653.35 3896.14 3651.47 3899.29 3645.71 3902.27 3612.92 3899.94
8 4030.90 3524.85 4042.05 3440.84 4111.14 3451.97 4148.38 3475.16 4166.27 3504.12 4157.10 3533.78 4144.75 3548.27 4085.70 3591.48
9 4852.06 2888.63 4870.27 2795.52 4979.39 2802.28 4991.76 2833.98 5006.05 2882.37 4956.65 2914.51 4926.09 2931.72 4902.26 2927.73 4861.26 2918.80
9 5927.23 1159.52 6026.89 1186.76 6024.90 1214.23 6013.35 1274.27 6003.87 1280.51 5960.77 1265.94 5906.61 1207.46 5902.16 1197.63 5904.71 1180.47
7 2364.39 3356.51 2325.70 3372.67 2302.40 3359.78 2300.27 3327.08 2302.34 3321.11 2314.06 3299.84 2362.54 3318.96
9 4170.99 987.24 4174.07 955.11 4182.35 940.86 4252.80 961.75 4268.75 972.43 4241.37 990.10 4227.92 996.95 4209.27 997.82 4189.30 998.48
10 2664.91 377.10 2658.37 346.17 2683.04 330.52 2700.13 329.54 2717.91 340.48 2728.83 347.28 2731.59 360.06 2711.30 388.74 2693.72 401.98 2684.61 402.64
10 554.22 5942.78 550.28 5925.22 557.21 5875.65 564.31 5872.85 652.26 5870.50 675.95 5917.11 669.49 5938.25 657.26 5971.54 609.15 5974.00 595.45 5974.49
8 1642.66 2282.34 1654.53 2242.77 1677.92 2243.05 1697.92 2244.36 1710.86 2250.01 1717.90 2303.66 1697.59 2320.56 1662.84 2306.34
12 1675.45 4710.53 1678.18 4702.99 1709.95 4671.01 1722.64 4675.84 1723.21 4676.49 1749.58 4714.44 1753.42 4722.69 1752.94 4728.31 1727.00 4759.53 1705.18 4750.56 1702.06 4748.17 1681.65 4729.33
6 2323.77 3120.23 2350.86 3099.05 2391.16 3125.96 2372.93 3167.17 2347.38 3170.54 2327.97 3142.55
7 2270.09 3024.31 2335.81 3053.14 2315.10 3104.63 2295.77 3130.97 2273.41 3132.81 2250.08 3088.74 2260.81 3041.31
10 3325.34 2408.69 3275.28 2387.66 3255.09 2346.90 3253.25 2316.25 3268.83 2280.72 3328.69 2260.06 3365.24 2276.70 3397.18 2350.54 3395.53 2358.66 3368.40 2379.89
9 4262.51 2790.08 4193.57 2768.46 4211.61 2673.99 4223.02 2662.99 4266.54 2670.10 4283.02 2674.36 4306.05 2705.64 4319.83 2735.72 4297.01 2770.77
9 1755.11 5763.71 1753.64 5754.74 1754.70 5739.29 1762.49 5729.18 1775.88 5726.26 1824.62 5734.40 1822.44 5759.80 1817.75 5778.36 1788.52 5792.80
8 989.69 1157.49 951.35 1258.47 864.52 1231.83 847.32 1191.33 850.44 1166.87 853.86 1144.48 902.57 1096.70 975.73 1133.31
7 2558.43 4029.52 2521.28 4003.56 2521.96 3975.97 2544.31 3956.84 2581.86 3959.73 2595.31 3973.74 2588.73 4018.27
9 2114.69 2512.78 2068.21 2445.08 2106.91 2405.41 2128.86 2394.43 2180.78 2416.80 2187.44 2421.38 2194.48 2434.82 2177.69 2484.88 2129.82 2514.98
9 2847.07 1320.25 2826.53 1264.86 2872.72 1216.57 2947.89 1228.20 2973.49 1267.52 2984.17 1316.81 2916.26 1362.35 2892.62 1373.94 2861.97 1338.24
10 5216.95 1928.78 5145.04 1883.82 5165.70 1803.14 5176.30 1779.76 5186.33 1775.80 5233.26 1758.42 5253.94 1755.39 5293.86 1782.05 5316.22 1892.90 5248.30 1922.06
9 2063.84 1979.20 2112.89 1938.69 2137.51 1944.47 2166.95 1979.14 2154.90 2023.52 2143.34 2041.17 2123.28 2044.77 2095.80 2040.03 2067.71 2027.51
9 2092.82 4370.19 2109.51 4333.30 2123.71 4318.90 2137.72 4321.52 2176.04 4366.94 2175.28 4371.24 2172.70 4378.26 2128.18 4384.71 2095.85 4380.61
6 5324.07 1032.37 5355.41 1118.28 5340.15 1143.17 5322.42 1170.81 5240.54 1139.99 5249.75 1037.88
9 105.14 5882.27 142.73 5816.67 238.79 5855.13 254.66 5868.75 264.75 5893.20 267.01 5942.86 175.48 5972.24 144.55 5951.64 110.11 5901.33
7 658.72 2288.14 684.52 2410.54 651.53 2448.38 593.93 2399.54 582.02 2388.26 592.52 2318.95 616.37 2301.85
6 1415.22 5211.31 1446.84 5149.19 1511.50 5156.71 1514.65 5173.32 1514.91 5228.16 1467.42 5236.05
7 3435.82 4722.58 3402.60 4692.14 3406.33 4634.55 3437.76 4630.23 3487.29 4643.69 3508.52 4669.87 3499.83 4698.67
11 3571.92 4708.30 3600.83 4676.69 3647.31 4680.74 3703.54 4703.39 3706.35 4717.97 3698.34 4754.44 3685.83 4770.23 3655.44 4792.18 3617.80 4794.09 3581.62 4771.14 3576.46 4757.03
9 3706.14 2474.86 3688.53 2436.40 3696.57 2412.96 3741.71 2403.33 3762.79 2405.32 3775.16 2411.57 3791.62 2454.94 3781.33 2472.73 3748.78 2498.59
8 5171.80 4212.88 5224.11 4155.47 5262.46 4146.32 5268.95 4151.31 5291.72 4231.81 5263.89 4252.62 5200.47 4264.95 5183.27 4236.92
10 5882.22 5064.59 5919.48 5048.95 5995.25 5061.52 5997.56 5146.76 5996.15 5188.31 5945.99 5201.88 5908.88 5204.91 5881.84 5179.80 5861.80 5119.45 5864.70 5111.48
7 3583.72 2064.62 3626.42 2089.18 3618.28 2142.15 3543.76 2202.75 3504.46 2187.25 3477.66 2108.49 3530.15 2074.33
8 4980.08 5931.44 4951.22 5846.00 4966.55 5806.08 5058.99 5816.90 5083.42 5859.26 5091.59 5878.21 5059.89 5910.23 4999.23 5931.83
7 4548.74 3099.49 4549.89 3169.97 4529.01 3239.35 4423.23 3235.19 4392.36 3188.24 4403.76 3126.05 4470.21 3106.28
6 5187.82 5776.88 5087.09 5739.57 5087.51 5700.64 5116.01 5660.24 5127.37 5663.65 5193.53 5684.63
6 1250.27 4976.30 1244.58 5046.66 1189.78 5028.05 1172.46 5022.03 1150.32 5003.59 1185.99 4964.90
12 4642.38 2399.34 4693.35 2390.97 4705.55 2394.63 4718.33 2402.13 4723.36 2417.75 4724.51 2441.95 4722.79 2458.13 4683.34 2481.12 4656.06 2487.09 4638.11 2461.90 4636.89 2457.67 4638.58 2412.06
11 3272.59 5279.75 3299.15 5251.17 3341.08 5237.45 3402.55 5291.33 3414.44 5353.94 3379.79 5374.38 3340.72 5387.38 3327.05 5386.90 3313.73 5376.96 3303.99 5360.85 3275.48 5311.24
9 772.75 5631.05 785.91 5614.96 818.18 5591.24 846.23 5611.24 860.51 5645.91 837.78 5669.73 784.69 5679.87 774.73 5656.51 773.76 5646.69
10 5558.40 1122.15 5528.97 1076.63 5563.38 1051.96 5622.09 1044.89 5672.33 1053.99 5699.34 1086.78 5695.71 1103.96 5678.52 1145.63 5671.47 1153.59 5643.71 1159.46
10 1635.95 3264.54 1645.74 3357.49 1628.78 3390.08 1595.37 3383.64 1553.78 3359.44 1532.98 3309.06 1538.44 3296.88 1557.06 3279.65 1578.10 3266.31 1579.13 3265.77
7 200.52 360.11 226.20 468.38 171.50 488.81 151.55 486.66 111.75 464.29 122.84 381.48 138.93 376.98
8 2509.93 1978.44 2460.14 2015.99 2431.21 2014.44 2395.83 1968.98 2374.51 1918.65 2377.17 1914.17 2405.27 1894.18 2420.41 1900.57
8 2602.15 2913.09 2663.97 2941.36 2655.63 3039.66 2624.84 3058.37 2556.20 3064.39 2529.15 3017.79 2533.43 3004.73 2569.51 2922.33
8 6188.32 5687.45 6234.32 5649.30 6297.88 5667.56 6305.98 5700.74 6304.08 5739.26 6288.46 5762.23 6233.28 5773.11 6188.70 5719.40
8 959.23 1989.33 849.83 2018.82 825.57 1999.27 807.05 1944.00 823.64 1883.98 854.47 1862.60 912.74 1863.89 944.17 1911.01
9 2110.78 1171.02 2093.53 1216.00 2052.03 1226.66 2031.97 1226.08 2014.65 1197.65 2017.08 1172.93 2039.54 1144.00 2077.55 1148.57 2104.19 1155.61
6 5160.22 2829.25 5114.98 2768.38 5135.27 2745.70 5222.86 2724.32 5222.21 2807.43 5187.49 2827.80
9 444.35 4085.86 474.47 4133.87 472.02 4148.02 435.55 4175.16 426.71 4180.25 401.55 4155.46 394.63 4127.71 388.98 4103.43 403.79 4086.64
9 5278.66 3069.65 5240.76 3006.78 5249.60 2992.09 5283.23 2966.95 5309.78 2959.34 5340.00 2976.44 5336.90 3015.47 5329.58 3056.07 5298.98 3065.97
8 1278.64 5994.93 1375.60 5947.28 1431.80 5986.49 1457.16 6017.60 1423.74 6095.80 1400.00 6103.99 1346.35 6097.95 1319.54 6092.11
8 473.56 3833.23 525.78 3798.02 573.46 3831.48 612.64 3874.51 593.90 3905.76 548.60 3944.42 501.64 3937.08 479.22 3912.07
8 6019.99 339.38 6041.07 287.86 6086.83 308.78 6092.04 318.85 6105.99 348.37 6092.86 359.06 6040.72 355.26 6038.99 354.12
10 1632.58 780.99 1631.92 708.39 1652.17 693.69 1693.02 673.83 1740.47 669.90 1751.10 681.36 1765.72 736.30 1764.29 821.47 1753.31 823.86 1667.31 839.84
6 822.79 2902.78 787.07 2851.39 850.05 2823.48 856.50 2829.39 867.86 2862.91 855.93 2890.48
10 6129.24 1367.21 6132.77 1404.17 6115.39 1448.37 6115.12 1448.52 6063.38 1455.29 6041.43 1429.58 6042.08 1395.08 6054.44 1375.33 6071.77 1356.88 6093.07 1355.50
11 4302.23 2861.82 4263.89 2933.86 4208.61 2952.91 4187.78 2945.87 4172.01 2936.99 4139.34 2896.61 4132.29 2864.79 4177.67 2827.65 4229.85 2793.30 4242.39 2798.73 4279.73 2827.75
7 5556.39 5026.18 5606.44 5047.44 5597.05 5080.41 5594.30 5082.99 5558.23 5088.49 5540.43 5075.87 5550.30 5037.32
11 4813.89 5405.74 4816.86 5371.75 4842.67 5362.36 4870.08 5360.76 4888.50 5371.36 4895.16 5384.04 4898.28 5392.02 4900.74 5404.77 4880.91 5438.68 4872.98 5445.27 4821.02 5437.76
12 5642.32 3197.13 5705.28 3209.75 5715.90 3255.11 5716.83 3296.57 5708.21 3346.22 5654.74 3348.46 5583.60 3316.85 5567.37 3286.00 5578.53 3249.47 5605.41 3216.57 5612.39 3210.34 5628.22 3198.34
7 529.19 2056.17 473.92 2125.34 376.55 2097.78 354.65 2018.67 419.99 1964.59 473.37 1968.34 509.06 2022.63
9 5054.16 3445.64 5099.86 3481.36 5098.16 3505.71 5074.40 3539.82 5061.91 3546.36 5019.36 3525.47 5013.27 3487.50 5021.20 3459.13 5029.38 3453.12
7 1163.01 3411.02 1157.67 3438.14 1099.16 3444.96 1096.02 3423.63 1102.66 3392.61 1128.32 3365.64 1139.07 3366.72
7 3746.69 5039.19 3776.62 5052.01 3767.36 5104.57 3744.70 5125.19 3720.80 5122.25 3691.87 5077.60 3693.32 5067.66
10 5192.51 1607.12 5222.66 1563.60 5248.28 1566.39 5259.31 1578.81 5280.05 1603.66 5278.76 1609.05 5258.07 1657.60 5252.26 1656.67 5228.34 1652.05 5201.19 1645.77
8 2834.87 3324.80 2894.16 3438.64 2869.93 3465.78 2845.88 3478.16 2777.11 3466.57 2748.56 3395.03 2733.16 3345.89 2771.45 3315.90
9 4096.72 5481.14 4079.18 5522.10 4023.34 5519.36 4006.23 5509.38 4000.53 5502.08 4007.71 5463.21 4025.65 5450.15 4055.43 5436.57 4073.70 5443.13
6 4301.01 2562.68 4355.82 2626.44 4308.99 2638.91 4288.26 2636.56 4274.74 2591.60 4289.41 2574.25
9 851.51 4447.40 849.39 4418.20 858.88 4374.33 885.40 4341.94 946.46 4341.68 973.57 4369.82 988.71 4391.12 981.07 4430.73 914.73 4464.23
10 1996.15 698.95 1997.90 605.61 2067.04 600.85 2121.20 602.47 2166.35 613.61 2174.81 624.91 2171.73 673.64 2117.25 734.00 2087.06 737.85 2080.88 737.62
11 5951.11 4989.79 5947.76 4959.71 5962.63 4939.52 5972.43 4928.76 5998.13 4931.05 6016.06 4937.31 6026.59 4943.57 6019.40 4975.30 6013.97 4991.55 6007.73 5002.63 5998.22 5009.34
8 4295.07 232.08 4366.98 231.80 4389.55 293.23 4391.33 337.49 4342.13 354.92 4286.42 341.68 4259.19 317.15 4262.75 284.90
8 1774.14 1720.81 1793.17 1745.95 1790.90 1767.74 1758.53 1812.97 1731.80 1798.45 1720.38 1790.46 1700.76 1775.80 1730.73 1738.88
7 5834.38 4463.85 5849.90 4410.08 5892.61 4445.14 5927.91 4524.62 5930.18 4573.77 5850.23 4559.16 5846.32 4549.25
9 4909.27 230.11 4875.17 198.36 4892.86 172.02 4922.45 160.61 4952.53 179.47 4957.97 190.43 4960.60 197.44 4950.07 217.98 4939.67 221.09
10 1449.57 318.61 1431.77 349.91 1388.52 351.67 1379.90 349.06 1368.99 336.08 1365.80 325.65 1376.88 282.26 1388.00 275.33 1408.69 281.93 1444.74 297.38
8 6137.88 2937.76 6060.18 2990.87 6021.56 2987.55 5997.82 2960.06 5976.74 2871.77 6045.97 2835.63 6093.17 2837.57 6136.12 2903.12
8 2601.91 1881.50 2631.91 1849.54 2646.17 1852.06 2677.18 1877.00 2679.51 1887.23 2671.76 1893.47 2633.44 1907.35 2613.88 1894.09
7 845.31 764.08 878.09 816.90 855.59 851.30 830.82 876.10 749.58 846.97 772.54 782.50 801.70 770.61
9 613.50 5007.20 659.31 4979.24 674.41 4997.15 685.81 5057.48 672.99 5065.83 648.42 5071.74 597.59 5064.60 599.93 5046.15 604.44 5019.76
9 1927.50 4559.59 1921.12 4524.80 1921.72 4518.45 1924.83 4502.29 1948.97 4497.09 1967.86 4506.41 1990.52 4545.64 1974.24 4571.90 1934.14 4573.63
8 3918.05 639.88 3982.09 601.52 4017.01 634.43 4031.83 654.29 4028.46 688.31 3986.70 738.15 3949.09 730.97 3929.64 692.15
9 4158.06 4835.75 4120.18 4798.04 4121.75 4733.51 4156.86 4688.61 4178.32 4685.58 4224.60 4682.99 4263.50 4745.55 4244.90 4791.80 4207.59 4848.36
10 281.73 3386.69 313.73 3362.61 336.37 3370.05 348.46 3387.63 352.67 3417.92 338.45 3442.74 324.72 3449.51 277.80 3437.42 276.69 3403.65 277.26 3401.11
10 546.70 5253.81 545.57 5211.94 595.39 5188.14 629.56 5186.47 660.80 5215.50 666.71 5229.33 666.16 5268.27 663.95 5277.89 637.28 5302.27 597.74 5305.00
8 4807.65 3615.56 4838.77 3558.17 4888.40 3555.20 4912.53 3569.99 4915.23 3605.83 4910.12 3657.31 4856.68 3666.83 4828.20 3657.47
9 1319.83 5727.74 1287.66 5686.99 1289.36 5673.02 1344.36 5616.60 1402.67 5633.93 1410.35 5643.03 1405.68 5667.66 1396.41 5692.83 1365.57 5736.30
7 3885.56 5864.93 3869.45 5914.42 3823.21 5890.29 3821.54 5836.09 3845.62 5819.11 3866.47 5811.91 3877.16 5825.89
7 1092.54 5526.21 1111.98 5456.62 1184.97 5447.04 1254.08 5498.47 1241.47 5596.89 1195.44 5621.37 1102.03 5594.71
10 5844.82 1500.26 5841.59 1457.60 5858.03 1429.53 5899.75 1416.31 5932.57 1417.61 5972.42 1448.37 5969.13 1460.01 5938.18 1492.90 5900.48 1517.95 5869.98 1519.99
9 4652.75 1220.98 4689.85 1306.11 4687.05 1337.25 4651.88 1376.13 4616.30 1380.24 4550.72 1320.33 4547.23 1261.33 4556.66 1231.34 4592.49 1226.32
9 5425.32 1854.73 5424.88 1815.01 5441.60 1778.21 5477.45 1740.37 5510.20 1727.32 5515.76 1729.58 5576.77 1763.37 5545.62 1853.68 5487.59 1859.09
9 5107.23 488.34 5119.15 487.46 5134.93 490.07 5163.11 528.28 5141.20 557.51 5121.04 564.86 5098.90 556.28 5080.27 530.85 5089.93 508.01
8 5152.11 5440.40 5180.30 5479.15 5178.37 5517.77 5160.68 5539.52 5106.68 5543.60 5074.52 5495.11 5071.45 5474.60 5081.18 5447.86
8 693.21 3723.18 670.31 3689.33 673.10 3673.64 691.03 3633.96 746.78 3645.32 770.78 3660.90 755.27 3714.69 708.88 3729.11
13 608.61 3365.91 590.56 3322.42 590.65 3317.14 594.31 3309.88 610.40 3298.06 615.46 3295.21 632.42 3288.31 652.29 3286.48 660.51 3316.33 661.97 3330.22 661.53 3341.20 650.20 3362.87 626.13 3367.34
7 4301.23 4262.34 4361.81 4192.46 4449.73 4251.06 4436.13 4323.32 4404.33 4351.67 4349.51 4354.94 4304.72 4307.52
7 4346.59 1400.54 4408.01 1449.86 4342.13 1551.00 4316.26 1543.32 4259.85 1522.30 4269.30 1486.22 4286.49 1441.94
8 2489.11 6200.43 2489.26 6278.03 2471.91 6295.94 2391.00 6269.68 2379.33 6238.35 2422.40 6180.56 2445.18 6170.79 2474.66 6176.30
7 1185.32 3205.17 1207.44 3262.60 1198.96 3270.20 1149.55 3275.92 1133.02 3234.75 1126.28 3209.82 1158.55 3190.99
10 5024.86 1003.36 5013.66 937.39 5029.96 881.74 5037.02 881.54 5105.05 883.91 5133.34 916.41 5141.00 950.70 5117.39 988.44 5083.79 1011.45 5055.08 1011.37
7 5589.57 115.23 5596.35 154.00 5572.84 185.55 5530.66 186.22 5510.59 168.35 5509.65 134.58 5554.12 123.07
6 4629.70 4268.51 4614.32 4205.65 4620.58 4180.93 4680.27 4186.79 4674.66 4254.94 4669.64 4262.45
10 3612.21 1990.92 3572.62 1959.86 3608.60 1897.32 3620.20 1893.64 3634.52 1891.88 3644.64 1894.75 3662.58 1913.32 3667.69 1934.53 3671.76 1951.88 3658.87 1985.12
12 2839.38 3222.35 2811.06 3208.95 2805.92 3195.88 2795.04 3167.69 2807.92 3159.47 2843.51 3137.94 2860.91 3130.23 2896.41 3129.20 2902.22 3154.68 2901.72 3168.56 2899.43 3189.10 2879.19 3221.61
10 3379.59 1532.64 3362.65 1493.52 3395.59 1434.27 3431.91 1417.45 3472.84 1426.30 3483.95 1431.68 3522.53 1464.88 3546.92 1495.27 3546.83 1535.04 3402.22 1582.32
13 1068.37 4982.24 1094.83 4981.82 1119.75 4985.74 1126.50 4995.54 1136.65 5010.37 1137.28 5037.14 1129.87 5054.70 1117.21 5070.57 1083.72 5073.54 1058.15 5058.07 1051.76 5053.64 1046.75 5024.24 1052.25 5007.34
7 1875.45 4041.79 1890.16 4012.03 1950.62 4013.15 1960.36 4042.05 1965.70 4059.83 1950.01 4076.45 1931.54 4075.32
9 2032.51 2630.95 1996.72 2612.58 1999.58 2596.76 2011.28 2569.55 2036.90 2555.55 2046.77 2558.17 2073.69 2592.65 2071.31 2600.35 2066.93 2614.44
10 4798.95 884.50 4799.49 832.70 4842.31 800.10 4899.20 820.06 4909.97 837.53 4911.27 860.23 4910.26 870.60 4900.19 889.81 4844.17 919.21 4833.49 915.54
9 4938.93 5562.46 4939.84 5547.52 4975.93 5499.53 5044.05 5520.62 5044.82 5561.35 5042.04 5608.08 5013.50 5614.93 4965.28 5612.60 4945.72 5588.56
9 5670.66 1230.90 5672.05 1266.73 5666.97 1279.41 5658.06 1291.91 5644.06 1303.96 5622.83 1292.60 5608.29 1249.18 5608.31 1248.32 5631.71 1225.27
6 3677.13 3528.65 3723.76 3600.83 3689.24 3633.69 3666.90 3648.48 3561.91 3632.24 3611.23 3561.58
10 4402.64 526.02 4408.67 498.23 4435.75 507.22 4460.45 515.43 4473.31 523.56 4475.23 536.23 4463.93 558.24 4436.46 571.68 4419.08 565.74 4406.01 553.17
10 1892.49 3673.83 1880.04 3628.25 1911.98 3601.93 1957.83 3591.16 1998.75 3598.55 2032.06 3654.78 2001.63 3725.11 1959.27 3741.02 1936.67 3747.37 1913.18 3716.74
11 3114.34 3811.85 3146.71 3748.90 3172.86 3752.97 3197.67 3768.74 3203.99 3779.49 3201.78 3787.08 3194.73 3801.23 3188.73 3810.28 3169.31 3839.05 3152.74 3838.80 3119.43 3821.07
9 340.58 2634.91 331.73 2547.92 364.74 2516.44 418.63 2497.02 435.53 2511.08 465.53 2537.68 487.78 2597.63 447.29 2653.55 374.64 2661.54
9 6286.87 5176.67 6243.59 5213.83 6234.40 5211.91 6211.38 5184.47 6194.63 5154.60 6189.69 5142.46 6195.73 5126.21 6237.26 5127.74 6279.19 5156.39
10 3608.57 6287.31 3574.77 6270.29 3576.15 6233.50 3583.62 6223.92 3618.94 6212.46 3631.88 6222.35 3636.71 6226.30 3646.87 6250.27 3641.85 6265.68 3638.17 6270.65
10 3141.95 5927.95 3139.16 5895.42 3150.93 5871.90 3160.69 5859.40 3210.18 5856.39 3240.42 5872.36 3236.84 5910.91 3226.97 5930.86 3192.53 5945.65 3171.35 5940.44
10 757.43 2350.31 807.46 2274.39 815.98 2275.39 861.65 2289.38 880.27 2311.89 881.11 2362.86 872.84 2371.53 843.56 2387.68 832.63 2392.17 788.23 2380.65
7 1496.01 3996.65 1520.35 3942.93 1565.00 3945.90 1579.32 3985.02 1558.01 4009.33 1537.81 4016.61 1514.36 4010.88
6 5566.65 1573.30 5508.10 1507.10 5608.24 1470.01 5622.14 1487.49 5629.91 1511.36 5606.53 1558.15
6 462.70 316.53 358.54 293.32 365.80 262.41 429.36 177.58 470.74 191.58 497.01 256.04
9 1491.55 5581.22 1534.90 5653.94 1534.17 5660.62 1499.54 5705.12 1461.22 5691.59 1449.06 5685.04 1432.04 5656.17 1429.89 5632.95 1431.29 5624.73
10 1844.11 3879.45 1860.96 3917.34 1844.31 4016.90 1832.86 4030.09 1816.06 4036.85 1755.90 4029.92 1741.60 4023.43 1731.86 3976.40 1730.84 3893.50 1760.60 3885.87
8 2274.73 859.70 2275.14 928.49 2227.62 936.49 2178.36 920.70 2174.36 914.19 2176.61 894.30 2180.29 865.50 2193.33 844.01
9 3989.57 826.29 3995.47 765.59 4026.07 745.97 4064.14 764.03 4095.59 800.72 4076.44 850.27 4035.27 879.62 4013.34 875.16 3990.20 859.52
11 801.13 2970.72 797.67 2959.15 800.54 2940.67 806.57 2935.68 846.55 2913.21 872.40 2922.03 888.63 2946.49 889.16 2948.86 878.70 2996.55 830.60 3005.69 821.70 3006.88
8 2293.67 3483.06 2293.96 3429.89 2343.44 3400.87 2401.79 3433.07 2414.58 3451.27 2410.02 3486.79 2395.09 3504.94 2340.79 3518.15
10 3713.04 6062.45 3722.03 6029.73 3736.47 6013.11 3751.46 6018.91 3764.89 6026.61 3788.48 6062.76 3788.79 6065.31 3787.16 6079.26 3748.52 6097.97 3736.72 6094.15
11 6113.69 604.94 6052.19 590.71 6027.73 530.90 6013.41 486.87 6014.48 472.52 6053.28 432.79 6107.88 431.80 6153.05 462.58 6165.32 485.23 6150.54 524.68 6122.99 587.19
9 2389.41 1014.07 2367.74 972.89 2375.67 895.51 2412.00 885.64 2428.04 902.42 2470.20 949.27 2481.84 971.58 2447.85 1002.17 2431.34 1010.99
7 3494.27 1825.08 3541.58 1811.30 3551.80 1853.16 3534.44 1867.14 3519.04 1871.83 3514.69 1866.79 3494.82 1832.54
9 1757.40 1702.33 1729.20 1716.95 1721.03 1714.86 1672.77 1686.58 1694.81 1661.02 1723.88 1643.07 1738.45 1647.43 1753.19 1661.52 1755.86 1670.47
8 5665.04 2671.11 5727.12 2597.16 5803.91 2623.78 5820.37 2636.41 5838.06 2690.53 5786.13 2764.99 5768.78 2775.98 5688.61 2754.23
8 2996.56 6026.48 3072.98 6080.08 3045.01 6199.25 3011.44 6204.39 2939.88 6178.70 2907.54 6115.11 2924.91 6082.30 2939.23 6059.80
7 3260.96 4927.25 3210.63 4887.71 3215.89 4869.68 3250.55 4841.93 3269.20 4862.56 3301.07 4915.96 3288.31 4931.80
9 2378.64 2303.74 2363.82 2278.54 2373.73 2248.34 2404.60 2214.76 2407.17 2215.61 2437.87 2230.99 2460.69 2249.09 2451.14 2277.05 2431.93 2327.28
9 4319.18 5942.57 4285.25 5872.25 4302.14 5828.83 4327.04 5815.87 4385.35 5822.16 4434.47 5853.22 4422.35 5926.13 4384.58 5956.02 4340.33 5965.20
6 6003.84 5394.64 6035.08 5431.89 6027.41 5455.14 6000.56 5461.34 5971.93 5431.09 5982.01 5408.40
8 1271.17 1833.14 1312.65 1810.58 1349.48 1828.08 1362.95 1851.14 1338.45 1900.17 1332.05 1906.40 1291.19 1888.76 1272.95 1857.85
14 2188.32 2368.57 2183.34 2354.57 2187.66 2322.85 2203.90 2295.96 2205.63 2294.61 2246.74 2290.19 2270.21 2300.20 2275.27 2305.73 2278.17 2315.87 2279.09 2327.30 2279.70 2339.00 2266.41 2394.60 2234.42 2405.50 2215.26 2394.90
9 1442.19 4984.25 1453.18 4937.28 1488.02 4919.13 1510.50 4926.71 1533.76 4943.75 1531.03 4964.76 1527.99 4985.89 1519.97 5004.83 1486.03 5008.48
8 881.22 4194.33 846.03 4122.97 863.69 4088.75 930.99 4066.62 967.23 4079.55 975.80 4086.97 982.28 4149.39 956.99 4188.92
7 2315.30 2681.53 2270.94 2754.78 2192.75 2728.88 2175.67 2649.41 2244.29 2623.19 2265.43 2620.87 2313.75 2647.18
8 266.21 4559.28 325.39 4629.16 322.64 4674.63 265.74 4684.02 250.44 4682.64 240.33 4681.27 178.36 4630.83 195.31 4582.17
9 5803.79 4754.70 5774.55 4700.22 5817.24 4628.56 5849.59 4622.83 5888.81 4633.24 5905.39 4685.44 5906.58 4697.68 5902.19 4724.01 5836.16 4751.46
6 5674.96 5960.82 5734.11 5914.29 5774.93 5921.35 5784.44 6000.90 5735.27 6034.51 5682.53 6003.07
10 337.88 4385.87 326.44 4376.34 337.49 4318.33 375.33 4263.43 417.60 4252.00 427.88 4254.30 452.21 4264.70 479.26 4287.44 458.53 4400.16 400.83 4432.57
10 4501.25 2809.08 4532.31 2804.54 4555.58 2812.46 4573.19 2837.85 4584.91 2873.37 4574.42 2882.62 4519.73 2919.34 4502.05 2912.47 4487.48 2860.54 4488.66 2843.66
11 718.72 2514.27 711.59 2567.75 675.21 2588.12 654.58 2583.16 629.52 2575.93 619.04 2565.67 601.94 2547.25 602.92 2534.68 649.52 2478.73 653.29 2480.33 709.26 2505.41
8 897.98 2327.05 873.99 2266.06 902.98 2217.35 946.03 2206.12 1021.47 2266.62 1030.47 2313.25 1004.25 2340.22 932.24 2366.71
8 2817.60 898.36 2826.00 802.15 2913.90 784.76 2960.39 848.06 2973.66 880.37 2935.61 932.91 2919.03 950.19 2890.53 942.98
7 3181.95 2941.33 3229.53 2921.79 3280.30 2938.07 3284.83 2991.52 3192.79 3034.04 3175.42 3008.90 3179.29 2947.56
6 4696.21 6055.35 4759.45 5929.57 4816.08 5931.23 4840.16 5950.51 4764.70 6066.02 4729.59 6065.02
8 2709.52 3427.09 2752.57 3478.40 2750.92 3536.98 2708.83 3556.98 2653.44 3541.61 2601.12 3509.83 2634.02 3447.57 2670.00 3435.50
10 426.86 3526.14 422.82 3468.03 423.97 3463.98 464.72 3424.61 492.82 3415.92 568.04 3479.80 573.31 3490.92 578.24 3536.24 550.72 3546.51 464.80 3540.74
12 3465.89 872.78 3399.32 936.86 3351.90 933.89 3333.15 908.55 3324.36 890.03 3332.00 828.51 3349.34 814.45 3370.74 801.05 3422.14 796.15 3437.42 810.46 3459.18 841.45 3461.56 851.61
9 4422.67 902.11 4341.55 836.98 4345.91 806.40 4368.37 765.02 4431.90 746.21 4495.11 798.32 4505.33 837.73 4501.33 851.44 4477.57 896.52
8 2221.48 1197.73 2261.54 1142.96 2320.07 1157.70 2316.37 1222.24 2289.29 1258.64 2261.92 1255.42 2249.89 1253.62 2225.79 1222.08
11 4094.74 396.33 4082.23 376.66 4091.31 350.57 4096.73 339.74 4122.26 337.82 4159.66 345.70 4176.36 355.33 4171.68 390.68 4138.15 408.53 4130.43 411.86 4119.20 408.68
10 488.34 1098.90 530.75 1012.98 537.97 1012.73 602.42 1038.99 629.10 1077.81 637.20 1116.58 620.66 1151.12 577.67 1188.24 557.90 1187.85 491.76 1162.74
9 3027.14 2793.80 3002.03 2775.94 3006.71 2752.15 3034.00 2715.26 3045.34 2710.07 3067.09 2727.48 3056.18 2767.97 3048.02 2783.15 3037.56 2799.35
