Medium_250_C
1206.05 2329.49
4976.47 5695.47
4 0.00 0.00 6400.00 0.00 6400.00 6400.00 0.00 6400.00
250
14 542.27 901.71 512.61 842.62 509.91 854.74 507.69 859.33 450.96 797.71 466.17 793.74 496.48 798.21 495.87 762.25 514.17 744.47 512.95 788.69 518.10 789.79 535.44 799.79 540.53 817.45 528.81 819.98
15 6054.19 4581.32 6050.85 4582.62 6051.37 4583.06 6053.25 4587.60 6063.35 4605.83 6066.68 4615.88 6040.51 4613.58 6031.75 4615.94 6026.29 4579.73 6014.27 4570.20 6019.58 4553.11 6016.51 4541.25 6029.05 4545.44 6045.17 4547.00 6048.46 4554.57
8 5868.91 3239.85 5828.12 3307.30 5750.74 3229.41 5763.51 3219.23 5717.78 3184.43 5841.47 3170.60 5816.30 3207.69 5866.59 3190.39
5 2313.61 1109.51 2297.43 1148.28 2210.07 1034.88 2324.43 990.70 2362.97 1036.65
13 308.52 5583.38 342.87 5535.77 354.88 5533.18 329.53 5518.93 326.47 5482.66 350.82 5511.33 357.21 5517.23 379.26 5482.01 377.99 5512.94 404.13 5463.63 395.45 5495.51 430.79 5482.84 467.99 5509.63
8 5635.95 5649.05 5608.99 5555.61 5620.61 5554.23 5656.45 5550.47 5658.61 5547.64 5641.44 5599.63 5666.76 5569.24 5654.61 5600.79
8 5265.75 6008.32 5242.86 6005.55 5229.67 6021.56 5214.78 6015.28 5194.81 6009.79 5196.20 5974.15 5213.20 5935.20 5268.90 5985.48
12 3244.71 4826.44 3257.05 4838.36 3244.97 4834.00 3222.24 4857.35 3215.89 4851.99 3200.89 4857.79 3208.10 4836.36 3177.01 4844.39 3190.89 4831.59 3182.84 4817.48 3209.21 4815.20 3199.88 4803.87
11 680.44 3085.09 693.83 3097.08 636.70 3063.51 579.28 3112.57 534.92 3039.00 592.59 3037.56 585.51 2973.31 602.94 2988.37 608.56 2993.92 615.24 3010.26 686.05 3014.11
14 2554.02 6155.40 2526.57 6160.16 2529.08 6167.13 2523.87 6167.44 2504.81 6190.03 2515.15 6160.27 2498.81 6153.10 2505.88 6135.14 2509.46 6136.45 2508.88 6132.47 2535.11 6133.27 2540.57 6140.12 2555.31 6135.06 2548.56 6146.89
8 3740.07 3061.07 3701.42 3076.82 3695.50 3057.51 3667.38 3069.42 3650.76 3075.11 3649.88 3050.36 3680.82 3016.60 3709.46 3031.00
11 850.79 1536.49 847.08 1540.75 860.80 1593.14 823.31 1543.94 809.20 1606.54 791.60 1584.73 776.89 1570.20 787.01 1528.59 871.66 1459.20 840.17 1494.94 826.46 1508.45
8 783.02 4888.11 765.48 4897.79 773.46 4864.27 756.27 4820.66 766.00 4818.03 769.54 4816.86 808.30 4847.43 797.11 4851.79
15 1290.72 4025.81 1268.88 4044.63 1251.55 4063.14 1253.28 4036.82 1235.66 4050.38 1249.11 4032.23 1239.04 4035.62 1230.01 4014.04 1257.68 4014.38 1262.47 4002.38 1276.91 3990.88 1279.54 3993.63 1277.37 4002.92 1271.36 4014.42 1280.58 4007.42
7 4718.42 5987.38 4636.89 5946.87 4667.81 5946.09 4700.64 5934.74 4715.03 5952.15 4743.57 5951.22 4753.90 5955.61
9 1870.81 4068.69 1876.38 4084.36 1871.83 4117.73 1862.59 4094.63 1851.53 4079.50 1822.03 4067.84 1794.65 4033.75 1807.22 4037.55 1871.84 4057.77
14 5129.12 2969.45 5134.22 2984.05 5108.04 2977.21 5146.84 3026.10 5109.05 3014.83 5089.24 2983.99 5049.70 3002.16 5051.84 2983.39 5073.52 2971.94 5012.82 2991.45 5071.50 2967.00 5082.58 2927.33 5092.49 2878.50 5162.75 2921.17
15 1751.34 2449.37 1716.60 2427.34 1729.42 2437.08 1712.00 2433.40 1722.97 2477.14 1672.55 2503.45 1646.63 2483.89 1614.53 2469.01 1612.52 2446.72 1662.38 2400.89 1665.80 2389.07 1682.42 2361.05 1705.87 2396.84 1743.97 2372.40 1746.14 2385.77
14 4866.24 1687.83 4885.54 1691.59 4853.11 1693.67 4852.37 1707.66 4848.98 1704.91 4818.76 1715.00 4815.83 1714.67 4809.65 1711.61 4810.67 1686.67 4792.75 1670.02 4820.85 1660.96 4827.50 1655.35 4883.26 1648.79 4875.76 1674.04
7 658.88 4287.46 675.72 4297.21 660.62 4308.24 635.06 4304.59 610.43 4289.54 617.60 4261.38 638.68 4269.05
10 1121.02 5275.35 1080.02 5263.65 1046.86 5260.71 1048.04 5245.50 1087.22 5213.13 1087.45 5209.88 1124.69 5188.74 1130.41 5203.51 1135.92 5210.28 1134.97 5247.05
5 5323.23 2036.36 5302.89 2052.82 5276.60 2073.32 5256.60 2026.27 5263.44 2011.80
6 6227.63 3486.39 6207.15 3483.91 6186.01 3469.44 6167.05 3469.31 6156.72 3453.46 6257.15 3427.79
7 212.25 952.19 176.85 931.42 175.93 896.58 188.18 902.72 219.17 913.58 253.68 897.09 245.47 922.75
5 2308.98 5289.57 2307.97 5325.60 2278.50 5343.48 2186.99 5302.00 2243.07 5199.78
11 4717.27 5658.76 4676.21 5649.87 4693.91 5670.77 4691.66 5697.81 4667.90 5679.23 4653.14 5689.86 4652.41 5673.97 4637.33 5622.48 4683.66 5600.72 4687.42 5629.64 4694.63 5638.30
10 345.13 2124.51 323.31 2121.34 314.56 2115.64 266.59 2138.87 277.01 2088.29 275.24 2072.74 306.72 2061.71 307.76 2078.55 310.65 2056.29 357.49 2085.86
8 3410.07 716.55 3401.50 722.98 3413.91 730.19 3345.00 759.93 3347.01 751.39 3338.26 725.30 3354.35 702.48 3356.04 685.01
9 3637.38 622.18 3630.30 623.36 3626.27 627.35 3604.17 627.35 3563.96 624.13 3571.61 581.00 3586.43 570.95 3599.23 568.29 3630.66 580.36
9 4481.27 5028.52 4440.74 5046.20 4398.40 5026.79 4379.55 5061.81 4401.04 4965.16 4405.62 4991.19 4432.25 4979.00 4476.07 4987.67 4437.37 5000.47
15 1513.64 613.98 1467.29 607.71 1471.90 597.00 1466.79 596.29 1470.07 594.53 1441.43 538.18 1474.54 560.40 1453.86 516.69 1472.55 537.05 1506.26 502.99 1520.53 514.25 1549.08 529.66 1525.37 562.75 1564.77 554.51 1552.61 565.42
5 3718.05 2029.12 3685.02 2025.71 3676.66 2032.10 3648.24 1940.48 3705.08 1983.76
5 316.01 5347.87 282.38 5328.33 247.21 5340.22 260.57 5319.46 307.44 5291.18
14 5645.55 2232.12 5623.19 2233.47 5614.11 2250.07 5610.97 2273.00 5588.70 2254.80 5576.25 2269.00 5554.64 2263.33 5563.94 2240.32 5566.89 2236.38 5572.23 2230.36 5562.00 2214.67 5590.61 2208.42 5591.92 2202.22 5593.82 2213.21
13 2727.48 4858.34 2734.09 4878.65 2715.71 4869.34 2678.37 4834.09 2655.03 4829.37 2635.05 4824.57 2638.26 4821.07 2629.42 4805.75 2670.79 4809.05 2711.52 4793.64 2754.17 4829.56 2762.59 4833.19 2744.39 4835.10
5 3785.85 4067.37 3755.21 4091.02 3748.13 4109.02 3728.84 4090.40 3690.29 4048.43
5 3352.21 3492.59 3320.95 3504.78 3313.70 3485.30 3314.79 3478.97 3334.67 3479.32
9 4798.10 3003.44 4758.32 3031.34 4771.61 3014.28 4763.62 3016.32 4765.85 2992.62 4769.59 2984.80 4762.64 2971.00 4781.50 2983.10 4796.73 2987.11
9 4888.35 654.94 4892.33 658.33 4912.03 682.93 4876.95 724.06 4839.59 685.40 4827.12 656.28 4863.56 628.29 4894.48 579.69 4917.56 618.37
7 892.14 2177.83 866.98 2190.89 849.98 2185.88 890.15 2128.60 918.06 2121.94 908.08 2132.91 919.56 2124.55
10 6103.46 5966.87 6062.61 5992.39 6054.43 6011.33 6014.46 6027.17 6008.63 5976.62 5994.23 5949.92 5975.96 5911.86 5980.66 5905.00 6013.30 5890.67 6031.36 5949.94
9 5657.21 967.27 5668.47 995.44 5631.73 974.75 5624.39 940.97 5633.24 934.11 5634.58 931.60 5645.30 944.77 5652.75 944.14 5656.41 954.60
7 2797.26 1631.03 2735.29 1616.09 2669.10 1586.24 2709.53 1584.69 2793.58 1549.55 2780.39 1568.47 2779.30 1577.40
11 1406.52 4435.37 1377.76 4440.65 1340.77 4458.00 1329.15 4414.79 1342.64 4392.13 1341.49 4376.88 1321.47 4359.18 1364.89 4296.02 1366.82 4362.06 1370.20 4361.00 1399.47 4354.92
6 3716.28 2617.61 3699.87 2668.13 3651.46 2599.78 3688.03 2558.30 3695.73 2591.33 3712.95 2601.47
11 4063.19 427.17 4090.17 459.05 4064.60 438.55 4060.64 468.01 4004.98 432.30 3987.24 407.46 3977.80 393.37 4042.08 368.95 4081.87 376.16 4055.16 397.23 4054.80 407.83
9 2109.04 2235.54 2122.13 2248.16 2125.24 2270.32 2121.61 2265.33 2109.76 2249.19 2104.14 2250.81 2106.25 2281.73 2072.43 2188.51 2108.14 2223.05
5 2545.85 1679.32 2484.92 1652.35 2499.15 1619.42 2498.77 1564.66 2535.97 1611.25
9 3119.63 1356.17 3107.86 1396.09 3055.14 1413.89 3039.73 1398.32 3035.62 1401.86 3063.60 1368.95 3055.53 1347.65 3054.36 1334.07 3061.70 1318.61
14 2080.00 4871.02 2083.04 4873.41 2087.20 4884.49 2063.84 4878.20 2060.09 4885.09 2026.37 4862.28 2021.07 4860.26 2051.64 4860.66 2052.92 4859.59 2056.63 4825.46 2063.23 4830.22 2080.70 4832.20 2082.60 4852.00 2097.13 4856.94
11 1055.45 3933.49 1051.31 3933.28 1028.02 3941.93 1023.47 3940.45 1004.43 3946.40 999.57 3953.99 991.04 3967.49 982.39 3929.02 992.13 3921.24 1003.84 3893.26 1019.83 3927.28
5 1648.68 4198.21 1600.44 4164.15 1604.71 4162.18 1669.92 4174.15 1668.00 4175.35
14 456.26 741.92 463.23 775.56 448.29 750.44 436.92 777.65 425.80 748.89 419.80 732.88 417.88 726.28 428.28 718.99 446.35 727.07 458.04 698.80 461.91 697.99 454.15 722.50 479.74 719.62 456.83 731.73
13 1986.14 1938.70 1948.84 1935.81 1944.66 1937.76 1883.01 1964.20 1848.22 1928.14 1884.79 1912.85 1855.74 1911.53 1882.05 1904.59 1847.68 1880.35 1885.32 1883.66 1905.81 1888.36 1917.43 1862.52 1913.97 1811.45
12 6011.51 2453.51 5983.83 2452.85 5967.07 2459.85 5975.05 2438.54 5944.26 2409.50 5971.61 2399.98 5990.44 2379.33 5994.10 2408.00 6004.31 2422.04 6039.89 2396.96 6010.55 2433.27 6033.39 2430.77
12 2061.54 4951.75 2021.34 4945.98 2043.53 4985.90 2014.45 4970.18 1977.62 4991.34 1986.12 4964.57 1979.45 4949.33 1945.70 4938.11 1977.73 4937.44 1980.35 4916.88 2003.35 4876.43 2015.43 4923.86
7 2302.08 3909.95 2274.98 3896.10 2301.07 3875.64 2308.73 3867.59 2314.50 3862.79 2343.55 3850.44 2354.28 3881.22
6 6232.13 2348.01 6181.22 2310.95 6120.64 2363.31 6134.70 2236.25 6146.43 2233.23 6233.50 2248.93
13 6171.80 3229.22 6143.48 3225.55 6134.58 3207.33 6114.47 3191.25 6073.74 3208.86 6116.74 3171.99 6099.91 3158.60 6096.72 3136.91 6122.09 3131.65 6130.74 3139.50 6136.76 3092.48 6147.09 3096.79 6185.26 3148.99
9 2569.20 3527.18 2532.58 3538.83 2506.84 3545.52 2461.08 3517.34 2496.12 3515.95 2478.82 3482.65 2508.11 3509.45 2510.64 3490.58 2560.53 3520.29
7 1549.83 1925.16 1557.02 1936.93 1550.57 1957.03 1520.98 1892.99 1556.74 1896.69 1555.03 1905.25 1549.21 1918.82
5 3765.77 2007.72 3806.54 2030.93 3805.74 2044.01 3719.54 1993.49 3717.89 1983.35
11 3191.79 3458.87 3181.25 3465.13 3181.87 3482.66 3172.78 3497.30 3122.83 3467.89 3122.46 3459.99 3165.75 3444.38 3155.11 3423.78 3164.70 3415.50 3183.08 3432.12 3210.36 3440.39
9 3799.71 5583.42 3802.26 5586.84 3756.30 5618.91 3716.53 5599.62 3712.18 5545.13 3730.96 5540.69 3758.10 5539.12 3782.82 5544.38 3783.50 5544.49
8 3654.39 5650.98 3675.48 5670.45 3679.47 5672.46 3668.74 5677.03 3635.05 5689.92 3630.86 5676.22 3582.43 5633.25 3642.00 5607.64
5 1562.56 3891.00 1546.75 3778.48 1599.70 3804.14 1589.43 3848.23 1598.36 3849.40
12 1516.15 2973.23 1492.50 2987.20 1493.00 2997.74 1477.79 2976.33 1446.11 2974.79 1437.32 2971.64 1445.96 2966.14 1470.06 2938.98 1497.67 2938.12 1491.50 2953.50 1506.38 2952.94 1498.27 2955.04
11 6198.95 5513.28 6165.73 5519.03 6172.98 5536.72 6156.19 5522.21 6148.87 5529.54 6142.37 5562.66 6126.09 5555.32 6126.73 5551.70 6131.06 5528.41 6134.46 5459.05 6169.72 5471.17
10 3674.98 2935.72 3645.78 2925.56 3633.56 2941.60 3621.30 2926.31 3618.93 2927.64 3585.88 2892.90 3603.91 2866.56 3631.06 2874.68 3660.87 2860.26 3661.48 2877.04
8 5145.86 3318.11 5103.18 3312.81 5049.39 3370.87 5069.27 3312.09 5032.44 3337.91 5009.78 3276.79 5080.40 3249.53 5146.38 3276.10
13 4087.92 6144.07 4120.02 6148.63 4132.33 6182.61 4127.38 6208.52 4063.48 6178.61 4026.58 6209.65 4000.82 6199.57 4048.97 6130.28 4048.20 6088.73 4068.25 6072.24 4080.45 6090.69 4096.59 6129.90 4104.63 6129.67
6 3715.10 4179.84 3661.27 4143.38 3664.63 4138.92 3681.38 4124.55 3694.92 4157.29 3698.56 4150.94
7 1751.59 3232.27 1654.46 3193.05 1644.10 3129.85 1687.66 3148.59 1711.09 3121.52 1743.46 3145.56 1727.08 3176.28
14 4307.84 1489.64 4290.18 1500.57 4267.18 1483.71 4299.87 1517.54 4261.63 1480.02 4271.48 1520.87 4235.34 1486.23 4217.80 1512.18 4170.14 1454.68 4250.40 1397.41 4273.10 1433.09 4279.88 1427.37 4324.81 1420.18 4291.48 1459.40
5 3211.64 401.73 3194.92 413.49 3184.97 421.14 3174.09 367.93 3230.60 363.75
15 267.28 2566.32 297.61 2575.42 253.30 2577.43 245.42 2594.13 201.18 2582.07 218.61 2572.94 214.28 2573.37 220.73 2546.46 228.17 2549.90 217.99 2530.92 220.93 2509.51 274.52 2517.21 255.03 2544.02 260.93 2556.88 270.03 2562.54
12 3915.61 1263.69 3909.52 1280.26 3906.33 1294.23 3894.74 1277.48 3889.43 1308.05 3871.08 1293.76 3871.67 1289.45 3862.68 1279.38 3865.93 1260.31 3885.92 1248.28 3899.56 1247.09 3926.91 1235.33
11 450.76 5175.98 436.07 5197.67 422.18 5174.20 437.74 5146.67 408.70 5120.82 430.83 5130.02 444.33 5136.27 468.44 5114.02 468.88 5126.78 491.89 5115.72 483.93 5132.20
6 5312.95 5307.58 5298.52 5332.28 5258.17 5304.96 5295.13 5245.07 5300.98 5284.02 5301.41 5287.71
7 3471.71 4582.48 3423.93 4597.18 3408.86 4626.69 3395.62 4580.52 3364.12 4535.11 3389.57 4526.32 3450.43 4563.90
5 4791.55 1120.30 4763.05 1128.27 4768.95 1063.82 4766.55 1044.16 4819.83 1029.35
10 4877.64 2842.79 4864.65 2872.93 4845.44 2863.55 4833.84 2845.56 4826.33 2831.82 4819.48 2792.45 4837.10 2785.68 4846.88 2749.77 4848.55 2808.79 4921.14 2815.12
10 6091.70 1918.32 6092.51 1944.24 6054.81 1916.80 6027.19 1934.94 5997.06 1945.51 5968.48 1913.92 5970.52 1890.62 6017.78 1872.06 6025.63 1826.34 6060.59 1888.48
8 4460.25 2436.06 4424.78 2446.04 4411.26 2430.50 4395.45 2470.66 4384.48 2465.93 4375.74 2418.94 4379.22 2412.41 4416.25 2379.86
12 1661.60 5330.11 1622.38 5340.64 1637.13 5385.60 1615.83 5349.26 1592.07 5356.96 1581.33 5346.82 1551.71 5343.39 1583.50 5321.27 1571.81 5311.02 1603.25 5259.96 1633.70 5251.01 1640.32 5296.55
7 3233.45 4121.55 3199.00 4119.16 3184.29 4113.99 3198.64 4113.77 3210.91 4107.14 3209.40 4094.78 3241.19 4118.72
9 2813.86 2321.30 2740.51 2329.27 2700.70 2304.56 2701.48 2277.23 2718.63 2260.53 2729.25 2259.46 2754.36 2261.07 2823.53 2273.43 2773.70 2296.17
6 3225.22 5861.13 3232.28 5867.42 3195.56 5896.10 3170.57 5907.78 3162.48 5791.96 3213.80 5832.24
6 1155.50 2113.42 1072.65 2109.07 1077.64 2099.47 1062.59 2093.24 1067.68 2039.80 1187.71 2015.89
8 2369.80 2271.85 2363.26 2283.52 2352.63 2284.92 2337.94 2288.10 2313.58 2254.72 2350.48 2244.15 2368.68 2265.08 2368.16 2268.79
7 500.11 1459.90 503.00 1471.23 522.82 1527.90 500.31 1518.88 462.62 1493.22 456.12 1496.67 522.89 1388.62
7 3364.88 820.35 3359.16 852.48 3354.67 877.63 3338.68 825.73 3325.38 815.75 3334.00 771.30 3320.47 734.30
7 6112.66 1227.41 6134.14 1197.34 6119.08 1181.13 6165.46 1161.88 6169.87 1165.09 6173.68 1185.65 6174.98 1193.50
7 1661.44 3037.33 1648.63 3048.46 1611.53 3019.64 1624.95 3018.96 1607.42 2999.64 1698.96 3012.36 1686.04 3019.93
11 1321.37 347.76 1295.03 365.78 1280.86 328.15 1221.21 286.96 1251.80 283.96 1264.67 247.54 1276.24 281.18 1289.46 290.76 1302.39 270.38 1304.36 273.02 1329.81 295.38
10 2354.56 3601.66 2338.18 3641.61 2329.01 3616.89 2320.95 3637.66 2330.91 3607.88 2295.95 3615.89 2309.00 3600.98 2311.71 3598.21 2319.81 3579.64 2321.64 3568.92
6 5679.48 5736.97 5605.29 5750.24 5607.33 5784.70 5546.68 5719.96 5575.81 5712.52 5538.29 5666.27
9 4749.46 663.63 4756.24 672.72 4734.33 656.63 4717.79 655.28 4709.15 619.71 4701.65 611.17 4727.51 632.03 4738.70 618.13 4753.93 616.66
15 1830.84 1469.56 1841.55 1470.19 1826.43 1479.87 1822.01 1492.36 1813.00 1483.17 1768.98 1459.02 1762.83 1434.84 1791.60 1452.26 1801.51 1449.86 1801.43 1443.92 1827.25 1435.15 1823.29 1449.05 1824.33 1457.08 1854.06 1438.46 1834.48 1459.09
11 466.61 1227.50 461.38 1237.85 430.00 1218.82 403.93 1202.62 394.85 1207.47 395.13 1260.00 336.91 1217.50 344.59 1134.24 396.19 1149.57 403.59 1108.00 453.97 1138.37
10 2362.70 2524.20 2329.94 2522.85 2323.62 2526.53 2326.07 2542.71 2286.14 2551.48 2284.20 2485.51 2300.40 2492.97 2307.99 2473.63 2341.56 2474.53 2345.12 2484.77
10 5826.14 4439.51 5804.18 4453.29 5798.68 4484.19 5786.54 4467.03 5780.45 4442.84 5780.36 4439.29 5748.74 4424.51 5743.45 4411.99 5787.78 4410.56 5794.03 4412.86
9 666.22 5967.06 631.15 5956.37 596.11 5999.90 614.57 5940.25 620.90 5932.36 668.86 5854.88 689.06 5854.12 694.06 5852.52 668.47 5898.95
6 5333.92 2368.05 5269.43 2306.40 5314.37 2300.65 5349.64 2259.01 5351.68 2277.68 5362.66 2280.62
12 952.31 2629.53 965.26 2647.01 954.68 2658.02 943.82 2661.01 902.38 2663.18 897.60 2621.40 910.82 2609.90 889.80 2595.43 930.63 2584.03 955.21 2576.97 958.14 2584.94 953.26 2597.37
9 3882.06 2027.83 3835.87 2056.92 3847.98 2033.80 3848.09 2032.99 3846.93 2024.47 3837.62 2002.05 3857.46 1987.13 3866.57 2009.72 3896.99 2020.97
8 5106.91 4956.05 5135.65 5014.24 5100.31 5036.14 5070.47 4980.99 5047.03 4949.43 5068.13 4910.59 5086.62 4911.87 5131.82 4943.77
5 1414.60 3204.22 1316.10 3239.57 1305.10 3252.47 1276.06 3145.79 1324.70 3120.33
12 4852.89 5106.19 4873.27 5113.07 4852.62 5106.72 4858.15 5117.76 4827.94 5110.10 4812.82 5117.25 4825.10 5101.68 4797.60 5089.00 4826.00 5082.80 4831.81 5088.83 4846.56 5081.56 4844.99 5093.71
9 1816.42 3127.35 1811.06 3127.78 1760.81 3137.61 1729.32 3115.29 1735.09 3104.70 1745.10 3080.42 1748.41 3058.63 1763.63 3095.39 1804.28 3102.04
10 3548.39 382.56 3512.66 387.78 3504.10 397.54 3443.76 370.36 3474.23 350.06 3504.05 320.63 3510.94 300.53 3517.41 294.17 3512.01 322.14 3570.42 319.19
8 1422.57 2871.30 1382.32 2861.73 1345.16 2875.94 1323.13 2836.05 1356.37 2837.52 1362.91 2810.50 1375.20 2808.93 1393.31 2833.86
8 2473.96 4287.48 2443.81 4336.46 2412.44 4346.16 2396.21 4341.10 2398.50 4292.74 2407.69 4287.32 2405.12 4278.95 2379.45 4260.78
10 6230.89 6048.58 6218.17 6055.62 6160.98 6098.65 6183.26 6060.04 6159.08 6055.17 6167.35 6040.75 6157.51 6019.76 6155.08 6014.13 6198.77 5983.94 6236.24 5970.29
9 2999.31 162.78 2980.55 168.66 2951.62 184.53 2915.18 163.63 2914.17 156.70 2929.53 134.84 2960.88 95.41 2967.84 122.90 2977.09 111.18
14 4432.72 3839.02 4415.82 3833.64 4401.81 3817.68 4367.23 3819.92 4393.88 3798.09 4371.77 3779.14 4396.87 3788.96 4402.10 3770.28 4415.64 3759.10 4420.23 3788.79 4422.71 3794.02 4442.25 3778.66 4430.16 3800.57 4439.88 3800.31
13 5622.66 1208.31 5615.65 1223.27 5604.77 1225.52 5601.92 1235.94 5599.26 1220.92 5585.09 1192.41 5598.05 1195.45 5576.19 1185.57 5607.80 1190.72 5606.88 1164.15 5614.29 1169.65 5616.97 1173.45 5620.66 1188.03
9 5647.90 2059.89 5599.63 2078.86 5601.04 2098.01 5574.99 2070.97 5552.43 2081.63 5577.38 2056.25 5588.64 2017.99 5612.67 2046.11 5645.99 2056.91
15 1533.01 4125.31 1568.63 4157.04 1538.33 4145.46 1555.01 4161.58 1495.68 4193.19 1455.27 4163.48 1472.50 4120.81 1418.91 4101.87 1436.62 4065.93 1465.32 4078.20 1474.45 4087.05 1473.73 4055.91 1496.45 4035.20 1514.88 4083.88 1554.84 4084.78
8 4272.92 5099.04 4244.84 5085.95 4206.21 5090.16 4205.57 5070.83 4203.73 5029.59 4275.70 5043.42 4269.60 5048.06 4282.04 5052.13
7 323.36 4907.92 268.90 4908.07 195.41 4881.32 212.29 4878.04 182.14 4873.86 177.65 4818.45 206.51 4780.74
5 3870.29 5855.78 3812.62 5801.27 3817.54 5796.19 3792.22 5789.43 3794.79 5746.28
15 6184.59 2491.62 6147.09 2476.82 6132.23 2486.06 6136.82 2519.32 6129.00 2536.14 6124.36 2524.94 6118.51 2489.81 6110.77 2476.74 6105.28 2471.43 6067.84 2465.10 6091.17 2453.90 6064.50 2439.41 6111.53 2429.27 6138.27 2425.58 6155.22 2447.17
12 536.60 5820.56 525.53 5826.62 520.60 5808.25 491.58 5813.46 500.34 5796.41 536.29 5768.62 535.56 5785.57 537.63 5783.37 551.12 5759.91 550.20 5779.53 570.28 5773.74 557.44 5783.13
11 3762.06 6096.78 3720.33 6080.90 3769.40 6036.59 3735.90 5971.95 3770.36 5993.53 3763.02 5949.09 3790.76 5988.66 3825.15 5954.27 3816.88 5973.53 3852.29 6017.43 3827.70 6025.11
14 4748.07 4993.53 4737.74 4986.25 4727.65 5003.81 4726.14 4985.87 4718.62 4995.61 4663.45 4989.63 4704.00 4974.22 4647.68 4952.26 4695.95 4958.47 4699.18 4887.95 4738.92 4900.61 4745.11 4907.80 4804.22 4936.30 4787.76 4966.44
8 6001.08 5284.96 5979.72 5296.95 5875.90 5246.86 5900.33 5248.60 5909.07 5243.28 5901.13 5235.64 5968.21 5203.94 5950.99 5248.93
15 1765.71 618.77 1740.29 612.48 1758.31 626.47 1738.35 625.51 1727.67 648.37 1694.07 633.39 1690.47 630.48 1694.06 626.55 1703.40 608.41 1701.60 599.72 1666.58 583.85 1692.12 586.95 1717.95 582.01 1726.73 586.80 1731.43 597.02
7 4220.47 1694.57 4202.10 1655.32 4163.63 1676.98 4168.35 1588.81 4179.61 1594.27 4186.25 1563.52 4241.40 1608.61
6 3752.10 6227.57 3738.58 6254.03 3716.06 6260.98 3691.20 6240.49 3691.04 6213.38 3719.66 6207.15
13 5624.86 425.00 5624.91 429.64 5650.24 442.32 5642.81 458.42 5635.13 460.42 5626.29 466.39 5618.85 444.06 5605.94 462.94 5598.53 456.66 5589.89 444.41 5590.54 400.15 5607.64 411.44 5626.50 405.43
15 922.45 623.26 936.61 640.93 919.76 645.10 911.18 643.58 899.06 651.06 893.62 625.24 885.41 629.67 875.06 644.29 864.84 617.63 870.46 603.44 876.48 599.68 878.92 599.28 923.45 565.40 933.10 568.33 911.18 594.98
13 2047.74 2965.24 2070.12 2994.75 2041.13 2973.42 2045.74 2981.60 2032.94 2973.99 2024.67 3000.66 2016.63 3001.46 2017.75 2966.72 2010.73 2943.62 2030.09 2938.90 2038.77 2913.55 2049.10 2931.42 2067.43 2934.10
13 528.88 2892.77 544.70 2904.72 541.60 2917.19 527.29 2924.27 467.27 2893.41 477.27 2867.41 469.02 2858.43 484.61 2845.63 489.78 2843.53 528.77 2854.65 556.69 2842.79 566.93 2852.83 577.85 2878.19
15 1163.39 1789.12 1179.60 1822.61 1149.00 1826.89 1162.66 1850.65 1163.67 1852.54 1110.31 1815.06 1093.33 1835.51 1088.48 1832.10 1106.55 1772.10 1092.03 1749.59 1119.38 1759.50 1156.89 1715.84 1143.38 1761.78 1194.76 1757.17 1191.90 1769.61
7 6043.69 4771.80 6005.61 4798.22 5980.71 4648.73 6009.10 4700.51 6016.62 4682.02 6059.68 4674.00 6056.76 4711.37
5 2371.99 1462.54 2359.46 1471.65 2302.63 1475.17 2318.17 1445.20 2355.52 1441.33
7 6175.38 1038.36 6161.53 1040.55 6146.53 1026.05 6117.11 992.85 6119.57 990.39 6142.71 994.17 6165.28 1005.56
5 1374.71 5226.50 1371.41 5218.24 1342.63 5218.60 1336.19 5191.27 1382.02 5167.14
11 463.27 4494.50 438.53 4501.56 443.23 4535.51 412.71 4528.82 395.67 4502.75 398.03 4500.60 395.99 4495.39 376.94 4480.01 436.99 4455.41 454.50 4453.01 455.53 4480.78
11 1204.20 3101.24 1176.43 3093.21 1168.94 3125.31 1131.69 3088.90 1093.82 3083.50 1122.76 3073.22 1132.70 3071.41 1151.66 3044.63 1241.80 3041.78 1197.84 3061.75 1180.70 3072.57
7 4195.84 955.05 4207.89 924.81 4156.67 879.82 4156.44 865.80 4220.34 847.87 4226.51 855.75 4268.01 837.54
13 881.13 4241.76 827.81 4230.27 811.32 4226.37 802.86 4220.74 830.54 4207.41 844.78 4201.91 858.42 4183.04 859.79 4209.50 868.91 4215.30 889.25 4200.17 885.59 4216.02 895.66 4220.77 883.18 4229.20
11 3459.43 609.63 3434.92 644.30 3393.04 624.89 3400.15 579.97 3436.28 587.49 3439.40 591.91 3458.32 566.41 3463.92 589.85 3481.13 581.48 3452.58 602.45 3482.72 596.23
15 5983.48 1088.01 5987.49 1108.73 5970.52 1107.02 5968.11 1120.35 5963.35 1109.11 5962.05 1100.71 5947.83 1094.23 5899.97 1113.06 5892.17 1089.37 5913.45 1086.56 5916.05 1064.78 5926.89 1063.89 5975.44 1045.54 5986.07 1057.44 6022.64 1072.69
13 6005.09 484.39 5961.36 471.14 5977.02 500.34 5942.57 506.00 5927.61 500.73 5927.27 484.91 5934.63 452.07 5899.69 433.24 5905.65 435.14 5928.49 441.65 5963.78 444.08 5976.59 433.75 5964.38 457.68
9 2643.74 2649.94 2635.58 2652.72 2624.33 2607.53 2590.37 2541.25 2611.71 2544.33 2658.44 2567.78 2681.61 2558.42 2689.26 2559.79 2701.08 2564.08
12 1074.18 3756.33 1066.47 3771.42 1054.13 3796.77 1046.65 3756.86 989.09 3749.82 1026.76 3729.24 1035.76 3725.25 1048.34 3720.94 1053.66 3727.19 1055.01 3727.31 1071.85 3700.27 1070.92 3707.55
9 5401.44 1670.10 5386.82 1674.52 5398.14 1714.93 5378.34 1693.17 5354.89 1675.33 5321.76 1718.62 5338.08 1656.41 5325.65 1640.78 5315.07 1628.03
11 2341.50 3553.39 2335.44 3548.56 2334.03 3549.72 2331.03 3555.08 2323.39 3555.32 2304.40 3543.95 2301.39 3531.00 2304.06 3512.59 2321.16 3529.58 2315.19 3507.92 2328.44 3529.01
13 4496.17 3296.44 4470.73 3331.53 4465.05 3322.70 4464.74 3348.17 4448.63 3367.70 4448.15 3322.96 4426.43 3310.44 4422.84 3294.53 4414.27 3280.90 4434.19 3281.22 4467.11 3258.24 4514.90 3278.92 4503.81 3289.16
7 1035.46 2185.08 1023.04 2209.02 1012.93 2179.08 956.21 2183.72 994.24 2109.03 1012.38 2146.95 1036.79 2142.50
14 1719.85 2035.05 1702.08 2050.85 1706.57 2090.65 1666.91 2072.31 1642.46 2055.87 1639.68 2030.44 1621.64 2020.57 1623.45 2018.48 1629.73 1930.40 1672.98 1943.40 1704.70 1952.67 1671.88 2002.95 1677.82 2006.65 1722.02 2001.33
14 5638.76 4302.88 5619.11 4297.53 5617.69 4361.72 5604.20 4359.30 5583.56 4310.58 5537.96 4338.69 5537.90 4332.85 5524.37 4329.89 5513.44 4322.32 5523.71 4307.45 5555.48 4276.56 5533.71 4260.16 5509.53 4226.47 5584.92 4222.12
14 4495.07 1456.82 4470.48 1478.00 4474.54 1525.81 4472.99 1524.76 4461.56 1509.70 4455.21 1512.95 4444.11 1473.82 4419.53 1475.83 4430.41 1464.86 4437.64 1451.52 4446.86 1436.69 4445.06 1415.87 4447.92 1377.87 4480.66 1434.57
7 1863.82 4335.25 1855.03 4339.55 1844.08 4344.95 1829.28 4291.45 1809.99 4286.74 1844.65 4241.96 1865.54 4271.94
14 471.44 6013.12 444.58 6021.66 449.76 6030.96 430.75 6014.77 401.14 6021.83 399.30 6002.73 433.17 5997.79 447.59 5971.33 448.75 5970.86 461.70 5981.27 443.75 6003.22 450.53 6002.60 462.89 5999.73 453.68 6002.81
13 288.35 587.09 263.58 586.28 249.81 594.97 249.95 616.85 242.54 603.45 227.67 643.84 239.68 594.29 234.48 597.41 218.51 590.58 227.73 584.05 201.06 551.66 276.65 547.28 259.56 572.11
9 249.62 4613.51 140.83 4628.76 223.11 4509.23 223.47 4517.78 228.51 4515.03 219.27 4542.20 258.19 4535.18 210.59 4571.65 263.95 4565.34
5 6047.30 5813.74 6054.45 5832.81 6013.19 5808.29 6025.84 5781.83 6031.42 5756.21
5 4093.96 3741.40 4043.51 3747.21 4039.68 3722.23 4058.98 3724.63 4093.84 3721.50
15 3439.62 3299.03 3432.99 3272.46 3426.51 3303.23 3407.12 3270.03 3405.48 3251.77 3405.31 3237.50 3372.54 3215.90 3376.37 3205.13 3407.70 3215.05 3429.66 3228.50 3451.38 3171.12 3483.64 3189.12 3460.37 3217.57 3470.42 3234.30 3473.90 3235.02
14 5075.35 2605.15 5080.70 2613.75 5086.78 2628.76 5055.14 2610.49 5052.52 2618.85 5042.50 2616.84 5022.31 2631.74 4995.43 2599.61 5028.98 2588.90 5036.96 2584.24 5064.09 2556.94 5063.31 2588.78 5089.68 2590.03 5091.41 2600.52
6 1752.63 4746.81 1723.75 4694.49 1712.54 4669.85 1748.77 4670.71 1812.34 4668.52 1829.39 4692.53
6 575.24 2154.57 541.19 2174.04 539.17 2180.48 527.34 2180.04 530.89 2111.22 541.10 2093.89
13 1856.19 5932.71 1844.96 5932.22 1858.49 5935.93 1790.13 5949.45 1779.93 5935.52 1764.65 5919.62 1750.49 5908.99 1775.02 5914.21 1796.34 5884.07 1798.64 5899.39 1822.85 5884.79 1815.71 5917.29 1834.91 5925.53
9 4727.71 1672.58 4754.22 1678.80 4696.44 1725.51 4688.42 1710.77 4607.03 1695.61 4651.23 1648.35 4653.40 1627.42 4697.09 1645.43 4737.81 1638.50
11 4645.98 2403.67 4627.91 2400.26 4621.06 2395.22 4616.08 2401.34 4612.93 2394.93 4601.39 2396.82 4591.18 2383.41 4578.71 2375.73 4614.43 2357.91 4641.13 2365.03 4648.72 2370.87
15 6257.95 2629.38 6278.93 2656.88 6253.75 2644.78 6238.96 2695.18 6210.29 2654.00 6229.26 2636.09 6223.82 2618.50 6226.10 2618.09 6209.03 2582.78 6245.42 2590.94 6269.20 2557.61 6253.74 2606.56 6293.07 2602.29 6291.56 2611.47 6315.97 2623.53
7 311.37 4098.96 290.68 4106.66 289.89 4121.94 280.62 4118.32 268.50 4149.46 240.96 4084.56 260.04 4084.20
12 4531.99 3759.44 4574.84 3790.56 4569.63 3800.84 4514.71 3778.81 4521.81 3824.80 4505.90 3770.56 4483.07 3778.47 4473.22 3778.31 4466.85 3772.15 4462.82 3741.13 4516.17 3675.44 4546.73 3744.47
9 998.41 4833.20 1000.63 4895.14 896.50 4857.82 851.88 4830.86 969.43 4740.87 967.88 4769.21 1021.88 4775.70 993.03 4821.43 991.14 4827.66
13 2892.69 1456.86 2870.79 1425.06 2861.51 1417.55 2840.73 1421.65 2809.94 1395.07 2822.15 1387.16 2833.56 1384.90 2822.70 1372.90 2864.14 1365.28 2891.47 1358.75 2893.05 1389.16 2932.68 1377.85 2934.89 1395.65
14 6214.03 4492.05 6216.32 4514.76 6204.69 4484.80 6197.38 4493.18 6193.33 4477.81 6192.63 4462.05 6184.58 4450.53 6198.53 4422.39 6210.75 4434.00 6208.45 4457.40 6241.38 4435.70 6241.66 4450.97 6232.91 4465.37 6220.90 4470.23
15 3766.74 4930.81 3707.65 4932.51 3740.11 4956.60 3742.16 4998.97 3695.39 5013.38 3590.24 4900.25 3656.14 4913.72 3626.48 4881.87 3676.24 4881.93 3682.77 4871.44 3698.98 4894.75 3732.82 4860.71 3766.51 4866.92 3751.76 4885.05 3753.70 4920.46
8 2866.48 517.41 2804.83 550.35 2799.98 530.47 2774.19 522.48 2788.62 457.68 2796.85 454.89 2848.23 466.52 2867.76 478.49
14 3750.87 2140.55 3752.24 2176.79 3733.62 2180.24 3720.57 2173.70 3705.15 2169.43 3708.64 2132.97 3658.67 2148.26 3655.89 2105.72 3676.76 2102.02 3694.79 2098.65 3698.34 2083.66 3718.67 2052.35 3740.14 2099.63 3774.56 2104.01
8 5661.65 5470.64 5648.56 5476.40 5651.23 5479.91 5646.03 5485.02 5591.35 5491.57 5559.76 5478.67 5604.18 5413.11 5638.75 5430.83
7 2641.89 2806.74 2599.96 2759.75 2615.82 2763.36 2625.61 2763.94 2626.38 2760.10 2646.92 2752.71 2670.74 2772.56
9 1372.85 2435.42 1405.62 2450.25 1283.93 2420.17 1246.14 2413.26 1269.07 2352.44 1311.05 2392.68 1314.71 2364.98 1348.71 2408.92 1347.93 2419.49
9 3935.98 2502.75 3969.75 2568.10 3930.42 2551.17 3925.83 2572.47 3890.64 2514.47 3877.88 2469.81 3932.12 2428.37 3922.94 2481.22 3958.18 2475.83
9 300.33 2825.49 293.86 2842.20 281.00 2844.08 246.21 2878.74 266.38 2833.05 225.99 2821.41 254.94 2798.66 249.56 2768.06 315.46 2770.22
5 4890.40 2259.01 4885.55 2289.63 4873.20 2232.89 4859.65 2208.10 4936.94 2238.46
15 1669.48 4722.47 1630.12 4694.27 1567.58 4710.47 1558.87 4712.50 1544.84 4710.37 1584.56 4688.56 1543.58 4698.74 1538.13 4663.12 1577.36 4659.21 1573.28 4636.99 1563.67 4626.01 1595.72 4645.56 1601.41 4647.56 1614.27 4643.24 1632.76 4661.39
14 5456.10 249.70 5436.95 260.13 5432.85 259.52 5425.03 287.05 5384.47 267.19 5394.19 258.57 5408.70 253.59 5385.69 248.45 5392.24 242.04 5405.85 242.10 5407.13 234.33 5406.36 227.20 5412.82 225.81 5433.83 232.31
6 1115.50 3586.77 1057.10 3627.55 984.82 3528.09 1033.18 3536.37 1031.30 3490.56 1082.75 3486.26
9 5789.01 277.18 5775.45 304.88 5730.87 300.84 5720.98 290.43 5721.51 269.32 5739.55 264.67 5746.03 236.15 5771.48 246.20 5753.32 269.63
5 5475.95 4985.85 5430.58 4964.58 5404.70 4960.68 5443.70 4896.36 5475.10 4936.52
15 645.14 2828.23 583.52 2835.66 595.19 2792.39 581.56 2801.81 596.17 2764.83 528.60 2769.29 539.99 2766.03 590.36 2743.78 580.47 2704.10 618.82 2711.40 625.76 2725.98 646.66 2706.90 668.03 2714.52 652.58 2743.85 695.68 2756.12
12 3863.94 2953.36 3867.04 2955.50 3849.59 2958.08 3871.72 2994.63 3791.84 3012.23 3814.00 2961.65 3772.48 2976.97 3807.96 2953.49 3776.34 2962.95 3830.64 2907.52 3831.63 2887.17 3845.97 2892.74
8 3246.04 4215.34 3204.08 4212.93 3180.75 4228.83 3147.39 4177.42 3151.52 4172.79 3194.71 4140.24 3195.73 4145.83 3254.94 4133.38
7 5737.03 2370.33 5713.72 2367.95 5690.88 2402.43 5688.13 2397.82 5673.21 2350.42 5714.57 2348.63 5720.97 2344.31
6 4620.01 3280.20 4614.08 3297.63 4590.20 3305.61 4589.31 3299.30 4586.04 3249.68 4624.79 3251.95
10 4515.87 6063.64 4493.39 6058.93 4514.56 6074.53 4480.10 6088.10 4476.12 6102.29 4475.42 6096.24 4453.85 6034.95 4502.28 6036.29 4496.47 6048.23 4523.78 6050.49
11 2494.62 486.88 2489.93 485.28 2488.53 489.31 2449.28 501.21 2436.94 479.10 2428.96 476.94 2433.84 452.72 2461.95 460.17 2478.24 427.93 2475.31 461.65 2487.53 450.39
14 1937.94 664.88 1938.20 672.10 1910.87 690.70 1908.34 676.00 1905.85 680.80 1891.83 684.12 1900.77 660.84 1893.34 664.26 1895.82 660.97 1893.87 647.15 1899.75 649.36 1913.16 625.06 1918.21 635.38 1945.59 653.15
7 5423.65 170.95 5401.96 206.74 5389.54 223.60 5372.10 172.90 5380.62 118.09 5417.27 118.34 5399.98 151.61
9 4030.88 340.42 4027.94 362.15 3999.06 323.26 3986.71 319.36 3952.39 311.17 3925.25 315.14 3953.26 301.91 4004.04 250.78 4022.60 289.51
8 2417.85 2079.53 2445.91 2141.99 2396.44 2167.72 2326.46 2091.41 2354.50 2082.74 2309.16 2051.56 2371.03 2001.61 2379.15 2031.48
8 4976.67 2141.24 4985.07 2154.91 4972.19 2155.10 4968.85 2160.01 4929.94 2180.48 4954.17 2123.76 4985.16 2120.18 4980.19 2130.99
14 3845.03 691.01 3864.64 715.60 3838.05 718.88 3835.37 698.82 3831.98 696.77 3830.62 720.27 3813.07 719.77 3821.46 688.94 3807.04 682.19 3800.86 637.25 3809.35 631.55 3836.73 625.14 3849.73 641.90 3879.92 652.23
8 2742.52 4048.10 2719.02 4049.96 2689.78 4040.39 2695.42 4026.16 2696.80 3982.93 2715.32 4005.80 2715.15 4002.02 2781.13 4002.12
10 2605.04 919.28 2569.03 931.00 2569.50 940.88 2564.78 960.14 2558.47 935.16 2554.46 932.42 2553.65 908.62 2562.13 900.94 2569.99 892.16 2579.03 911.96
12 1902.96 2189.24 1890.90 2219.61 1853.34 2192.44 1764.05 2165.21 1761.49 2155.69 1805.80 2145.79 1829.38 2154.93 1825.03 2137.10 1835.70 2144.43 1836.67 2094.28 1896.61 2125.92 1923.42 2163.44
13 3818.84 285.18 3767.48 251.69 3756.92 253.12 3790.08 226.23 3792.98 224.29 3761.78 222.31 3767.65 196.35 3786.74 201.69 3759.04 177.13 3766.67 173.83 3799.57 178.29 3801.63 166.52 3825.18 191.88
9 1677.62 3329.08 1671.77 3316.65 1624.24 3305.79 1618.60 3298.59 1613.05 3286.83 1652.19 3220.35 1683.49 3232.08 1718.34 3254.41 1721.93 3259.07
12 1604.25 4498.69 1615.98 4515.04 1538.96 4467.30 1534.58 4448.95 1549.92 4448.09 1562.70 4445.64 1584.34 4443.13 1582.60 4457.42 1616.98 4456.50 1619.71 4470.15 1609.79 4472.85 1600.08 4473.17
9 3768.56 3867.63 3761.32 3908.55 3755.26 3927.89 3672.09 3887.99 3698.78 3875.85 3683.92 3854.93 3713.25 3856.40 3735.87 3777.58 3760.44 3828.08
10 2083.04 1876.64 2068.21 1891.91 2064.99 1884.78 2053.27 1899.11 2051.99 1873.76 2031.13 1835.41 2081.67 1828.67 2079.62 1855.46 2085.24 1852.68 2112.09 1862.63
7 6005.65 4915.49 5935.62 4908.47 5901.82 4907.31 5867.93 4915.68 5855.96 4827.42 5901.70 4871.72 5963.16 4843.05
6 488.24 4684.51 426.75 4682.42 419.23 4663.93 441.73 4660.92 449.36 4635.15 502.99 4617.88
8 1415.76 176.69 1370.34 178.97 1382.94 224.00 1259.65 176.61 1322.64 149.56 1334.73 159.15 1380.53 113.77 1373.37 145.53
8 403.36 5972.59 371.96 6000.21 363.01 6005.52 364.75 5981.92 350.55 5989.86 358.87 5963.87 372.60 5960.99 376.55 5923.19
5 2510.20 5387.01 2470.75 5334.66 2462.22 5305.24 2486.81 5320.86 2550.92 5275.51
10 4136.38 1413.55 4142.84 1441.47 4112.49 1429.15 4104.54 1435.20 4082.38 1418.54 4083.02 1371.38 4118.32 1342.02 4158.14 1331.72 4177.23 1362.85 4131.53 1399.04
13 722.82 2439.67 726.97 2445.02 734.84 2471.43 731.86 2466.50 718.81 2445.21 684.66 2457.34 688.04 2451.07 703.82 2433.19 685.56 2415.16 692.32 2398.36 705.91 2416.97 717.16 2396.52 751.38 2412.76
11 3568.93 902.41 3529.80 887.44 3515.35 907.05 3454.47 921.91 3427.10 887.77 3461.58 840.36 3469.37 839.18 3515.80 807.56 3510.72 829.11 3510.87 833.12 3517.50 861.17
8 5157.33 2689.83 5119.84 2702.79 5110.09 2635.19 5117.48 2628.76 5119.72 2626.06 5122.32 2590.72 5150.56 2611.06 5212.71 2629.24
13 2794.24 1056.23 2752.73 1034.30 2753.77 1052.85 2762.00 1095.05 2720.74 1075.01 2701.16 1047.42 2668.30 1051.45 2673.04 1034.22 2711.83 951.93 2735.99 980.39 2737.16 976.19 2776.18 948.02 2751.14 993.90
10 4296.47 4628.54 4306.99 4633.46 4262.85 4637.81 4259.65 4628.67 4254.18 4646.62 4205.26 4612.90 4270.61 4560.95 4268.64 4588.86 4276.90 4559.73 4270.96 4608.36
10 3962.02 5149.36 3918.12 5153.99 3959.30 5189.20 3867.98 5189.10 3859.06 5202.94 3870.66 5149.33 3835.01 5098.81 3883.15 5081.82 3941.87 5137.20 3948.08 5137.49
6 1384.48 3094.12 1385.27 3115.00 1389.06 3145.87 1328.62 3084.45 1381.10 3065.00 1405.67 3056.81
10 3253.07 3572.22 3286.20 3592.47 3298.62 3612.30 3241.82 3614.68 3233.30 3601.62 3223.62 3629.77 3207.00 3588.25 3190.60 3569.12 3220.27 3537.65 3306.57 3544.38
11 2844.24 3246.47 2840.87 3253.99 2843.59 3255.30 2847.55 3259.85 2749.05 3258.55 2772.78 3233.59 2777.91 3205.18 2781.11 3178.15 2861.68 3206.85 2847.49 3228.85 2873.85 3241.90
6 5379.17 2175.96 5383.82 2183.95 5293.81 2165.76 5297.47 2156.23 5302.56 2119.15 5306.12 2078.45
7 4776.68 5169.42 4770.30 5161.07 4797.50 5163.41 4805.58 5144.18 4806.18 5129.52 4819.99 5127.47 4820.81 5160.95
11 4619.50 3035.67 4613.75 3034.81 4622.84 3067.90 4588.15 3053.82 4558.84 3057.13 4545.86 3063.01 4569.66 3041.27 4537.32 3020.95 4572.22 3023.34 4573.84 3005.84 4595.58 2996.16
5 3339.98 3221.50 3324.02 3238.61 3294.57 3238.61 3305.55 3190.75 3331.93 3199.39
9 2836.47 4441.51 2806.30 4443.01 2817.52 4471.44 2781.06 4471.17 2760.47 4439.23 2751.91 4439.63 2773.19 4424.65 2789.05 4425.78 2804.22 4416.94
12 3066.03 1847.21 3054.44 1857.09 3078.43 1897.47 3046.94 1873.14 2998.94 1873.10 3023.06 1847.17 3020.19 1822.78 3024.43 1813.00 3023.01 1777.46 3062.78 1783.06 3054.66 1823.61 3082.00 1836.98
11 5527.45 5130.84 5513.41 5126.81 5510.24 5130.04 5509.55 5115.29 5495.31 5114.55 5482.91 5098.08 5495.99 5085.17 5498.64 5088.43 5498.57 5085.45 5504.96 5074.89 5521.58 5090.68
12 3088.20 1088.51 3049.99 1013.00 2995.32 1017.55 3020.55 961.93 3057.35 960.47 3068.90 987.03 3065.23 964.74 3081.01 964.87 3121.94 942.66 3092.53 999.11 3090.83 1001.28 3140.77 999.37
6 5938.83 1633.80 5849.23 1626.55 5874.19 1595.56 5847.15 1574.87 5870.79 1582.45 5925.20 1566.74
15 3573.58 1303.29 3578.81 1309.65 3556.72 1310.74 3536.08 1323.73 3521.32 1326.70 3525.57 1317.92 3482.95 1324.00 3498.04 1313.43 3513.29 1285.38 3513.86 1272.06 3519.11 1269.56 3538.46 1276.69 3552.31 1225.84 3583.93 1260.48 3603.78 1278.53
10 959.95 1751.14 946.15 1756.81 915.90 1759.93 865.99 1735.93 889.82 1717.41 913.37 1721.98 936.40 1716.49 930.80 1730.19 964.53 1719.25 938.63 1735.88
13 2287.66 2183.88 2283.49 2172.49 2254.80 2186.10 2249.04 2155.95 2241.95 2147.91 2273.78 2146.39 2280.35 2143.67 2281.15 2125.52 2310.67 2128.24 2297.15 2145.78 2307.74 2142.56 2320.28 2144.11 2328.56 2145.30
11 1753.18 3680.02 1752.70 3689.39 1726.05 3686.56 1720.04 3731.30 1694.12 3710.50 1704.06 3685.85 1681.48 3697.06 1672.46 3671.97 1679.03 3643.20 1713.11 3658.30 1771.89 3659.21
9 934.65 5105.68 895.53 5106.88 909.63 5133.35 914.52 5143.22 861.44 5100.49 833.64 5059.48 851.53 5067.09 857.92 5045.38 873.89 5048.97
5 5399.42 3047.38 5356.06 3034.74 5326.48 3032.94 5365.02 3007.43 5365.00 2974.67
14 6078.96 4148.85 6057.66 4141.90 6080.86 4156.79 6057.24 4159.43 6032.16 4157.85 6018.51 4146.30 6022.46 4122.35 6025.60 4120.80 6021.79 4115.94 6037.12 4126.24 6044.80 4086.26 6047.85 4127.67 6056.80 4131.04 6081.13 4122.06
9 2174.57 5415.68 2175.36 5424.87 2135.15 5401.98 2149.74 5376.19 2161.58 5393.45 2187.16 5396.08 2216.18 5387.86 2183.66 5402.55 2212.41 5405.66
11 4951.96 2736.11 4938.19 2745.92 4940.10 2737.93 4937.08 2726.82 4921.21 2717.86 4912.10 2705.94 4930.39 2712.45 4938.17 2715.36 4969.33 2702.74 4964.97 2712.82 4957.18 2721.04
12 350.60 1559.24 369.47 1574.64 369.32 1582.75 331.79 1575.96 294.84 1605.68 307.15 1567.53 284.64 1560.69 298.12 1533.07 294.93 1507.01 318.54 1526.31 336.84 1517.42 379.55 1519.86
10 2636.33 1607.78 2607.34 1614.20 2603.07 1615.78 2595.06 1625.60 2594.15 1620.33 2552.62 1602.60 2586.69 1592.52 2575.53 1583.34 2598.31 1584.31 2628.38 1556.02
15 4205.41 3039.49 4194.45 3042.02 4213.19 3068.09 4183.35 3094.80 4176.78 3051.99 4144.42 3089.16 4160.84 3049.61 4138.32 3049.16 4119.25 3041.24 4161.79 3033.74 4160.79 2986.95 4173.97 3017.80 4186.17 2998.56 4192.41 3019.33 4207.02 3035.83
5 5477.27 5979.97 5437.67 5998.50 5386.75 5975.36 5466.26 5954.15 5485.88 5972.93
14 4139.77 1940.36 4150.91 1961.48 4126.45 1956.38 4120.04 1954.09 4107.56 1979.27 4117.41 1947.17 4102.89 1961.79 4108.89 1955.22 4082.00 1939.47 4125.08 1923.97 4127.89 1902.92 4126.45 1930.24 4134.69 1931.34 4163.32 1937.61
13 4331.53 3938.77 4302.54 3930.76 4300.96 3986.80 4287.87 3977.81 4279.87 3964.66 4227.38 3948.91 4267.52 3913.05 4246.89 3913.69 4250.24 3910.38 4254.31 3903.67 4274.89 3904.65 4218.22 3869.30 4280.93 3852.08
6 2528.28 5958.88 2478.72 5955.17 2434.27 5913.90 2451.20 5869.76 2471.86 5868.06 2469.96 5826.82
6 6081.45 4318.14 6055.11 4391.96 6065.57 4280.05 6122.92 4260.47 6064.92 4294.26 6128.90 4300.61
