Medium_200_B
1790.23 3785.36
3739.80 2030.85
4 0.00 0.00 6000.00 0.00 6000.00 6000.00 0.00 6000.00
200
8 1818.22 4556.29 1806.43 4561.72 1780.37 4595.62 1762.10 4561.49 1737.88 4560.19 1763.44 4513.24 1769.04 4517.26 1781.97 4520.77
5 4789.42 2746.97 4861.79 2717.99 4865.97 2766.67 4796.74 2784.15 4789.85 2777.43
13 5370.70 2058.40 5364.02 2098.52 5362.80 2072.44 5366.00 2058.24 5341.22 2086.14 5322.68 2064.72 5354.69 2031.84 5342.24 2015.51 5363.21 2038.07 5387.87 2002.85 5387.88 2019.67 5381.28 2041.56 5409.02 2037.76
7 4803.57 1722.42 4777.97 1775.23 4746.89 1721.52 4705.09 1737.12 4781.61 1682.07 4813.46 1666.82 4806.20 1676.22
8 4682.68 5517.46 4673.88 5428.46 4728.69 5420.27 4742.29 5421.78 4750.58 5448.44 4753.34 5498.19 4747.61 5524.05 4703.77 5529.48
12 5136.27 1569.32 5065.31 1624.83 5046.08 1623.50 4997.13 1593.01 4998.00 1586.23 4998.56 1582.71 5013.49 1511.60 5030.06 1480.48 5079.86 1470.52 5090.14 1471.62 5098.09 1477.91 5114.94 1495.97
13 1993.50 701.67 1983.03 702.57 1967.08 708.29 1961.14 718.51 1949.89 699.10 1953.04 694.71 1936.52 694.72 1943.28 687.81 1945.20 675.77 1933.39 653.76 1960.13 669.40 1972.90 668.45 1999.76 670.62
9 5227.99 1006.78 5219.90 978.21 5247.95 931.66 5266.30 924.51 5297.10 932.23 5310.65 942.07 5333.97 976.46 5306.01 1026.26 5299.01 1033.50
10 2009.28 2045.36 2030.76 1994.30 2061.00 1978.88 2100.70 2000.79 2129.06 2017.76 2138.11 2037.93 2109.12 2068.33 2083.12 2082.79 2032.79 2099.44 2021.54 2096.31
10 3334.85 3665.93 3350.64 3648.26 3364.18 3648.27 3375.20 3663.14 3385.14 3689.13 3384.50 3694.66 3376.68 3718.97 3354.64 3721.51 3326.08 3708.51 3328.88 3683.56
5 3632.49 1418.38 3510.38 1353.98 3526.09 1333.50 3634.59 1281.70 3650.54 1270.40
9 3101.05 2393.65 3030.29 2365.06 3021.43 2350.50 3017.23 2330.38 3031.23 2284.59 3044.74 2269.77 3118.04 2272.23 3140.35 2284.08 3123.47 2356.29
14 2392.10 3189.24 2446.16 3220.43 2403.45 3244.96 2340.30 3227.30 2312.72 3269.33 2338.27 3201.49 2282.57 3208.48 2269.13 3163.60 2262.86 3160.38 2320.65 3171.27 2351.89 3151.14 2361.41 3145.63 2380.88 3140.73 2432.29 3149.22
8 3505.69 2795.90 3472.45 2724.25 3484.28 2681.88 3521.37 2656.58 3591.75 2671.24 3615.80 2714.39 3607.59 2743.43 3566.12 2771.43
8 2086.66 1725.17 2005.77 1632.96 2040.75 1579.33 2081.24 1559.38 2141.39 1594.21 2165.62 1631.70 2172.66 1645.28 2101.89 1715.96
6 4857.93 5326.13 4814.70 5392.40 4809.39 5243.45 4820.95 5244.67 4839.78 5252.60 4843.91 5246.66
9 4377.62 1861.95 4371.92 1885.92 4356.27 1912.82 4338.15 1889.09 4296.24 1890.81 4298.11 1831.88 4321.61 1845.33 4305.23 1823.39 4361.23 1826.16
9 806.50 4894.94 726.68 4940.40 723.36 4937.66 673.11 4880.39 683.00 4839.21 710.84 4795.51 745.11 4785.50 795.59 4830.74 801.99 4841.39
7 4163.16 5358.17 4185.81 5337.63 4260.01 5370.76 4264.46 5392.14 4244.96 5441.16 4202.34 5451.11 4170.80 5414.54
7 5324.74 2986.83 5271.78 3046.49 5290.99 2992.59 5264.93 3000.52 5275.91 2960.33 5277.57 2940.24 5316.38 2968.44
9 5482.97 3687.21 5496.60 3744.49 5384.36 3702.74 5399.89 3674.78 5408.14 3672.48 5436.52 3650.59 5442.58 3648.60 5483.63 3638.65 5477.03 3662.83
5 3241.25 4826.42 3218.51 4780.46 3243.60 4803.21 3252.62 4809.25 3287.31 4791.58
14 1837.06 1750.44 1830.58 1752.05 1815.24 1770.55 1810.18 1784.99 1803.27 1796.40 1766.24 1790.28 1775.10 1757.05 1777.24 1755.19 1736.06 1745.50 1755.07 1730.73 1790.12 1718.43 1799.88 1737.59 1813.58 1728.63 1834.26 1724.13
6 4588.70 433.00 4559.13 404.52 4542.15 390.54 4597.00 382.15 4598.47 400.72 4646.09 410.15
10 3570.30 2098.22 3553.93 2063.07 3572.94 2043.65 3591.86 2028.58 3610.10 2026.79 3641.32 2051.78 3631.52 2073.46 3612.45 2093.34 3599.50 2102.28 3576.90 2099.83
9 3961.58 995.68 3937.14 997.02 3957.60 1016.52 3917.48 1001.40 3898.43 993.40 3889.50 990.70 3904.01 975.78 3911.42 958.16 3936.46 991.77
10 5854.00 1325.97 5868.04 1357.75 5846.32 1380.50 5798.98 1333.06 5790.73 1306.26 5797.24 1295.82 5826.37 1288.37 5845.44 1289.41 5856.53 1297.98 5860.04 1302.52
11 1799.44 1113.90 1792.98 1128.67 1776.31 1130.67 1747.35 1129.43 1730.10 1112.77 1716.61 1086.32 1735.89 1058.70 1764.45 1084.86 1786.92 1091.15 1804.80 1080.59 1815.58 1081.02
10 1898.73 4702.23 1894.64 4635.29 1943.63 4611.21 2005.98 4590.81 2022.77 4618.39 2038.08 4650.40 2028.26 4687.08 2019.94 4700.91 1993.35 4731.44 1936.80 4724.58
10 4079.74 171.36 4096.21 116.67 4136.58 98.32 4183.78 104.27 4220.95 112.78 4248.71 172.01 4245.73 183.92 4219.03 214.97 4177.33 243.06 4126.34 230.84
10 2003.45 634.07 2049.22 563.53 2065.58 555.29 2124.53 546.98 2146.84 570.09 2151.06 587.19 2164.97 664.48 2144.01 691.71 2102.22 687.86 2012.47 644.63
13 3546.21 365.51 3532.50 368.44 3551.08 380.48 3531.26 382.41 3521.34 380.08 3508.61 367.51 3489.62 348.85 3480.44 340.92 3520.17 355.26 3524.25 353.40 3531.48 322.45 3529.84 331.16 3535.70 347.22
10 3279.74 1983.55 3268.91 1979.43 3259.47 1945.29 3258.04 1925.21 3287.31 1904.94 3300.70 1904.20 3313.19 1904.07 3328.49 1915.91 3338.16 1941.48 3297.67 1982.22
7 2522.44 1855.52 2446.19 1768.98 2452.88 1755.07 2542.86 1702.16 2583.59 1736.36 2588.36 1755.22 2556.77 1831.64
5 3846.38 1553.51 3852.73 1574.67 3845.58 1575.95 3803.05 1511.91 3791.91 1500.36
12 1209.25 2141.07 1233.29 2197.26 1211.83 2226.08 1208.34 2226.88 1186.39 2230.74 1158.18 2221.81 1156.99 2220.42 1145.37 2187.17 1146.37 2183.90 1159.73 2145.34 1174.89 2131.13 1192.34 2129.32
5 3919.66 2813.41 3907.26 2796.91 3853.40 2782.13 3860.72 2755.40 3885.21 2761.15
7 4116.63 4462.32 4079.28 4461.84 4058.60 4503.11 4060.15 4491.54 4049.19 4492.98 4048.88 4437.35 4058.57 4413.46
6 2817.26 4558.68 2780.55 4523.05 2798.58 4502.86 2794.94 4491.32 2808.44 4512.64 2842.61 4512.19
7 1528.93 4202.28 1621.40 4148.49 1643.09 4150.42 1650.42 4222.76 1632.24 4274.14 1580.71 4275.66 1550.95 4252.52
10 1074.78 4556.72 1084.95 4526.89 1102.15 4521.24 1118.38 4523.29 1158.34 4538.83 1160.18 4586.45 1156.65 4595.90 1121.33 4612.99 1093.82 4600.41 1087.17 4593.91
8 736.80 339.97 761.10 245.93 793.11 222.59 821.48 221.69 858.90 246.39 869.91 278.37 854.14 321.35 810.17 333.93
11 4045.16 355.27 3972.48 367.85 3971.22 366.76 3953.69 384.15 3946.02 374.77 3934.87 369.60 3895.24 371.48 3922.26 346.23 3908.98 340.83 3980.11 323.91 4015.71 332.50
6 4201.49 4556.35 4240.16 4691.60 4148.79 4728.39 4112.78 4660.77 4091.66 4590.87 4148.26 4559.45
6 4146.69 5258.60 4081.49 5298.44 4078.90 5277.55 4076.03 5263.53 4017.71 5265.84 4038.99 5244.83
7 3073.72 5026.87 3027.02 4953.65 3037.34 4934.08 3076.18 4929.19 3131.29 4928.66 3157.86 4977.28 3119.39 5023.27
14 1696.06 5640.41 1690.35 5647.61 1668.90 5658.43 1670.69 5681.02 1661.36 5652.68 1659.25 5691.07 1650.38 5702.24 1649.14 5687.04 1644.62 5686.25 1624.55 5638.01 1647.21 5586.76 1659.92 5611.56 1660.98 5612.26 1680.05 5632.37
10 5828.13 1928.41 5776.35 1934.58 5738.36 1940.72 5748.54 1898.76 5699.05 1887.63 5681.16 1872.30 5718.01 1866.59 5742.39 1868.25 5794.87 1841.29 5787.06 1862.77
5 1121.68 1361.31 1101.97 1285.83 1119.07 1262.47 1167.72 1298.72 1166.64 1330.16
10 950.03 2948.16 897.09 2970.48 896.38 2965.43 882.05 3004.32 837.13 2931.93 862.66 2907.57 874.04 2915.07 909.19 2867.58 912.27 2905.32 928.82 2940.47
10 5690.42 4785.32 5689.77 4848.67 5683.38 4846.16 5642.27 4800.60 5638.89 4799.04 5641.69 4776.46 5580.47 4777.81 5640.22 4714.61 5653.06 4726.44 5708.34 4733.09
9 680.86 1479.20 694.71 1429.50 756.90 1388.57 796.21 1398.24 816.47 1404.07 844.35 1468.22 806.86 1546.17 786.42 1550.12 712.09 1530.28
6 1081.13 834.38 1070.59 824.20 1063.15 841.47 1038.49 802.23 1059.70 750.16 1095.89 801.35
7 2903.50 3145.66 2940.65 3121.50 2995.10 3129.77 3019.29 3181.52 3027.30 3230.12 3005.91 3241.74 2916.34 3200.82
15 3949.58 859.30 3958.57 867.00 3950.29 863.96 3942.77 881.57 3947.65 898.46 3932.06 869.98 3911.87 895.08 3917.56 857.55 3906.87 862.51 3897.29 860.54 3901.21 852.06 3904.69 845.20 3927.53 836.73 3933.70 812.70 3959.93 829.38
9 4372.80 2193.94 4334.20 2243.73 4312.31 2218.43 4285.85 2256.63 4268.57 2230.11 4265.25 2229.24 4231.21 2219.99 4242.96 2129.23 4309.02 2163.09
10 1282.51 1934.64 1320.84 1899.78 1340.89 1899.09 1368.00 1900.17 1376.89 1907.06 1388.94 1929.54 1380.95 1975.23 1362.33 1991.38 1327.17 1993.98 1285.59 1952.49
9 3291.55 5551.78 3312.17 5441.79 3318.24 5435.86 3363.75 5453.19 3420.47 5480.79 3421.80 5533.66 3383.56 5582.12 3331.26 5591.50 3296.72 5567.40
13 4677.90 5836.06 4690.19 5850.66 4660.90 5909.40 4625.72 5902.05 4610.21 5847.90 4590.69 5871.74 4612.26 5828.79 4546.59 5843.43 4611.42 5818.53 4575.77 5745.37 4608.63 5731.70 4622.81 5748.88 4642.43 5749.12
10 5305.97 1265.35 5314.59 1297.22 5302.61 1305.02 5260.18 1312.68 5244.38 1309.52 5238.83 1298.21 5240.13 1281.53 5244.61 1271.60 5248.23 1269.05 5283.60 1261.59
11 5552.59 3302.07 5608.42 3335.60 5574.72 3342.90 5534.02 3326.03 5527.00 3384.14 5517.21 3322.22 5485.00 3319.89 5490.53 3315.91 5491.07 3238.93 5525.95 3219.22 5535.75 3260.84
8 5397.98 4589.81 5381.75 4621.84 5353.71 4614.31 5332.97 4578.64 5353.70 4543.91 5366.79 4536.11 5381.46 4533.48 5392.93 4557.23
9 387.43 5669.51 385.25 5674.52 376.50 5689.81 368.04 5699.15 345.10 5691.63 347.90 5681.28 321.31 5666.70 343.15 5640.95 371.85 5640.07
7 315.41 1993.20 355.00 2020.11 347.48 2062.99 312.53 2076.46 309.66 2075.76 275.26 2049.01 276.05 2036.66
7 3352.39 5717.45 3341.58 5678.09 3327.82 5636.97 3351.64 5663.21 3372.28 5661.25 3397.20 5685.75 3392.76 5689.94
8 2417.71 5748.90 2431.82 5774.37 2397.86 5787.23 2314.17 5741.55 2332.42 5727.23 2319.21 5680.89 2318.76 5642.54 2331.52 5647.33
7 4971.16 620.58 4927.44 633.45 4960.75 608.32 4950.93 585.51 4971.84 581.15 4975.37 517.33 5008.87 594.13
12 757.16 1657.15 755.73 1671.06 724.03 1676.39 724.11 1669.11 735.28 1652.68 735.74 1649.90 720.51 1649.70 735.05 1646.56 725.71 1632.27 745.84 1633.21 758.91 1635.61 785.86 1648.70
7 5751.64 1735.10 5725.04 1770.08 5688.56 1752.51 5680.26 1710.52 5702.85 1692.76 5718.15 1681.69 5744.65 1696.03
8 211.27 2323.49 226.49 2351.68 201.80 2347.33 181.51 2328.00 110.70 2335.83 155.48 2277.30 150.79 2227.99 208.17 2293.46
8 3058.78 5219.38 3003.21 5247.26 3006.68 5170.43 3012.69 5149.99 3007.73 5187.50 3020.64 5170.97 3080.76 5187.71 3037.67 5212.80
5 1008.14 3473.55 970.24 3482.72 952.37 3479.22 962.91 3445.72 995.43 3456.40
6 5718.36 1948.55 5683.05 2014.25 5637.14 2006.39 5598.17 1922.90 5674.97 1888.42 5709.84 1916.23
7 725.91 5258.74 707.03 5295.21 668.68 5283.82 661.34 5279.83 648.89 5268.03 694.42 5213.27 728.89 5243.87
15 4027.74 5194.71 4019.32 5197.98 4025.51 5202.94 3996.98 5189.42 4012.30 5218.38 3995.59 5195.27 3999.73 5221.12 3992.80 5211.40 3962.00 5195.72 3958.84 5179.07 3976.71 5182.51 3976.67 5165.15 3985.60 5163.47 3994.52 5175.17 4027.74 5167.07
14 4177.23 1236.96 4127.30 1231.88 4112.74 1236.44 4099.56 1243.32 4064.73 1259.26 4045.37 1242.21 4025.61 1225.15 4073.94 1215.08 4084.16 1202.72 4101.03 1156.71 4103.06 1189.36 4110.48 1188.84 4134.06 1163.89 4131.05 1216.44
8 851.13 5692.53 826.48 5732.10 793.24 5729.96 729.26 5704.61 739.98 5667.18 752.39 5641.60 780.64 5623.21 816.04 5630.33
8 572.39 4828.30 540.51 4793.76 542.96 4775.80 568.03 4735.60 612.05 4742.17 628.35 4789.26 619.68 4814.87 579.93 4826.80
10 865.70 2065.40 784.52 2072.51 777.20 2081.92 716.43 2069.78 753.48 2032.27 744.25 2010.19 726.66 1990.67 772.60 1999.89 821.61 1955.01 819.45 1993.27
9 2949.94 5582.26 2894.68 5642.51 2843.35 5638.66 2793.47 5588.72 2805.95 5562.04 2835.22 5504.55 2862.66 5509.87 2900.39 5520.43 2929.91 5539.50
5 2618.07 3613.43 2609.26 3622.69 2603.65 3573.50 2611.75 3553.65 2669.39 3567.17
5 4375.58 5699.56 4296.31 5673.10 4338.95 5610.22 4394.15 5668.92 4428.81 5675.48
9 3659.61 1674.77 3675.93 1632.96 3690.48 1613.31 3783.45 1650.43 3787.75 1664.12 3769.56 1708.32 3736.31 1720.04 3708.98 1722.35 3686.62 1723.24
8 1375.58 3381.01 1331.93 3408.14 1302.79 3395.69 1275.17 3372.38 1258.49 3345.72 1273.81 3309.65 1340.78 3272.06 1354.55 3287.72
5 906.25 1752.86 920.51 1772.20 895.12 1798.65 818.40 1778.45 828.68 1727.36
9 2611.79 341.00 2627.23 300.39 2633.58 294.73 2659.52 275.28 2685.64 276.90 2717.02 329.30 2705.38 365.41 2687.03 382.27 2623.56 363.42
8 5774.97 2284.07 5794.93 2319.85 5783.27 2349.28 5758.27 2358.23 5742.87 2349.74 5726.20 2327.74 5733.00 2295.57 5760.31 2285.27
13 1670.52 4453.55 1648.13 4459.80 1642.66 4464.70 1647.16 4484.26 1626.18 4460.91 1595.95 4440.48 1632.98 4431.63 1650.69 4425.04 1655.22 4422.01 1656.99 4427.23 1661.52 4426.14 1662.47 4433.34 1665.83 4432.42
6 4672.20 3238.02 4715.48 3262.04 4698.21 3375.75 4616.54 3397.57 4590.76 3367.34 4594.97 3288.67
14 2655.76 5104.94 2654.28 5111.85 2648.14 5103.58 2644.91 5105.82 2635.68 5109.93 2623.39 5108.94 2622.72 5091.66 2630.64 5066.34 2639.42 5054.76 2653.97 5059.45 2656.80 5082.68 2663.23 5068.82 2671.48 5080.50 2665.73 5089.84
13 1801.09 5255.00 1801.91 5280.95 1773.33 5295.37 1769.81 5290.50 1774.62 5256.26 1742.90 5248.28 1764.70 5245.46 1763.40 5242.74 1765.37 5236.10 1774.97 5209.10 1790.18 5211.51 1790.54 5219.33 1795.25 5215.25
11 4670.39 1448.70 4632.95 1447.71 4602.59 1362.93 4597.62 1335.11 4616.46 1327.77 4668.80 1319.85 4675.63 1319.04 4701.96 1333.78 4720.02 1351.89 4719.40 1362.41 4702.26 1398.89
9 5632.38 2503.66 5620.20 2445.18 5682.20 2419.70 5689.87 2416.66 5693.15 2419.33 5761.46 2476.67 5763.12 2501.70 5725.36 2544.02 5665.41 2560.59
6 4107.69 762.83 4131.84 674.27 4132.15 673.12 4136.08 668.01 4135.47 677.01 4174.84 675.59
6 3854.47 2000.95 3891.41 1969.27 3932.71 2007.81 3925.35 2038.01 3894.84 2050.41 3865.80 2030.43
10 3308.01 687.12 3272.40 754.17 3238.92 741.90 3225.80 727.04 3263.97 689.37 3223.18 670.11 3266.04 674.07 3237.87 642.58 3290.67 644.15 3309.34 657.95
12 5117.13 2426.66 5100.10 2441.00 5083.19 2429.24 5085.24 2459.98 5081.02 2454.06 5075.98 2443.46 5073.93 2433.40 5054.22 2435.14 5089.48 2392.30 5093.70 2387.48 5093.11 2409.64 5102.10 2407.99
9 1865.31 4782.47 1902.78 4775.95 1935.81 4795.34 1957.61 4847.51 1905.25 4861.63 1868.54 4867.82 1851.00 4863.22 1843.80 4829.82 1855.65 4793.68
8 3182.70 586.90 3188.57 590.75 3133.74 636.28 3122.57 581.23 3134.15 555.72 3166.31 555.28 3160.44 567.22 3203.28 569.98
15 3769.07 1953.85 3769.30 1961.76 3752.85 1976.56 3744.27 1991.71 3748.44 1950.70 3699.78 1943.59 3720.79 1906.80 3747.18 1910.33 3760.98 1905.87 3776.18 1912.94 3806.31 1896.74 3780.26 1924.34 3780.53 1931.63 3808.05 1927.00 3830.10 1925.90
9 3410.36 3015.19 3397.12 3018.15 3426.64 3029.75 3389.56 3027.57 3365.60 3010.45 3368.81 3000.78 3397.55 2988.50 3394.08 3002.67 3399.05 3008.38
6 3218.40 4553.26 3187.95 4552.23 3170.38 4591.56 3175.49 4528.89 3195.22 4518.81 3187.46 4544.09
10 2805.75 1872.22 2806.77 1828.20 2827.05 1820.01 2849.21 1818.52 2864.42 1833.84 2868.82 1843.86 2864.45 1885.54 2854.94 1898.11 2827.29 1886.82 2818.39 1881.23
9 750.00 5423.12 756.95 5397.60 805.96 5370.66 818.12 5371.51 859.31 5428.43 853.03 5438.84 845.98 5450.40 831.38 5463.28 781.72 5454.42
11 1216.82 4227.37 1207.97 4247.44 1197.05 4275.71 1182.73 4250.86 1158.93 4226.95 1164.75 4218.86 1190.59 4207.84 1196.89 4191.74 1209.14 4180.99 1211.01 4191.33 1235.80 4201.93
7 3095.94 1974.96 3034.21 1879.60 3054.61 1857.13 3121.66 1805.22 3161.88 1824.58 3203.28 1870.82 3193.22 1917.23
6 685.39 656.16 655.66 699.99 616.21 680.53 614.91 659.76 620.26 628.67 645.55 622.52
11 3971.14 2264.97 3969.20 2218.54 3980.57 2187.74 4003.11 2167.38 4035.18 2150.83 4074.02 2136.58 4100.56 2157.07 4124.66 2203.97 4123.50 2215.53 4095.01 2286.28 3993.95 2291.82
14 2767.94 2877.65 2769.47 2879.06 2753.20 2886.20 2756.32 2916.67 2748.11 2913.90 2741.12 2910.47 2730.37 2888.01 2733.60 2879.61 2710.13 2877.22 2705.62 2863.49 2713.60 2852.76 2734.01 2856.51 2724.23 2840.62 2737.71 2855.29
5 3671.04 4665.23 3663.46 4721.46 3641.59 4686.98 3615.55 4676.97 3709.70 4619.42
8 4255.36 1298.58 4331.87 1252.88 4393.70 1282.70 4441.35 1328.66 4377.32 1382.90 4363.01 1390.35 4331.98 1394.17 4284.56 1381.10
7 2155.14 3398.46 2070.11 3463.46 2049.30 3446.48 2041.20 3356.80 2047.13 3341.57 2105.12 3342.19 2127.45 3352.60
11 3492.27 4536.12 3501.18 4540.37 3485.64 4536.77 3496.46 4553.77 3489.98 4551.09 3500.88 4564.88 3487.05 4551.95 3485.88 4553.85 3456.84 4546.07 3452.98 4544.15 3442.78 4507.34
7 4416.80 1590.47 4375.08 1530.89 4395.25 1487.38 4400.17 1483.96 4414.95 1480.07 4504.46 1515.22 4471.19 1587.24
7 385.10 3596.71 321.16 3525.40 379.70 3484.70 411.04 3490.83 418.75 3502.80 421.35 3545.17 396.49 3593.92
11 4074.23 924.22 4056.47 924.89 4039.79 934.33 4038.60 913.51 4023.40 898.22 4033.21 902.13 4035.52 888.00 4043.19 891.01 4048.95 909.27 4055.50 912.41 4068.99 903.63
7 3809.54 2308.50 3765.15 2334.18 3718.28 2282.82 3781.20 2245.50 3777.95 2261.38 3767.58 2277.87 3767.13 2304.29
7 4499.30 5464.04 4532.75 5526.80 4469.34 5602.85 4453.80 5598.70 4433.08 5590.26 4416.83 5570.25 4435.60 5516.82
8 2572.26 589.21 2661.50 535.84 2706.81 566.15 2716.74 617.90 2716.19 633.76 2651.28 679.41 2624.43 669.87 2580.51 651.46
8 2751.27 1160.15 2706.45 1130.94 2707.66 1114.92 2723.52 1076.65 2775.86 1058.85 2795.89 1068.62 2794.11 1088.24 2786.03 1136.16
7 456.88 1911.01 523.17 1785.28 564.45 1790.36 590.80 1798.35 631.01 1903.84 560.42 1966.03 503.18 1937.39
8 2098.31 5001.94 2077.23 5017.57 2058.97 5020.53 1971.96 5061.39 1984.98 5008.64 1992.85 4946.97 2043.98 4963.68 2059.89 4961.04
9 5864.33 5743.57 5811.85 5737.60 5782.83 5777.57 5807.68 5691.91 5816.88 5696.75 5848.82 5677.43 5854.53 5693.97 5867.51 5694.41 5866.07 5704.48
13 2493.45 3838.74 2492.95 3845.72 2484.86 3872.70 2419.52 3900.05 2409.88 3887.29 2411.67 3851.99 2364.53 3843.13 2394.85 3794.59 2432.20 3790.77 2433.73 3797.08 2442.10 3779.47 2454.62 3819.48 2501.29 3806.95
11 5686.95 3941.07 5718.19 3978.80 5701.68 4029.63 5693.93 4034.05 5673.04 4029.97 5664.24 4026.22 5655.12 4019.87 5639.85 3991.38 5648.75 3966.81 5664.23 3950.62 5672.89 3946.01
11 476.79 4459.67 472.91 4465.27 451.26 4494.32 425.45 4483.05 441.72 4468.82 431.91 4473.46 433.64 4453.39 416.97 4439.47 440.79 4447.87 433.12 4429.87 452.37 4415.73
9 2928.46 652.71 2911.43 635.62 2924.93 594.81 2934.06 579.53 2965.08 579.43 2999.02 596.65 2998.06 631.19 2971.60 660.12 2941.91 656.48
10 2968.97 5057.56 2942.18 5087.76 2938.96 5080.21 2937.34 5134.69 2927.23 5130.72 2891.74 5074.77 2910.46 5059.50 2908.37 5004.18 2944.49 4980.47 2948.29 5034.11
11 4009.71 3382.21 3938.20 3336.49 3918.26 3296.88 3915.06 3287.53 3966.19 3252.71 4029.71 3260.98 4045.81 3276.87 4054.88 3303.86 4055.46 3306.05 4047.02 3340.84 4040.55 3367.08
8 3684.09 514.69 3660.77 550.46 3634.28 537.93 3611.73 521.54 3612.32 511.93 3634.31 475.59 3646.98 476.28 3683.83 504.69
9 4922.52 4491.22 4905.40 4504.06 4868.48 4502.30 4859.19 4498.94 4895.62 4449.57 4907.27 4456.34 4910.09 4465.80 4905.37 4479.07 4918.33 4471.29
8 2996.78 5393.09 3004.80 5321.14 3033.74 5320.57 3109.58 5326.67 3110.41 5350.20 3091.37 5406.14 3074.63 5417.70 3037.91 5422.68
7 666.04 1377.44 611.75 1339.58 646.01 1339.85 632.64 1321.92 659.69 1297.07 722.51 1317.71 726.74 1348.28
9 2710.39 1512.37 2778.52 1465.11 2801.65 1465.48 2828.86 1526.31 2835.73 1542.38 2840.61 1560.92 2803.81 1587.13 2749.80 1593.57 2724.89 1556.45
15 4423.97 279.63 4396.52 265.22 4365.44 291.38 4368.78 277.45 4378.81 265.82 4358.89 270.77 4349.79 267.89 4346.95 263.03 4371.63 239.90 4361.94 230.27 4384.37 241.47 4400.04 219.94 4399.19 244.51 4406.16 238.78 4411.84 253.03
9 1399.07 2827.42 1463.01 2838.68 1458.43 2881.04 1438.43 2900.94 1412.49 2909.35 1406.27 2910.89 1402.55 2906.15 1394.78 2862.30 1395.87 2846.82
10 2738.62 1981.36 2765.51 1998.25 2710.68 2027.70 2647.83 1981.04 2631.08 1980.90 2678.27 1970.40 2634.93 1949.39 2668.76 1942.90 2706.15 1934.98 2771.25 1956.92
9 1866.82 5731.81 1872.39 5681.00 1899.06 5638.23 1930.68 5628.16 1957.15 5662.27 1987.69 5720.41 1961.90 5746.80 1909.97 5764.21 1891.07 5750.78
9 645.97 3317.96 604.22 3343.40 625.85 3312.13 618.47 3279.41 588.81 3253.15 618.18 3245.13 636.93 3224.82 653.39 3273.12 697.80 3286.31
10 4398.95 4106.50 4375.31 4118.20 4366.10 4090.90 4362.38 4095.45 4352.96 4141.61 4356.38 4109.02 4284.33 4093.78 4275.45 4036.84 4354.58 4042.10 4444.42 4036.94
15 3027.76 3735.47 3040.25 3765.00 3031.04 3771.42 2995.49 3782.91 2993.90 3747.68 2977.75 3799.29 2949.92 3799.14 2954.61 3789.98 2923.83 3745.01 2954.29 3726.71 2945.91 3716.22 2980.87 3694.37 2993.67 3648.92 3000.83 3713.92 3008.49 3712.06
12 1430.52 1208.19 1406.71 1182.47 1439.65 1152.23 1465.12 1132.25 1493.72 1120.99 1507.02 1119.18 1519.01 1127.75 1524.46 1142.46 1511.24 1207.61 1508.18 1213.65 1497.48 1228.56 1473.40 1243.76
9 260.79 4448.31 275.73 4451.85 276.55 4456.74 303.37 4490.73 268.10 4476.07 217.75 4455.00 202.10 4429.45 183.42 4406.96 219.54 4391.60
10 4911.40 2201.10 4939.79 2237.03 4931.70 2254.22 4926.90 2258.36 4918.20 2265.17 4914.77 2265.74 4882.34 2268.22 4869.54 2246.50 4868.04 2209.40 4875.10 2202.71
15 4820.00 4715.59 4828.98 4752.57 4823.98 4747.36 4808.02 4734.88 4803.70 4766.90 4790.22 4737.94 4749.22 4753.42 4753.56 4723.45 4731.60 4697.93 4794.18 4689.84 4812.25 4650.08 4813.02 4666.00 4812.25 4673.91 4825.62 4678.99 4838.83 4704.61
7 5088.37 3887.86 5073.60 3917.67 4982.84 3838.90 5043.97 3830.54 5038.52 3818.13 5047.06 3787.83 5082.14 3823.51
7 1965.28 2677.63 1954.05 2716.31 1921.25 2663.46 1901.10 2598.41 1961.09 2581.59 1967.51 2588.14 2013.86 2610.07
7 2438.77 573.28 2474.14 467.08 2560.92 471.08 2574.21 557.61 2568.33 570.51 2548.14 601.70 2483.31 596.86
10 3612.82 4824.50 3592.33 4815.58 3585.79 4818.12 3552.81 4832.91 3549.09 4810.81 3530.20 4772.50 3543.52 4748.02 3581.14 4782.64 3614.08 4767.28 3603.13 4774.42
5 832.96 4581.60 763.71 4545.16 713.92 4517.23 710.94 4488.47 809.58 4444.58
6 3566.61 1707.57 3539.50 1779.77 3515.95 1773.52 3489.15 1755.79 3507.63 1721.58 3527.90 1684.45
7 2832.54 5187.46 2785.51 5221.68 2752.10 5158.51 2751.29 5148.48 2755.28 5124.29 2812.23 5155.49 2824.70 5165.58
11 883.23 3930.69 840.41 3858.16 840.45 3835.70 902.70 3791.79 927.52 3795.20 974.33 3814.38 984.21 3842.96 980.26 3863.70 955.14 3921.59 927.23 3931.33 893.98 3936.30
8 255.32 4590.26 204.25 4615.84 168.95 4624.44 92.47 4611.38 93.76 4604.97 138.93 4515.54 146.92 4514.99 215.44 4506.05
7 3544.75 3420.75 3501.77 3468.04 3464.28 3461.50 3435.15 3447.60 3441.76 3405.03 3443.43 3403.70 3490.34 3407.04
10 1067.11 4827.90 1082.75 4816.39 1116.09 4802.78 1138.92 4794.71 1158.94 4834.17 1159.12 4895.91 1137.38 4901.41 1099.11 4907.35 1072.94 4877.16 1067.40 4835.57
7 5332.99 1120.38 5311.59 1042.23 5366.16 1014.85 5385.13 1016.42 5402.22 1022.20 5398.59 1080.04 5368.46 1119.90
8 3044.18 2664.53 3021.86 2616.96 3041.73 2592.93 3088.49 2601.29 3098.37 2606.60 3108.55 2628.40 3083.16 2652.75 3064.69 2659.06
10 5128.22 5014.06 5122.83 4992.99 5135.19 4976.29 5151.58 4954.64 5188.42 4955.92 5215.40 4964.53 5230.20 5010.87 5207.47 5045.72 5170.22 5053.21 5158.21 5053.95
9 3106.95 3969.77 3155.42 3895.90 3216.25 3922.22 3242.50 3938.73 3270.68 3967.64 3275.18 4005.17 3262.67 4017.22 3245.94 4031.51 3150.12 4025.15
5 4552.35 4263.30 4409.54 4180.85 4480.61 4155.91 4489.89 4155.34 4528.85 4179.78
11 4056.32 3698.01 4052.68 3656.06 4063.17 3633.11 4099.78 3609.34 4157.71 3622.80 4189.95 3647.00 4188.25 3694.31 4186.53 3700.81 4165.51 3720.44 4109.07 3742.00 4073.20 3719.76
8 1980.48 3771.54 1997.77 3795.85 1929.63 3783.76 1890.68 3759.50 1944.38 3756.43 1975.97 3738.65 2002.53 3738.53 2024.54 3743.88
7 5206.75 3864.95 5146.64 3812.95 5167.06 3787.02 5197.42 3766.99 5218.49 3756.65 5233.74 3792.83 5246.48 3830.48
11 3178.46 4494.12 3132.06 4538.67 3143.05 4503.50 3119.03 4512.85 3129.93 4497.97 3132.40 4474.64 3139.48 4479.30 3159.40 4466.84 3168.19 4467.77 3198.80 4456.04 3204.73 4478.72
7 4625.41 1048.22 4569.82 1067.86 4551.67 1036.77 4550.73 1022.99 4553.81 1010.07 4601.55 977.67 4619.66 1022.32
8 3380.35 1930.88 3392.44 1887.11 3467.74 1885.31 3539.02 1915.35 3520.12 1995.69 3467.79 2017.15 3420.84 2012.34 3384.59 1961.67
14 5280.36 4896.88 5308.81 4946.46 5294.13 4951.42 5239.73 4919.17 5222.03 4900.75 5243.49 4888.36 5244.41 4884.72 5242.19 4864.51 5252.28 4863.43 5269.10 4836.75 5276.75 4860.77 5277.56 4866.75 5282.50 4870.09 5331.68 4864.53
9 2262.98 4162.99 2256.04 4163.83 2264.25 4175.14 2270.50 4199.13 2255.96 4181.87 2232.23 4213.67 2192.66 4172.66 2251.70 4111.14 2248.18 4136.74
10 5862.05 5835.77 5855.98 5840.82 5868.87 5877.81 5838.27 5848.31 5840.72 5860.70 5812.24 5860.84 5802.61 5863.84 5827.91 5811.37 5853.41 5813.07 5862.37 5830.71
5 5765.16 4472.61 5752.22 4457.43 5738.06 4442.53 5700.69 4445.94 5786.66 4377.65
5 568.14 697.37 581.09 733.64 574.31 726.50 542.90 729.89 521.51 675.04
9 4583.66 491.30 4634.77 453.77 4663.34 450.63 4697.66 456.49 4705.62 481.64 4706.81 524.63 4685.39 550.67 4611.56 537.79 4584.67 521.87
7 4466.32 989.54 4402.70 962.78 4409.45 918.65 4455.01 889.98 4467.66 887.30 4475.35 890.55 4492.21 920.78
8 2469.65 289.48 2384.34 214.71 2418.75 131.50 2427.47 129.08 2511.51 124.06 2558.91 195.44 2557.72 197.37 2534.56 223.11
11 2531.95 760.10 2477.53 761.05 2474.86 785.23 2457.14 769.55 2454.42 744.81 2446.66 715.48 2465.71 713.80 2476.88 710.10 2494.85 699.87 2501.69 727.65 2515.52 744.32
11 534.67 3699.51 506.96 3705.46 418.52 3612.50 440.56 3593.41 484.25 3609.62 499.08 3559.53 545.46 3584.18 536.67 3608.32 537.11 3610.84 601.96 3616.53 588.65 3622.51
6 5688.16 4394.72 5642.18 4434.31 5639.21 4424.47 5602.98 4422.97 5613.36 4363.00 5640.85 4351.95
8 966.55 5729.78 915.44 5730.46 920.49 5727.08 904.50 5713.77 880.16 5709.23 909.01 5684.05 891.99 5657.59 957.35 5660.20
8 1777.33 4875.35 1689.70 4835.70 1714.69 4774.67 1724.90 4754.84 1750.02 4754.74 1771.24 4772.90 1817.85 4815.08 1824.25 4824.03
6 2851.22 923.55 2791.75 1020.42 2741.86 1013.34 2712.39 946.82 2754.17 890.14 2821.36 894.76
9 2719.55 2231.02 2725.46 2201.19 2733.42 2176.26 2772.31 2183.12 2824.38 2198.32 2798.80 2235.88 2770.67 2249.88 2730.93 2250.05 2726.45 2247.64
10 3926.50 3803.61 3929.00 3721.37 3952.34 3711.71 3971.34 3708.93 3982.47 3708.71 4018.22 3739.13 4030.15 3773.94 4030.62 3777.99 4006.97 3801.74 3965.83 3809.43
10 3716.53 4008.39 3683.73 4008.54 3662.53 4017.49 3639.12 4028.97 3626.46 4006.99 3637.00 3998.97 3661.25 3989.17 3653.83 3982.51 3673.11 3969.52 3727.49 3978.28
8 5363.07 2145.58 5422.52 2113.76 5446.61 2139.65 5450.98 2166.83 5425.37 2196.69 5414.17 2203.44 5389.28 2196.41 5376.70 2180.12
6 463.06 5212.20 454.82 5137.87 455.54 5114.98 505.28 5090.68 547.91 5104.96 565.40 5176.21
8 4274.35 3103.08 4320.82 3027.48 4363.77 3022.99 4384.55 3027.59 4411.04 3136.14 4354.83 3169.67 4329.47 3167.07 4303.65 3141.02
6 3939.99 1665.12 3895.70 1601.73 3934.82 1552.33 3997.75 1601.78 4018.28 1619.17 3955.07 1659.26
8 2776.26 4297.66 2745.46 4333.67 2704.29 4326.32 2696.52 4318.49 2690.85 4302.41 2693.94 4269.58 2743.27 4264.71 2760.75 4277.33
7 1388.54 890.48 1357.69 918.31 1345.61 857.44 1369.38 845.95 1399.71 873.37 1389.21 882.84 1415.13 871.95
10 774.83 930.38 770.88 945.70 764.58 968.45 712.79 964.62 702.76 961.85 686.18 943.85 683.69 905.39 684.09 896.43 735.69 886.09 758.82 903.97
5 5505.58 5047.34 5490.12 5028.30 5490.00 5051.08 5464.70 5030.42 5518.15 5010.55
10 2434.35 5000.81 2452.15 4996.54 2464.10 5007.43 2487.07 5033.29 2488.97 5042.62 2481.54 5076.00 2457.09 5080.94 2437.47 5081.04 2404.07 5051.62 2408.18 5043.77
11 5426.82 5434.01 5425.73 5398.91 5429.99 5378.49 5434.27 5360.62 5476.86 5347.61 5513.54 5349.82 5518.99 5380.71 5517.36 5434.32 5482.96 5452.48 5454.61 5452.10 5441.18 5444.56
14 1215.77 5564.89 1241.26 5572.14 1228.89 5615.29 1134.10 5633.01 1121.28 5559.50 1090.82 5546.20 1116.87 5483.48 1162.86 5478.80 1179.24 5485.36 1183.96 5502.33 1196.92 5535.24 1212.94 5537.92 1234.38 5548.22 1225.85 5553.70
11 3278.30 3357.96 3232.91 3350.47 3229.71 3345.35 3225.31 3325.61 3218.44 3288.00 3241.90 3267.83 3309.38 3270.73 3320.07 3281.43 3327.79 3328.16 3312.79 3350.25 3309.67 3351.28
6 2981.56 256.72 2944.75 206.43 2984.06 170.99 3001.85 181.72 3017.38 208.99 2996.67 249.64
8 3031.07 2851.59 3062.59 2780.56 3099.89 2749.95 3154.04 2768.65 3180.59 2845.89 3166.82 2906.63 3095.42 2913.24 3035.72 2881.67
9 4740.17 3023.49 4712.58 3080.20 4656.73 3073.55 4625.26 3058.16 4608.16 3012.48 4623.89 2988.05 4645.13 2962.74 4678.02 2964.78 4709.02 2971.17
9 4731.44 2564.97 4725.00 2473.77 4749.54 2444.80 4772.74 2437.27 4829.62 2423.62 4877.70 2466.63 4873.33 2556.28 4803.63 2582.58 4745.33 2573.24
