Medium_100_B
3104.43 948.07
2485.58 3038.73
4 0.00 0.00 4000.00 0.00 4000.00 4000.00 0.00 4000.00
100
10 1866.68 798.12 1842.56 804.53 1788.81 729.46 1792.41 675.44 1816.05 667.93 1816.66 682.99 1825.25 723.92 1824.50 726.33 1849.35 723.85 1836.30 733.93
9 2430.03 313.56 2404.59 336.21 2389.99 334.04 2363.06 304.64 2369.68 273.56 2378.29 263.85 2387.43 260.70 2410.19 258.13 2426.56 297.98
8 1484.25 1368.96 1451.23 1383.99 1423.48 1387.57 1431.85 1381.41 1436.05 1340.34 1449.48 1330.44 1502.56 1345.41 1512.12 1350.25
9 731.64 2281.57 766.55 2276.67 780.76 2297.76 784.38 2323.10 778.22 2359.45 756.37 2366.43 753.33 2365.08 715.83 2339.97 719.01 2321.54
13 1230.70 3058.83 1186.66 3073.16 1168.35 3095.69 1174.15 3053.80 1131.90 3020.26 1138.36 3015.06 1173.17 3023.73 1164.41 3015.60 1171.25 2991.39 1177.26 2996.96 1235.77 2989.08 1220.24 3013.21 1254.76 3018.20
11 934.28 888.32 932.83 877.32 933.11 852.09 938.12 833.54 951.21 819.46 981.56 823.35 1020.75 829.63 1027.31 879.60 1017.77 895.77 955.58 943.28 944.05 916.28
9 2069.90 2460.37 2052.62 2476.22 2002.14 2484.27 2024.02 2466.88 2035.32 2458.46 2021.84 2422.30 2036.82 2431.81 2049.71 2421.05 2056.17 2394.54
7 1661.49 914.73 1665.64 920.54 1667.04 927.56 1631.30 940.68 1638.11 922.59 1622.77 929.16 1624.51 890.55
9 3461.19 2674.28 3476.56 2657.95 3533.83 2669.12 3558.80 2685.32 3568.58 2694.09 3560.12 2735.59 3541.85 2772.37 3519.41 2780.23 3473.90 2735.30
8 633.33 1954.91 617.31 1968.85 593.38 1961.28 579.42 1935.43 578.89 1932.19 591.56 1934.24 645.01 1919.79 619.22 1942.54
10 2213.73 237.80 2221.55 203.81 2230.69 196.06 2266.93 178.60 2293.24 183.78 2318.45 226.10 2300.91 253.09 2287.21 269.30 2261.30 261.51 2241.56 255.26
6 1933.41 2152.19 1953.85 2170.39 1906.79 2164.04 1878.26 2148.23 1908.16 2113.09 1951.07 2140.03
10 203.78 2343.28 222.88 2308.62 271.63 2311.98 310.46 2318.06 318.27 2326.34 307.04 2401.65 297.21 2434.05 262.01 2440.85 191.01 2407.62 191.58 2385.82
9 1328.27 1692.80 1281.23 1673.35 1284.57 1644.19 1286.03 1636.82 1329.43 1627.91 1338.29 1631.60 1359.16 1643.44 1361.64 1653.78 1353.42 1685.14
15 2940.89 2660.81 2896.34 2612.88 2875.05 2640.94 2825.31 2579.86 2820.88 2571.43 2838.69 2563.13 2816.70 2557.58 2883.19 2555.79 2867.44 2535.20 2875.31 2542.76 2863.53 2524.92 2887.44 2490.89 2918.29 2525.66 2923.49 2550.27 2961.86 2525.37
10 724.13 408.91 705.89 473.88 673.33 485.77 628.33 486.30 613.27 455.97 607.66 402.61 619.81 393.27 644.44 379.58 671.73 378.13 694.08 387.22
10 3676.76 2003.70 3660.05 2047.15 3635.36 2041.06 3596.85 2031.24 3597.12 1995.48 3600.10 1987.36 3610.68 1976.43 3652.47 1959.89 3670.89 1967.24 3674.30 1986.08
6 3561.76 799.89 3564.28 852.90 3545.71 875.04 3492.76 841.20 3504.60 803.05 3512.25 799.56
12 1958.40 2441.02 1944.83 2447.62 1850.99 2439.51 1853.28 2406.58 1874.00 2392.23 1871.14 2387.18 1887.15 2370.18 1905.78 2392.00 1916.59 2393.79 1927.36 2379.37 1960.94 2409.10 1930.81 2411.29
5 2747.95 1731.65 2665.24 1733.08 2671.49 1693.49 2698.60 1694.77 2754.39 1717.39
6 2508.89 2781.23 2477.69 2740.85 2499.71 2716.73 2560.65 2694.87 2594.13 2700.94 2576.46 2777.08
8 2346.10 3316.77 2332.96 3254.84 2357.32 3228.77 2408.42 3210.43 2417.65 3213.24 2446.02 3294.36 2429.21 3311.96 2406.70 3330.13
8 3716.36 1153.24 3754.25 1193.35 3746.49 1230.77 3717.93 1246.88 3665.59 1259.82 3658.15 1256.50 3651.47 1170.32 3655.04 1158.44
12 3490.79 1505.15 3467.01 1501.48 3445.42 1493.83 3436.98 1485.05 3439.84 1479.81 3407.53 1453.52 3436.59 1447.40 3485.54 1412.38 3484.24 1454.40 3474.63 1458.49 3470.22 1460.40 3491.43 1460.91
9 2738.48 1499.78 2726.65 1512.09 2686.82 1505.07 2663.19 1482.11 2669.14 1472.26 2685.47 1476.78 2705.65 1452.30 2704.84 1464.75 2707.30 1485.49
13 3175.27 746.67 3186.10 779.79 3171.81 763.60 3140.93 751.56 3143.69 734.49 3127.92 689.10 3145.17 697.55 3145.07 655.37 3159.69 694.88 3169.90 713.99 3229.66 692.69 3233.43 720.38 3220.49 727.83
11 2700.31 2060.61 2675.49 2060.45 2645.93 2029.40 2642.42 2004.41 2642.66 1993.57 2682.94 1954.98 2691.18 1959.19 2704.87 1968.35 2746.34 2004.01 2730.77 2036.37 2717.87 2050.19
9 2850.50 1783.56 2895.98 1745.40 2936.19 1756.56 2939.61 1768.71 2942.09 1815.90 2935.07 1821.34 2915.62 1835.17 2893.54 1831.78 2867.89 1820.60
8 2113.92 619.68 2137.13 582.72 2198.02 602.35 2209.84 621.30 2191.15 673.34 2172.88 680.21 2148.57 679.08 2116.43 670.84
7 2936.41 1689.72 2998.53 1680.08 2999.65 1682.86 3015.25 1724.25 3018.15 1741.10 2995.65 1760.77 2971.52 1752.06
8 1503.33 2217.37 1509.02 2300.39 1430.76 2327.15 1410.77 2313.64 1386.13 2290.76 1392.25 2234.18 1445.01 2202.88 1473.00 2206.17
10 480.32 1915.10 492.74 1936.80 488.39 1931.06 474.31 1926.43 471.10 1939.33 428.01 1901.68 433.39 1878.89 471.32 1882.96 488.69 1859.66 498.30 1899.44
8 2369.86 3523.11 2349.25 3519.49 2355.71 3532.83 2351.21 3527.84 2359.06 3554.05 2285.87 3566.77 2410.68 3460.40 2386.57 3484.63
8 2754.83 613.23 2759.85 697.85 2690.68 738.57 2650.40 750.27 2612.74 718.27 2595.13 692.02 2606.10 617.14 2625.59 592.31
7 2973.79 2278.89 2993.64 2237.51 3028.41 2248.33 3032.04 2280.38 3032.74 2291.30 3004.90 2307.65 2978.24 2290.06
10 2377.01 552.71 2335.50 565.06 2335.34 565.61 2326.17 600.97 2311.18 607.61 2266.70 533.78 2306.67 514.95 2342.67 529.18 2374.25 506.91 2344.27 533.92
9 281.97 601.12 216.73 578.74 215.18 567.28 213.97 549.69 235.94 526.80 256.74 514.39 303.40 545.69 305.57 554.17 285.51 596.55
6 2219.36 1864.39 2181.49 1804.94 2174.72 1772.42 2184.35 1777.58 2255.56 1779.95 2278.43 1795.98
7 3840.09 683.10 3893.82 735.48 3884.83 759.55 3853.24 827.84 3809.93 825.42 3731.72 720.01 3805.09 684.56
15 1198.85 265.95 1169.34 313.02 1168.44 327.27 1142.33 284.37 1140.71 297.84 1114.06 304.30 1068.82 298.07 1074.70 288.64 1092.45 249.71 1079.33 245.04 1059.01 229.34 1080.35 231.68 1153.28 252.22 1175.91 247.46 1178.60 255.14
13 2760.08 2928.11 2763.06 2959.22 2741.68 2932.97 2740.57 2927.71 2742.49 2926.69 2721.01 2923.53 2712.86 2910.91 2742.16 2918.85 2725.30 2910.38 2709.99 2903.14 2719.85 2896.48 2768.66 2884.29 2760.81 2917.56
13 3862.88 2307.12 3868.47 2320.28 3848.96 2312.52 3837.42 2334.33 3832.59 2308.15 3810.77 2327.41 3808.51 2315.95 3817.24 2308.11 3820.73 2298.16 3822.78 2296.60 3801.75 2284.90 3811.29 2269.96 3851.99 2285.91
11 1830.06 3231.67 1824.74 3250.11 1826.05 3221.22 1801.00 3221.48 1800.98 3183.89 1782.29 3148.65 1826.06 3133.60 1832.76 3143.09 1837.54 3141.82 1877.81 3127.26 1855.51 3153.80
9 885.99 150.48 906.14 118.00 909.61 116.97 939.95 123.61 974.18 143.11 981.23 178.52 919.89 192.00 909.63 192.39 897.08 170.61
7 1976.53 1243.64 2011.02 1330.60 2007.45 1338.90 1982.73 1354.42 1892.47 1355.20 1903.71 1300.66 1947.01 1238.63
9 3468.13 501.54 3445.14 431.58 3450.74 411.95 3508.44 385.11 3515.36 384.13 3585.12 404.00 3598.97 460.39 3567.20 507.07 3535.46 513.00
9 3614.33 1381.43 3595.07 1390.29 3586.33 1408.64 3565.44 1379.11 3563.63 1364.94 3552.93 1356.14 3580.28 1364.52 3601.51 1344.86 3623.71 1375.53
6 1183.42 1764.62 1143.98 1718.04 1208.47 1665.07 1234.86 1711.52 1229.57 1739.15 1216.51 1747.47
6 959.72 2713.21 941.06 2712.95 932.66 2715.31 879.35 2706.97 897.42 2692.54 899.02 2687.40
11 3460.13 2271.80 3429.16 2274.62 3444.33 2294.26 3413.43 2295.82 3415.45 2320.93 3394.50 2316.53 3384.95 2277.75 3374.56 2222.96 3395.43 2244.21 3426.81 2240.15 3440.23 2256.44
8 1878.49 1632.55 1775.98 1594.36 1795.62 1584.25 1771.05 1508.01 1831.99 1505.84 1891.51 1540.96 1852.83 1569.38 1865.70 1569.35
7 2262.88 2925.92 2237.79 2945.77 2218.42 2931.24 2223.42 2923.28 2228.84 2909.65 2251.61 2881.13 2253.38 2898.45
7 2419.62 1440.52 2416.96 1446.90 2406.30 1424.54 2407.27 1401.21 2384.32 1380.80 2432.00 1387.99 2451.94 1410.99
5 3626.98 1459.11 3620.81 1474.10 3608.81 1459.41 3595.50 1453.90 3591.62 1435.80
9 913.55 251.28 919.49 253.46 902.17 262.77 872.93 255.44 867.60 251.76 858.43 243.05 866.90 233.31 912.38 222.45 914.11 227.04
11 3788.19 1633.60 3753.29 1581.89 3772.09 1558.89 3774.33 1557.09 3793.78 1550.58 3818.67 1551.40 3820.22 1553.67 3830.59 1579.39 3831.03 1608.22 3827.16 1623.04 3805.88 1635.82
11 1665.44 804.32 1615.50 836.53 1573.72 845.04 1538.08 846.81 1543.61 818.37 1562.98 760.24 1579.24 733.13 1601.30 714.99 1642.01 735.48 1648.47 743.15 1662.92 791.11
9 262.85 1166.78 277.54 1204.89 275.29 1205.85 246.71 1202.77 245.23 1194.70 233.77 1133.15 256.24 1135.31 277.22 1121.96 282.45 1133.85
14 3491.09 2044.19 3469.14 2044.56 3479.89 2051.30 3471.31 2085.81 3446.54 2052.93 3451.80 2077.59 3443.72 2096.41 3431.96 2056.90 3426.86 2047.82 3386.24 2039.54 3411.89 2016.46 3421.57 1995.65 3438.53 2030.28 3439.92 2005.06
13 1278.40 3492.63 1281.87 3503.05 1219.87 3529.09 1218.35 3520.96 1187.99 3482.30 1202.32 3483.82 1213.28 3482.46 1192.80 3451.71 1223.35 3472.28 1240.05 3467.14 1249.08 3473.58 1259.52 3464.70 1296.55 3479.09
11 1817.61 2070.22 1806.99 2083.12 1773.71 2075.80 1714.15 2089.84 1718.78 2084.16 1725.21 2062.99 1743.48 2047.21 1731.72 1991.52 1762.19 1994.98 1803.15 2005.59 1789.60 2045.06
6 2635.98 1325.08 2591.82 1304.93 2598.54 1286.29 2616.05 1249.71 2673.56 1273.68 2677.92 1291.05
15 3542.87 1946.95 3491.64 1921.98 3479.84 1909.50 3476.35 1905.78 3479.34 1899.74 3432.95 1915.23 3471.83 1890.65 3456.36 1892.56 3430.41 1838.81 3422.42 1828.88 3520.76 1809.48 3527.35 1827.61 3539.89 1841.66 3528.80 1853.74 3566.09 1857.61
8 3485.78 3176.68 3471.97 3190.28 3429.47 3212.78 3452.88 3188.79 3455.20 3159.00 3463.52 3160.57 3478.78 3132.87 3505.84 3133.43
10 1035.10 570.18 1018.70 548.92 1022.52 539.77 1039.44 508.73 1086.02 510.68 1093.64 525.51 1089.65 548.95 1086.09 568.69 1079.57 581.24 1051.85 577.64
11 1984.47 435.05 1965.91 454.60 1963.24 450.13 1950.16 471.12 1925.42 444.53 1931.89 417.39 1920.13 407.04 1927.90 405.20 1921.96 395.99 1947.46 410.68 1934.58 389.55
10 2521.26 1197.22 2484.30 1133.36 2485.68 1060.95 2512.33 1044.40 2537.99 1038.31 2619.41 1046.68 2635.84 1082.56 2640.11 1153.62 2637.33 1170.29 2576.86 1203.88
10 1516.18 3648.07 1453.64 3708.90 1394.41 3700.65 1413.06 3669.52 1396.58 3655.07 1372.87 3639.74 1386.57 3578.08 1428.70 3625.43 1471.66 3607.73 1481.95 3635.17
8 1220.24 2805.20 1162.67 2852.65 1148.57 2843.20 1144.67 2795.62 1152.49 2786.07 1158.15 2780.23 1168.36 2770.89 1196.87 2781.50
14 2176.62 1410.21 2101.65 1422.70 2113.25 1487.97 2101.68 1438.24 2028.17 1384.74 2054.31 1390.01 2033.55 1377.73 2044.94 1377.68 2070.71 1338.82 2094.67 1363.73 2121.05 1356.73 2125.65 1361.88 2134.09 1383.36 2122.48 1391.73
14 959.43 2931.49 952.13 2961.45 921.94 2941.73 921.63 2937.18 920.32 2954.83 901.35 2950.61 903.75 2939.28 895.38 2947.06 882.92 2932.73 877.48 2931.78 900.08 2915.07 916.48 2911.02 914.72 2881.69 961.10 2922.19
7 757.47 1798.88 801.32 1821.90 783.75 1892.08 762.32 1902.91 719.26 1890.96 706.43 1865.02 741.15 1817.97
10 1180.35 168.18 1227.15 106.23 1276.98 89.07 1285.18 89.90 1301.07 99.73 1329.21 151.84 1330.83 180.27 1308.15 213.23 1246.76 214.19 1202.88 195.60
10 3101.66 1874.44 3090.11 1794.55 3108.37 1756.29 3120.80 1746.91 3130.28 1743.83 3208.51 1745.43 3251.31 1785.46 3251.37 1837.27 3229.43 1892.69 3191.74 1898.96
11 2804.39 3382.66 2818.21 3359.16 2808.05 3349.87 2790.49 3347.66 2818.27 3305.00 2839.56 3303.84 2857.48 3303.57 2863.44 3318.13 2860.74 3335.39 2844.31 3347.67 2882.51 3346.83
5 3499.05 3602.33 3485.50 3616.22 3418.83 3637.73 3408.53 3563.22 3456.17 3568.00
10 3720.23 3250.21 3675.36 3249.92 3651.72 3313.36 3640.27 3261.03 3588.84 3274.78 3620.75 3235.96 3626.46 3201.63 3666.95 3230.26 3683.80 3229.91 3667.03 3237.98
11 2953.24 456.98 2993.96 470.25 2985.14 471.03 2974.65 517.04 2929.55 534.63 2859.11 511.48 2820.75 468.69 2892.97 455.51 2923.48 412.34 2968.82 402.72 2983.87 427.87
12 3165.36 1982.64 3162.46 2009.50 3160.92 2024.62 3130.04 2015.98 3114.01 2016.96 3118.13 2006.88 3110.38 2007.02 3118.64 1991.24 3129.37 1981.45 3133.72 1960.07 3164.87 1957.61 3163.91 1967.12
7 1199.45 2223.79 1238.16 2184.47 1291.88 2224.55 1294.14 2276.55 1240.88 2279.46 1236.56 2276.71 1230.02 2267.38
12 3303.48 2200.88 3298.03 2213.00 3263.26 2210.75 3236.79 2200.48 3218.90 2209.85 3219.16 2205.85 3231.21 2190.23 3226.86 2167.80 3224.55 2148.85 3245.53 2158.04 3290.46 2149.58 3297.99 2176.00
10 855.60 1971.46 855.12 1973.36 880.69 2015.45 799.16 1973.10 809.15 1965.00 775.40 1956.25 783.22 1911.02 817.69 1931.24 817.36 1928.69 827.69 1933.58
9 99.85 436.99 133.19 385.42 158.66 365.94 187.41 361.79 217.29 377.77 235.98 432.14 232.35 452.47 169.18 502.96 133.60 495.66
8 835.25 409.66 835.73 394.34 863.63 369.94 902.17 380.82 906.18 407.03 890.80 432.25 869.24 442.39 842.26 424.78
11 478.00 666.66 463.67 625.90 498.45 589.72 538.50 595.29 575.52 612.69 594.66 645.88 590.46 682.90 576.18 700.93 573.87 701.83 551.86 705.30 541.86 703.57
9 2196.30 1989.66 2220.49 1947.26 2259.62 1936.56 2294.97 1957.91 2302.41 1996.19 2281.12 2040.10 2223.36 2039.50 2217.66 2036.41 2198.37 2009.98
12 852.91 1335.69 840.96 1352.56 826.32 1345.27 787.65 1357.25 795.41 1337.96 784.04 1323.26 803.47 1320.43 808.98 1310.21 807.93 1304.36 821.63 1298.94 832.53 1297.82 825.82 1328.72
13 3388.21 3754.22 3375.95 3744.42 3345.61 3711.78 3375.11 3691.69 3376.84 3647.55 3391.36 3685.12 3394.49 3666.03 3397.92 3646.87 3407.15 3681.53 3410.74 3694.50 3412.96 3706.20 3414.22 3706.97 3461.53 3697.97
15 2621.92 1823.85 2617.25 1840.29 2604.27 1835.29 2557.68 1835.05 2526.64 1806.98 2528.83 1800.57 2528.21 1792.43 2566.58 1786.25 2545.48 1748.68 2559.42 1752.75 2575.96 1781.50 2587.98 1754.73 2589.56 1765.16 2609.60 1771.71 2603.14 1785.62
13 1647.57 2091.95 1655.04 2107.74 1656.49 2110.50 1650.54 2116.42 1619.54 2090.35 1610.72 2105.52 1595.69 2119.40 1633.88 2024.06 1650.39 2051.85 1666.13 2040.08 1650.94 2058.04 1647.63 2063.58 1642.98 2075.27
15 1834.93 1191.47 1834.01 1211.44 1858.41 1238.07 1764.36 1227.09 1773.40 1213.03 1757.92 1215.19 1762.12 1198.43 1738.36 1188.78 1755.33 1165.50 1736.03 1138.36 1751.95 1131.43 1784.42 1153.79 1792.85 1157.70 1826.50 1116.45 1854.16 1155.49
10 1777.14 3584.75 1732.52 3599.09 1688.75 3564.34 1726.90 3543.71 1725.93 3529.45 1729.00 3518.74 1777.20 3456.49 1769.51 3508.09 1811.25 3480.26 1837.95 3510.42
9 1573.79 3264.83 1541.77 3313.33 1509.25 3297.85 1505.34 3294.98 1489.79 3282.79 1490.73 3275.78 1517.36 3249.83 1554.03 3240.25 1573.22 3254.87
12 3038.66 3360.67 3008.68 3372.55 2969.28 3395.36 2975.58 3342.26 2978.02 3340.38 2942.87 3313.90 2928.39 3297.40 2988.18 3293.51 3000.15 3313.06 3014.80 3265.77 3059.70 3293.56 3054.12 3318.67
6 3857.18 1926.72 3829.62 2065.42 3763.58 2046.67 3753.64 1972.77 3754.09 1945.42 3811.96 1917.08
7 113.82 1840.36 128.90 1792.27 173.34 1776.42 255.82 1779.29 235.91 1850.09 198.37 1891.91 160.42 1871.29
10 1272.22 239.47 1307.25 299.91 1306.65 303.08 1303.60 308.78 1269.52 321.46 1264.38 323.29 1241.09 310.16 1219.83 295.10 1220.35 287.05 1229.04 258.83
10 3015.17 3188.78 2965.89 3236.43 2941.61 3232.81 2913.98 3185.31 2918.55 3149.89 2948.75 3138.61 2972.90 3133.42 3000.13 3151.36 3011.49 3165.01 3014.61 3173.39
8 1872.11 1039.22 1838.86 1071.93 1824.51 1062.06 1812.59 1052.67 1835.00 1002.64 1842.33 987.97 1851.36 993.40 1864.18 1014.62
10 3875.19 318.36 3836.41 378.55 3804.55 376.85 3782.10 374.69 3740.53 344.17 3735.28 299.26 3730.81 260.21 3798.79 216.56 3844.36 237.59 3872.17 252.63
