Medium_350_A
6331.28 6205.41
3333.08 5016.02
4 0.00 0.00 7600.00 0.00 7600.00 7600.00 0.00 7600.00
350
8 4274.00 3533.54 4304.13 3505.82 4333.71 3508.73 4353.12 3548.70 4349.77 3558.97 4344.96 3567.44 4325.73 3572.61 4285.40 3560.01
7 2310.24 2847.95 2353.49 2814.16 2384.68 2843.25 2384.79 2871.71 2362.44 2883.24 2329.60 2892.25 2310.83 2862.10
6 3590.44 4535.26 3543.35 4580.06 3523.59 4572.52 3515.12 4510.88 3535.60 4498.75 3578.76 4516.59
8 5471.97 6114.10 5466.37 6182.37 5393.41 6189.57 5339.30 6177.33 5341.88 6158.21 5365.16 6089.53 5429.38 6082.86 5470.55 6093.26
10 4928.49 4493.26 4911.87 4474.52 4911.87 4458.52 4917.82 4437.02 4920.05 4434.80 4941.22 4432.16 4977.42 4440.27 4988.05 4465.61 4978.10 4475.24 4962.20 4486.88
7 4923.67 4023.72 4950.22 4058.99 4945.23 4091.08 4908.13 4116.03 4874.60 4105.55 4859.91 4052.71 4889.37 4028.11
7 6903.29 6547.78 6847.07 6494.06 6879.18 6425.69 6887.33 6424.49 6938.94 6428.86 6945.13 6487.80 6924.07 6527.00
9 3769.68 5296.10 3819.50 5226.53 3856.68 5241.47 3882.80 5253.66 3909.04 5269.66 3899.91 5327.57 3857.72 5358.67 3818.33 5370.83 3773.83 5326.51
8 4170.79 2906.05 4182.56 2939.52 4177.90 2977.91 4171.14 2989.58 4156.89 2985.88 4096.81 2953.22 4100.30 2935.12 4104.23 2919.36
8 5160.84 6816.73 5096.48 6814.05 5116.26 6715.94 5137.09 6705.90 5173.78 6712.20 5175.56 6713.46 5218.83 6774.82 5184.13 6807.79
10 3000.03 5459.26 3007.63 5426.38 3046.92 5395.75 3065.06 5402.08 3078.36 5424.55 3090.17 5456.89 3085.61 5470.83 3065.24 5485.51 3029.63 5488.41 3014.03 5473.45
9 683.17 1560.55 624.03 1577.59 609.67 1567.38 599.34 1538.77 598.74 1522.88 616.56 1502.59 653.73 1486.64 685.10 1504.18 684.78 1519.22
12 4339.62 3784.70 4351.33 3779.57 4384.39 3782.20 4404.28 3788.61 4423.93 3814.39 4421.23 3846.89 4417.19 3875.27 4385.08 3878.36 4345.71 3879.81 4329.00 3875.54 4318.96 3844.30 4322.66 3821.73
9 4634.04 4659.21 4575.76 4662.04 4556.98 4638.14 4554.84 4596.77 4593.65 4562.95 4628.67 4561.97 4647.51 4579.70 4651.95 4591.61 4651.16 4605.60
7 2474.86 7005.27 2411.68 7001.97 2412.54 6995.27 2451.81 6917.72 2466.80 6912.74 2502.22 6960.97 2502.55 6965.81
8 2189.56 4654.70 2193.15 4621.31 2203.89 4613.42 2265.09 4576.78 2277.79 4576.65 2301.02 4607.21 2304.88 4656.42 2235.37 4669.90
10 3188.08 3328.23 3167.60 3296.54 3167.74 3263.11 3176.71 3243.42 3237.70 3227.11 3252.92 3239.91 3271.40 3261.25 3279.41 3281.59 3246.70 3333.16 3218.54 3356.17
10 3052.65 3170.57 3016.75 3153.98 3004.94 3122.34 2997.37 3099.91 3024.11 3086.71 3034.72 3083.83 3066.67 3084.58 3079.71 3098.58 3095.51 3131.79 3081.35 3159.63
12 2943.54 4066.61 2940.52 4104.44 2920.46 4127.49 2914.39 4127.66 2898.32 4122.98 2878.32 4108.59 2864.98 4084.46 2860.83 4067.99 2860.66 4058.97 2876.73 4050.91 2907.17 4045.68 2934.93 4050.94
8 4674.78 3633.94 4628.17 3678.15 4576.59 3659.99 4549.90 3641.11 4574.04 3577.07 4638.00 3551.55 4672.48 3602.63 4674.46 3621.72
10 2229.86 5569.76 2157.68 5514.73 2166.98 5471.60 2216.48 5433.62 2247.11 5421.79 2281.67 5470.58 2293.30 5493.35 2296.39 5508.37 2285.61 5542.44 2263.79 5559.60
10 4678.53 284.60 4633.81 244.27 4629.62 237.32 4629.41 227.08 4648.39 194.37 4656.48 187.58 4720.93 210.50 4730.84 237.27 4728.23 250.28 4684.93 281.65
8 2905.89 936.40 2917.73 913.17 2942.17 879.86 2960.59 892.63 3004.96 924.69 2999.46 954.28 2975.90 982.12 2941.27 982.15
9 7240.19 5157.86 7286.70 5152.92 7311.23 5172.64 7314.20 5205.64 7303.28 5214.81 7288.00 5227.06 7239.60 5228.79 7225.75 5207.28 7226.66 5199.47
12 3754.07 6105.56 3746.72 6068.32 3757.27 6051.05 3786.86 6030.56 3800.68 6023.02 3815.11 6032.90 3846.23 6067.45 3850.27 6071.98 3848.78 6081.18 3842.13 6109.93 3821.60 6115.98 3809.14 6119.40
12 1965.45 1070.01 1943.78 1010.73 1953.80 967.22 1981.50 932.89 1987.08 930.35 2018.13 926.13 2059.95 930.74 2111.31 989.21 2088.88 1081.78 2067.66 1098.29 2045.36 1108.92 2023.86 1102.35
10 2563.34 2977.72 2557.68 2958.81 2561.71 2940.42 2580.32 2911.80 2598.60 2908.07 2630.93 2934.58 2629.71 2953.00 2614.86 2982.58 2601.64 2991.97 2586.94 2992.95
10 5556.40 6645.23 5572.99 6587.19 5592.43 6578.66 5667.43 6594.54 5693.53 6669.19 5691.22 6687.34 5684.33 6698.96 5656.00 6727.62 5580.74 6720.61 5569.79 6712.56
9 6820.76 1666.42 6857.37 1621.29 6897.23 1604.90 6908.55 1616.55 6935.01 1675.66 6934.38 1717.63 6866.35 1736.23 6851.97 1732.09 6822.30 1695.24
11 5419.58 2435.02 5472.35 2473.80 5468.35 2509.70 5463.03 2526.23 5439.90 2530.37 5434.65 2530.96 5395.74 2535.14 5366.64 2516.71 5365.97 2484.81 5371.69 2466.06 5379.90 2445.83
9 6314.63 6758.38 6347.08 6742.01 6366.62 6747.70 6395.33 6777.46 6381.89 6800.40 6370.73 6814.91 6367.40 6816.55 6327.06 6806.85 6323.80 6797.57
10 5757.50 6321.00 5810.62 6402.27 5808.01 6422.64 5801.75 6443.28 5777.09 6471.57 5718.65 6478.43 5670.93 6460.68 5661.82 6442.87 5658.80 6381.72 5700.30 6329.59
8 6390.48 2455.59 6372.87 2407.86 6378.90 2389.48 6438.19 2398.45 6441.34 2428.94 6441.38 2440.90 6426.26 2453.44 6397.69 2459.68
11 7116.47 5107.76 7057.87 5072.51 7070.45 5029.94 7111.89 4974.59 7119.66 4969.51 7154.87 4973.65 7181.40 5021.76 7170.09 5080.33 7159.94 5111.51 7147.88 5116.17 7124.15 5110.63
6 2371.21 3598.35 2360.68 3489.40 2376.27 3457.97 2433.90 3484.99 2446.14 3522.08 2441.02 3543.61
8 3437.41 6092.97 3475.96 6025.49 3519.53 6032.64 3533.20 6053.69 3572.42 6153.31 3476.46 6140.80 3466.07 6136.33 3444.09 6114.19
7 978.24 581.20 973.47 530.97 991.94 495.41 1002.09 492.89 1052.23 519.82 1066.18 557.41 1048.27 591.96
7 2102.96 6628.16 2144.70 6565.20 2221.91 6568.61 2241.75 6644.85 2242.68 6684.93 2207.27 6694.04 2134.84 6674.86
9 3270.48 1765.31 3306.41 1731.72 3310.81 1733.05 3358.33 1759.36 3348.60 1797.70 3339.38 1803.59 3314.27 1806.37 3309.61 1803.09 3303.58 1798.62
10 3984.26 5082.96 3922.41 5059.61 3909.07 5035.91 3906.72 4973.01 3962.29 4936.50 3987.23 4925.45 4024.60 4934.81 4034.53 4951.64 4044.35 4998.11 4040.40 5053.55
7 628.46 7301.27 652.79 7280.12 684.08 7295.28 714.77 7336.15 672.92 7358.06 639.61 7365.03 630.94 7319.85
9 5377.05 1753.83 5383.58 1743.93 5420.46 1692.22 5476.56 1735.64 5478.28 1737.73 5485.34 1753.47 5462.19 1779.17 5447.17 1786.56 5443.60 1785.68
8 1874.76 5413.55 1986.04 5424.33 1985.73 5452.77 1980.39 5536.45 1939.76 5574.92 1862.42 5539.27 1852.23 5483.95 1855.73 5453.62
10 6939.13 693.07 6979.10 659.40 6983.01 658.38 7010.03 676.79 7012.90 714.39 7008.81 726.21 6991.00 735.47 6971.50 735.02 6951.41 727.55 6940.49 708.02
11 7161.83 2414.63 7119.96 2488.05 7094.76 2484.45 7047.52 2456.07 7026.95 2425.69 7061.76 2355.93 7089.50 2312.29 7114.04 2312.62 7149.11 2334.15 7154.64 2349.05 7158.93 2386.00
9 2796.27 3985.88 2775.95 3974.99 2777.44 3962.78 2781.06 3940.31 2826.73 3916.74 2867.77 3909.48 2870.49 3936.62 2860.58 3977.42 2838.37 4005.82
7 4150.65 386.00 4261.42 315.69 4290.95 323.42 4314.41 349.68 4316.11 442.85 4266.53 450.32 4170.39 451.12
6 3901.02 4235.53 3913.22 4340.30 3889.43 4352.66 3803.87 4305.29 3782.88 4251.55 3801.96 4243.69
10 3810.09 2778.05 3808.62 2746.76 3816.74 2737.58 3826.11 2729.75 3846.36 2719.08 3882.52 2732.26 3890.28 2759.26 3890.88 2772.84 3887.62 2779.56 3835.44 2802.96
9 5901.93 404.68 5902.57 382.54 5938.41 362.59 5964.80 376.54 5972.86 407.27 5959.39 415.70 5927.47 430.84 5913.64 436.38 5902.57 424.21
7 5316.57 3864.73 5334.99 3746.24 5396.99 3732.10 5425.66 3730.96 5460.54 3775.13 5476.91 3842.59 5387.01 3900.30
9 6146.42 2002.43 6148.27 1986.46 6170.07 1959.64 6204.58 1961.85 6228.22 1989.16 6223.87 2017.37 6217.23 2025.09 6179.49 2035.93 6159.46 2027.35
8 1948.27 4402.03 1913.10 4454.24 1897.06 4453.54 1859.38 4439.80 1846.24 4407.03 1854.95 4383.56 1880.00 4355.16 1910.72 4366.63
6 5327.67 6504.09 5276.53 6401.22 5289.71 6393.94 5404.91 6340.19 5420.38 6396.65 5395.92 6458.71
8 4844.53 3497.66 4766.52 3582.65 4706.63 3515.97 4695.88 3502.45 4706.90 3418.05 4736.88 3416.67 4816.40 3447.45 4842.27 3469.41
10 3851.35 1513.58 3851.46 1460.20 3874.60 1456.24 3954.19 1452.94 3968.15 1492.00 3965.47 1517.10 3963.71 1523.90 3952.36 1546.39 3911.22 1559.52 3860.26 1538.28
9 1680.87 3091.08 1613.51 3048.85 1618.94 3018.69 1622.92 3002.82 1659.51 2944.69 1682.96 2926.19 1754.80 2941.11 1751.20 2980.21 1746.70 3004.54
8 6817.54 3177.08 6854.15 3225.06 6834.46 3270.83 6819.93 3280.38 6802.99 3285.22 6771.34 3277.07 6727.89 3197.00 6746.55 3171.57
8 7108.69 1786.79 7098.26 1741.98 7116.98 1725.96 7178.58 1718.16 7230.21 1761.82 7233.32 1788.50 7187.76 1841.65 7143.80 1852.51
10 6190.81 6837.25 6255.31 6826.01 6315.49 6845.14 6325.44 6922.32 6295.06 6970.17 6275.36 6987.31 6184.81 6964.11 6152.04 6931.76 6158.57 6901.11 6177.72 6855.90
7 3989.80 5758.60 3972.15 5710.31 3997.56 5678.89 4044.10 5665.50 4069.43 5709.27 4064.83 5744.35 4047.18 5748.50
7 544.17 922.45 514.47 975.79 487.03 980.25 465.64 963.64 468.64 892.75 492.00 885.88 515.77 901.09
9 865.27 2528.48 850.84 2444.21 914.25 2409.62 937.55 2404.85 982.12 2414.51 995.57 2440.77 997.60 2469.37 980.72 2554.02 923.64 2558.23
9 3771.37 2352.85 3737.95 2371.27 3704.42 2360.20 3682.10 2349.37 3679.44 2304.51 3694.32 2292.77 3749.26 2293.10 3759.53 2293.56 3769.81 2318.13
7 7037.77 4319.64 7032.47 4390.28 7002.02 4393.20 6981.27 4371.49 6973.05 4347.45 6999.42 4313.36 7035.64 4314.33
7 3912.39 3314.30 3947.32 3292.37 3971.12 3299.36 3996.01 3324.06 3988.39 3359.08 3937.60 3366.13 3923.26 3344.92
8 523.55 1931.27 481.18 1879.90 508.62 1812.67 513.47 1806.98 573.36 1791.06 614.46 1813.27 627.17 1867.54 614.06 1904.06
12 3823.05 6214.38 3862.98 6147.01 3887.92 6132.47 3890.55 6131.07 3956.11 6173.57 3976.27 6187.86 3981.46 6208.10 3966.35 6252.03 3944.37 6277.20 3889.01 6290.20 3854.81 6274.78 3833.24 6235.23
7 3417.77 3925.77 3286.20 3865.24 3290.38 3854.28 3301.17 3837.98 3340.93 3793.48 3355.48 3792.83 3430.70 3830.44
6 6206.07 7229.03 6284.61 7156.18 6336.73 7221.94 6310.86 7272.59 6236.78 7266.06 6208.58 7241.09
11 5557.48 3011.21 5565.50 2995.43 5586.57 2972.09 5625.89 2978.26 5637.67 3008.39 5640.63 3017.34 5646.29 3037.77 5629.08 3044.22 5618.03 3047.57 5576.37 3046.57 5563.42 3040.01
10 4439.74 925.92 4543.54 918.97 4547.17 981.48 4547.68 1012.12 4542.21 1041.54 4515.82 1056.86 4476.56 1049.17 4460.70 1045.59 4416.42 1004.07 4424.41 956.82
8 1684.40 2839.56 1660.56 2810.87 1691.11 2774.91 1711.05 2755.05 1726.30 2744.08 1759.75 2771.67 1790.40 2843.65 1760.29 2852.59
9 3911.38 3941.86 3941.39 3930.68 3965.88 3935.33 3994.52 3997.85 3987.40 4006.71 3922.67 4035.88 3891.79 3998.65 3886.35 3991.90 3905.64 3951.27
8 5950.89 3830.33 6011.15 3759.38 6075.53 3789.98 6110.26 3836.09 6089.76 3871.06 6075.94 3888.15 6025.61 3913.80 5964.58 3887.74
8 365.61 3928.90 448.66 3846.10 469.10 3846.62 511.98 3868.44 525.80 3910.46 515.25 4020.27 449.70 4030.25 381.27 3998.43
9 3497.71 4068.64 3552.62 4053.84 3580.97 4082.55 3608.86 4133.11 3603.29 4144.25 3513.43 4206.66 3491.66 4189.02 3453.50 4133.33 3463.63 4102.91
8 497.14 3331.84 461.50 3398.36 430.72 3391.97 413.77 3377.55 395.45 3357.86 423.76 3305.45 475.94 3314.22 494.01 3321.77
12 96.05 6356.62 95.08 6290.75 109.75 6266.69 136.37 6255.55 167.68 6244.86 183.62 6246.68 217.31 6275.57 217.48 6308.20 214.83 6335.96 206.16 6376.17 164.69 6396.13 124.84 6381.88
6 7267.12 2396.54 7249.57 2345.69 7264.04 2312.79 7314.80 2305.97 7363.23 2339.28 7336.43 2385.42
10 612.49 4594.05 620.27 4567.02 644.83 4531.37 709.80 4555.41 721.05 4577.93 720.22 4592.88 717.99 4598.55 683.22 4627.97 644.92 4632.79 616.72 4630.90
13 527.36 2659.68 521.69 2635.24 527.35 2624.02 538.64 2606.87 555.50 2595.38 589.61 2583.53 608.16 2589.72 609.10 2590.57 627.77 2632.61 619.18 2659.56 594.75 2689.90 592.22 2691.02 561.33 2683.91
7 2134.39 5081.45 2183.14 5031.31 2232.22 5044.10 2244.59 5077.83 2243.32 5095.27 2197.73 5139.67 2142.82 5115.28
8 3708.45 6976.84 3771.02 6861.16 3842.51 6866.23 3876.30 6977.07 3875.20 6981.06 3816.31 7023.57 3770.91 7019.13 3732.11 7001.68
12 7159.66 2666.64 7151.57 2646.93 7153.28 2623.60 7162.31 2602.49 7185.59 2598.67 7217.27 2594.14 7245.95 2603.83 7263.71 2622.61 7257.22 2650.21 7241.47 2678.02 7193.27 2692.02 7187.10 2687.60
8 4860.49 6712.30 4885.96 6747.51 4883.17 6764.48 4866.91 6805.86 4827.51 6809.21 4802.24 6794.23 4817.06 6734.93 4823.58 6712.52
8 403.45 4203.74 425.90 4176.80 473.53 4196.93 483.07 4204.93 478.93 4232.46 471.03 4243.68 405.56 4234.35 405.47 4234.04
9 2802.71 1473.54 2851.42 1403.77 2885.46 1376.82 2917.31 1376.91 2948.79 1423.96 2952.76 1445.18 2937.81 1491.48 2886.23 1528.72 2832.33 1504.84
7 6187.17 1044.15 6180.32 953.65 6230.38 920.91 6276.22 912.75 6295.13 920.27 6311.56 1029.19 6293.00 1055.52
9 6273.75 6482.68 6280.04 6460.41 6335.10 6429.61 6363.06 6451.53 6377.68 6523.83 6364.90 6535.82 6324.48 6545.04 6283.67 6509.88 6275.12 6492.06
8 3273.25 6261.52 3328.92 6197.90 3354.31 6200.30 3387.50 6256.30 3361.28 6310.76 3351.45 6328.60 3287.21 6314.52 3285.02 6308.97
10 1643.02 7025.30 1646.41 6984.12 1692.85 6965.26 1708.00 6969.57 1734.98 6989.32 1742.54 7014.84 1740.08 7034.46 1665.55 7053.57 1660.34 7049.63 1644.96 7034.12
7 2653.38 4425.50 2629.72 4512.27 2581.44 4512.82 2477.20 4479.22 2482.25 4390.39 2518.62 4377.86 2575.77 4386.65
8 1334.05 371.41 1374.78 415.72 1355.73 457.36 1346.83 458.33 1309.57 461.81 1288.15 419.88 1285.58 404.83 1328.50 372.20
11 189.60 3347.26 229.00 3330.15 250.99 3336.72 253.81 3340.87 268.20 3365.94 265.99 3384.78 253.13 3397.56 235.52 3406.64 226.54 3407.52 200.96 3407.69 191.08 3389.78
9 6923.38 942.09 6948.73 914.89 6999.21 902.18 7013.84 936.18 7026.96 979.53 7019.56 984.77 6955.23 1013.56 6937.96 991.47 6935.13 982.42
11 6823.82 409.89 6844.36 387.11 6866.90 388.62 6895.57 415.14 6896.48 451.46 6877.89 476.67 6866.94 483.95 6846.28 483.14 6826.65 475.90 6803.69 450.24 6811.93 429.68
8 5448.84 4734.78 5420.76 4773.14 5386.38 4769.92 5373.62 4752.66 5387.98 4692.22 5399.43 4682.21 5419.59 4689.67 5445.10 4703.06
9 1280.59 5806.24 1304.53 5779.36 1325.45 5765.93 1341.99 5767.45 1358.51 5785.50 1375.12 5822.51 1340.08 5856.31 1328.74 5858.49 1294.92 5824.35
11 1302.37 6846.35 1292.37 6799.61 1299.64 6772.15 1319.69 6760.54 1361.20 6760.69 1382.55 6774.52 1398.81 6789.81 1399.25 6796.74 1374.53 6862.94 1366.15 6866.30 1341.19 6861.52
8 3707.38 694.78 3740.39 608.74 3751.05 592.42 3836.15 633.22 3856.74 662.12 3844.34 733.28 3742.62 756.68 3726.61 741.05
9 5097.83 1762.62 5089.93 1732.19 5103.09 1702.52 5123.06 1686.31 5148.92 1677.60 5175.53 1689.74 5185.41 1720.49 5177.58 1774.84 5139.10 1790.08
7 6596.41 4622.68 6539.47 4593.05 6559.91 4531.14 6616.77 4499.92 6628.93 4496.27 6644.47 4557.37 6645.91 4596.45
9 853.52 1524.96 890.13 1463.93 905.50 1438.92 988.24 1440.09 1034.47 1516.93 1006.26 1563.66 1002.57 1567.16 949.24 1597.12 901.36 1591.32
11 4081.30 2326.95 4078.83 2250.56 4109.18 2225.75 4121.28 2225.15 4151.01 2237.36 4180.68 2275.61 4175.33 2307.60 4159.41 2321.05 4142.91 2328.67 4128.29 2333.74 4093.64 2329.29
11 1733.75 339.27 1713.45 401.56 1661.67 399.65 1632.05 395.32 1624.73 392.39 1613.07 337.29 1612.53 298.18 1619.13 288.37 1673.60 294.63 1684.13 298.08 1712.54 321.36
8 2402.94 1594.09 2455.62 1674.14 2450.08 1686.05 2426.48 1715.98 2418.01 1719.84 2349.69 1723.39 2341.31 1668.40 2383.64 1608.18
6 6192.96 6515.12 6122.75 6410.88 6158.89 6392.31 6237.89 6411.15 6246.31 6428.21 6248.12 6485.41
11 4938.40 4861.12 4966.81 4853.20 4994.76 4857.66 5006.89 4873.40 5011.00 4893.95 5009.88 4907.45 4988.62 4932.08 4953.28 4935.01 4948.94 4930.03 4926.31 4896.47 4931.56 4878.31
7 6668.02 5095.59 6619.22 5080.03 6630.96 4947.20 6640.08 4940.64 6667.14 4928.74 6726.29 4932.53 6763.48 5004.50
8 4157.21 7207.64 4124.86 7189.58 4128.84 7140.21 4140.54 7087.35 4190.29 7094.02 4240.92 7104.30 4239.32 7136.18 4202.21 7225.12
10 5086.00 7245.98 5125.38 7206.16 5167.21 7199.84 5187.77 7228.42 5188.78 7267.37 5160.00 7306.30 5128.76 7306.52 5125.43 7304.43 5091.88 7271.67 5088.62 7266.84
6 3510.59 367.82 3591.06 294.29 3633.93 375.05 3623.54 422.87 3573.27 411.82 3517.27 373.12
8 7215.26 6852.26 7187.06 6803.83 7193.34 6783.27 7247.69 6749.66 7274.36 6755.41 7291.87 6761.77 7310.40 6794.22 7305.60 6850.12
9 3607.73 5129.26 3615.50 5081.63 3647.39 5056.71 3657.58 5049.29 3683.60 5070.52 3721.81 5125.40 3695.19 5158.96 3664.40 5179.91 3622.46 5169.81
11 6978.34 7129.22 6948.59 7126.94 6926.84 7096.20 6899.14 7017.99 6939.02 6970.86 6960.83 6966.68 7029.99 6973.88 7053.35 6988.62 7079.34 7007.32 7087.54 7034.25 7051.46 7112.73
11 5281.78 1758.92 5309.96 1746.32 5322.35 1749.82 5351.35 1772.56 5359.27 1793.84 5341.65 1828.73 5310.87 1860.12 5270.06 1848.06 5261.50 1835.33 5253.36 1819.94 5259.74 1801.17
9 2971.29 6178.43 2889.31 6216.80 2859.57 6171.62 2836.74 6115.29 2866.07 6060.65 2924.74 6038.74 2959.87 6041.65 2986.83 6060.41 2972.68 6172.77
8 6619.78 2403.99 6622.46 2369.34 6648.71 2355.58 6686.03 2350.85 6690.28 2360.72 6700.48 2388.21 6688.75 2405.14 6644.30 2419.57
6 4692.20 4292.76 4782.68 4204.84 4799.84 4213.73 4860.50 4287.70 4824.77 4352.61 4703.14 4331.16
8 4090.43 6243.78 4154.01 6302.98 4151.34 6317.42 4105.28 6371.70 4083.67 6372.36 4026.85 6338.78 4017.01 6318.17 4063.71 6250.15
11 2332.63 5532.13 2338.70 5507.35 2356.97 5493.62 2384.95 5480.05 2410.51 5506.21 2421.79 5536.70 2423.02 5556.66 2407.54 5571.98 2383.37 5582.29 2357.25 5570.12 2347.60 5558.52
9 6243.38 2196.10 6229.21 2171.97 6233.73 2122.05 6261.20 2115.43 6296.98 2125.67 6306.38 2143.36 6303.25 2157.33 6291.33 2170.53 6270.55 2182.85
4 2691.36 6636.65 2785.69 6680.10 2764.26 6766.29 2708.97 6775.87
10 5976.54 7083.21 6004.41 7030.98 6021.85 7020.14 6028.00 7016.59 6051.19 7003.81 6059.91 7014.87 6091.03 7077.64 6087.11 7093.36 6051.53 7121.16 6009.17 7107.83
7 7195.21 6568.01 7162.35 6620.97 7100.52 6605.33 7087.82 6597.91 7086.96 6549.35 7164.46 6518.57 7175.63 6533.00
9 573.97 6528.36 499.92 6487.19 500.89 6478.96 509.54 6448.60 533.26 6395.73 608.29 6400.93 660.19 6438.12 663.39 6462.34 653.05 6479.53
7 5639.87 5388.00 5618.06 5435.49 5548.32 5430.43 5539.69 5382.77 5563.32 5340.71 5598.55 5354.19 5619.48 5363.97
8 1155.90 744.56 1192.40 701.67 1239.66 716.21 1268.46 737.11 1267.86 780.30 1202.97 816.69 1176.11 819.20 1158.05 791.83
8 6953.01 5551.64 7002.89 5590.41 6993.01 5607.27 6974.73 5628.11 6927.15 5662.37 6901.18 5632.76 6888.70 5614.38 6901.58 5565.14
8 5587.77 1985.28 5570.30 1942.81 5611.49 1891.59 5622.78 1880.20 5676.28 1902.26 5679.35 1928.42 5674.97 1977.23 5658.29 1994.38
9 2137.53 4380.87 2166.65 4330.29 2220.73 4340.26 2253.66 4367.57 2255.99 4410.91 2202.19 4442.29 2198.02 4444.30 2161.50 4432.45 2139.80 4393.34
8 2501.22 1605.63 2539.68 1536.20 2595.32 1569.98 2631.50 1601.84 2612.05 1648.59 2560.04 1673.02 2536.30 1661.74 2508.35 1634.44
9 6235.62 430.32 6239.06 490.73 6204.90 516.50 6183.66 508.33 6160.48 497.29 6154.08 467.94 6158.92 439.78 6173.38 426.82 6217.78 427.00
11 6127.77 4765.94 6133.14 4755.05 6170.30 4740.16 6197.57 4757.73 6199.82 4773.78 6201.57 4804.20 6172.73 4817.17 6169.86 4818.01 6144.54 4804.65 6136.64 4791.34 6128.54 4773.58
9 4465.70 7048.99 4511.30 7081.59 4506.43 7097.49 4498.42 7114.34 4475.07 7133.84 4465.44 7133.73 4443.35 7106.59 4433.24 7074.39 4447.22 7055.41
10 1666.22 5003.12 1649.69 4983.21 1638.30 4939.80 1633.13 4901.65 1638.90 4880.48 1713.66 4844.59 1764.94 4871.31 1776.60 4931.72 1742.81 4976.12 1720.24 4996.39
11 5690.97 6095.92 5706.77 6125.45 5700.28 6141.61 5688.08 6156.88 5676.37 6169.26 5665.46 6168.32 5635.69 6151.00 5635.97 6128.39 5637.56 6105.84 5643.98 6097.44 5656.30 6085.47
8 6158.58 3518.59 6151.16 3543.93 6082.52 3540.34 6073.21 3535.26 6074.68 3507.23 6099.18 3471.60 6120.48 3454.28 6146.35 3497.45
7 4274.56 3289.63 4397.88 3287.18 4408.54 3304.12 4425.50 3357.51 4386.76 3398.02 4351.22 3404.89 4302.44 3339.95
9 6877.50 2400.61 6902.97 2369.30 6939.32 2380.08 6951.97 2396.58 6949.66 2405.62 6947.52 2413.06 6923.07 2438.93 6893.40 2440.67 6880.16 2423.46
9 2848.07 5091.14 2857.03 5170.36 2850.46 5183.07 2771.90 5208.71 2720.42 5174.77 2711.38 5160.93 2705.12 5093.28 2708.00 5081.20 2745.24 5059.01
6 987.14 2857.02 937.54 2832.43 969.47 2760.71 979.49 2740.03 995.53 2741.97 1038.70 2805.85
9 7349.81 1063.69 7375.58 1014.68 7397.65 1008.07 7449.93 1009.67 7468.55 1039.60 7474.51 1063.61 7460.52 1081.15 7405.04 1111.91 7373.62 1097.23
10 3799.74 2880.38 3758.86 2849.16 3762.07 2828.99 3765.28 2813.28 3769.76 2803.29 3794.75 2795.49 3798.42 2795.12 3822.06 2820.33 3834.12 2855.35 3818.08 2870.10
9 5069.10 6503.44 5130.38 6426.64 5179.82 6445.99 5223.90 6464.48 5245.54 6494.94 5243.08 6540.48 5208.45 6574.01 5148.03 6582.87 5076.67 6533.60
10 5932.19 1303.38 5992.20 1248.30 6017.17 1249.26 6039.70 1253.78 6050.50 1258.71 6078.49 1275.38 6089.82 1325.34 6055.25 1368.53 6034.03 1366.71 5970.50 1358.22
10 2846.08 495.44 2905.27 436.56 2951.90 441.96 2957.18 446.74 2996.65 482.70 3004.39 496.48 2995.27 527.61 2968.94 562.19 2922.32 586.50 2872.08 583.90
13 4928.49 322.90 4895.54 357.17 4877.77 364.77 4854.56 360.63 4841.53 348.28 4837.32 321.48 4836.67 308.79 4842.42 294.88 4857.36 273.81 4869.66 265.55 4883.01 269.30 4910.17 278.99 4915.49 289.89
10 5096.30 3478.02 5095.86 3481.06 5076.72 3544.41 5043.13 3529.15 5003.82 3510.53 4999.53 3504.54 4999.11 3469.39 5008.79 3449.45 5021.26 3436.78 5081.46 3449.50
9 1568.12 1947.20 1556.00 1891.35 1570.27 1864.79 1626.01 1839.63 1661.09 1844.06 1699.30 1860.23 1719.54 1909.91 1670.71 1961.60 1603.57 1983.16
11 911.42 7206.01 888.12 7188.01 886.60 7183.51 883.47 7162.37 890.03 7146.46 915.43 7130.92 951.95 7137.29 968.41 7170.17 964.46 7185.39 947.96 7203.65 933.74 7204.92
7 6629.92 1606.86 6614.92 1677.42 6548.39 1670.15 6539.30 1626.11 6543.95 1597.75 6579.00 1577.76 6613.01 1585.32
10 939.34 3285.21 885.57 3323.50 869.77 3317.36 855.51 3289.92 850.95 3273.36 858.87 3244.70 871.93 3240.50 875.74 3239.51 906.08 3244.05 937.63 3270.99
5 3393.16 1001.71 3415.97 1060.01 3401.06 1083.03 3341.89 1077.98 3358.56 1001.80
11 6909.61 4877.73 6888.91 4870.96 6877.70 4859.45 6873.02 4841.63 6885.35 4815.84 6892.43 4804.19 6932.27 4804.15 6945.37 4806.92 6954.99 4825.89 6949.74 4844.88 6937.29 4875.06
12 6342.69 5395.68 6308.14 5337.66 6314.07 5313.20 6346.08 5301.90 6388.47 5296.51 6414.22 5297.39 6452.48 5358.07 6459.66 5376.51 6451.87 5395.00 6436.53 5415.93 6389.46 5433.81 6365.06 5416.00
8 3634.90 1415.44 3602.11 1382.64 3622.09 1326.84 3671.99 1309.82 3720.46 1368.37 3728.48 1409.50 3711.27 1413.09 3676.89 1415.95
9 2763.62 5940.77 2800.61 5909.41 2836.99 5941.21 2838.39 5984.00 2811.68 6016.90 2781.70 6024.56 2736.19 5996.87 2735.20 5994.89 2752.74 5956.37
9 5779.58 1176.72 5829.95 1090.90 5836.35 1087.08 5889.05 1097.05 5906.28 1149.76 5917.41 1188.20 5895.25 1212.72 5841.67 1237.54 5781.16 1201.16
6 5642.94 6956.59 5610.60 6843.49 5651.36 6834.88 5741.09 6840.06 5740.55 6937.16 5706.50 6953.85
8 2542.04 4864.62 2425.29 4817.31 2426.71 4751.38 2459.76 4723.77 2551.61 4726.02 2587.50 4747.89 2597.76 4779.99 2591.77 4799.74
10 5263.45 2094.08 5278.82 2078.96 5374.00 2036.37 5405.97 2062.49 5419.51 2143.32 5421.39 2154.91 5412.85 2163.67 5397.73 2173.39 5327.49 2198.45 5265.83 2154.47
7 853.70 2230.38 926.53 2150.08 927.64 2151.10 977.98 2201.13 979.51 2218.37 905.02 2270.71 872.27 2250.53
11 2455.41 6131.91 2473.09 6083.74 2510.02 6048.13 2532.49 6040.73 2579.57 6065.72 2631.21 6133.91 2620.01 6153.26 2600.03 6164.00 2542.47 6190.97 2508.82 6198.42 2468.19 6153.92
10 4560.51 6304.07 4569.70 6278.97 4598.56 6212.74 4660.15 6223.88 4670.65 6257.91 4670.45 6311.53 4658.60 6322.98 4638.55 6334.62 4576.83 6322.30 4565.87 6311.29
11 2432.20 6366.04 2398.73 6400.18 2384.41 6397.32 2352.90 6390.36 2346.11 6378.66 2361.29 6341.24 2386.26 6315.95 2394.79 6316.67 2416.86 6334.60 2419.81 6338.00 2425.28 6345.01
9 1911.36 3001.73 1864.93 3031.49 1847.06 3023.29 1834.66 2963.92 1835.14 2956.93 1850.54 2951.16 1865.16 2947.92 1892.76 2955.86 1910.57 2981.66
10 5073.48 277.91 5086.67 231.12 5119.24 191.31 5158.94 193.25 5186.21 215.56 5190.56 241.24 5185.92 248.20 5156.05 275.07 5119.19 307.88 5080.06 289.50
9 6083.02 4243.74 6184.61 4236.95 6202.05 4284.80 6210.82 4319.02 6192.09 4346.60 6152.81 4358.92 6088.42 4344.45 6061.08 4308.65 6071.79 4273.81
9 826.31 4451.84 838.49 4393.36 868.71 4387.43 888.27 4389.35 903.54 4404.99 907.02 4448.19 893.75 4463.48 890.87 4466.57 847.00 4461.71
8 5612.88 2378.50 5630.63 2463.48 5606.36 2483.08 5525.22 2461.69 5510.03 2430.21 5517.90 2394.37 5522.73 2388.23 5541.98 2369.14
9 4032.63 4219.99 3998.42 4176.94 4012.36 4144.06 4027.20 4131.07 4083.78 4143.59 4093.68 4172.45 4088.13 4208.17 4049.26 4226.26 4044.92 4227.61
8 5337.09 5368.96 5290.75 5335.65 5295.03 5316.82 5314.32 5311.27 5348.01 5310.02 5356.37 5327.20 5347.01 5362.29 5339.05 5367.70
10 7146.39 5967.03 7148.01 5958.43 7178.34 5915.56 7192.87 5921.15 7223.10 5935.10 7231.58 5952.89 7212.23 5986.76 7187.63 6003.85 7163.81 5996.91 7146.61 5976.85
12 5582.71 2669.52 5600.95 2657.71 5609.81 2660.46 5651.98 2680.51 5652.25 2685.87 5647.02 2717.35 5627.38 2738.16 5622.52 2738.41 5606.94 2737.18 5599.03 2734.29 5591.57 2724.02 5583.95 2685.93
12 3928.18 3855.33 3935.14 3829.57 3954.65 3814.49 3967.03 3810.77 4000.64 3833.81 4006.83 3847.17 4008.57 3856.45 3990.43 3886.36 3988.85 3887.59 3975.63 3896.96 3970.21 3897.58 3944.87 3886.87
9 780.33 3012.95 835.62 3067.70 828.81 3079.70 782.61 3151.84 759.87 3151.90 728.13 3127.36 716.14 3060.97 714.96 3031.62 723.33 3026.10
9 2661.78 1386.30 2670.00 1362.62 2699.91 1318.14 2712.55 1318.97 2758.46 1335.73 2773.24 1378.64 2749.00 1418.28 2740.11 1424.65 2709.38 1425.19
9 7050.13 6819.21 6963.72 6922.02 6938.47 6914.50 6868.30 6855.59 6868.75 6810.11 6928.94 6760.54 6981.28 6756.07 7020.26 6774.34 7042.73 6786.91
8 4462.49 1992.78 4533.52 1981.36 4559.39 2044.28 4547.94 2050.19 4513.37 2061.14 4506.96 2062.85 4470.35 2052.60 4465.52 2047.40
6 3560.90 7111.80 3590.67 7093.48 3602.14 7108.76 3606.30 7164.85 3594.98 7169.51 3570.00 7157.91
7 2171.37 222.42 2197.99 284.53 2195.00 309.35 2178.17 336.63 2138.86 316.88 2109.36 284.29 2158.12 224.87
10 3481.16 5535.25 3495.70 5485.15 3545.97 5472.78 3553.69 5483.70 3555.37 5489.57 3557.82 5519.26 3554.47 5544.93 3531.80 5553.29 3523.33 5555.78 3507.81 5558.36
7 6784.25 5316.57 6844.62 5301.97 6870.62 5322.47 6886.18 5354.12 6870.64 5384.30 6835.45 5408.64 6803.16 5405.02
5 5238.92 2655.55 5245.82 2592.54 5325.13 2647.97 5273.60 2688.83 5264.55 2682.35
10 483.58 695.02 452.71 728.85 440.66 731.88 422.86 719.25 408.11 708.67 404.94 700.02 402.49 673.79 425.70 645.56 458.58 646.85 481.56 687.74
9 2236.91 3177.69 2202.90 3125.21 2209.99 3106.33 2226.77 3074.25 2279.33 3068.06 2299.48 3086.57 2315.97 3119.59 2292.47 3159.26 2254.73 3179.98
10 878.52 1172.40 896.55 1213.52 892.79 1224.84 863.33 1247.67 843.94 1245.61 821.13 1212.21 819.21 1192.66 826.42 1183.46 843.18 1171.21 870.56 1170.82
10 5483.28 2122.08 5432.73 2072.45 5486.65 1973.05 5494.03 1969.23 5549.17 1978.12 5574.50 1985.69 5610.00 2025.63 5612.69 2054.43 5606.31 2085.02 5531.50 2114.75
7 6478.81 1031.68 6447.62 975.99 6481.41 941.21 6500.93 937.25 6522.70 948.42 6535.51 990.80 6509.92 1024.02
9 1697.57 4392.56 1678.08 4459.45 1645.59 4476.43 1583.28 4464.03 1569.34 4460.96 1581.50 4365.00 1610.81 4335.24 1626.05 4340.98 1642.97 4349.58
9 3817.55 1289.15 3816.04 1235.66 3829.29 1218.60 3850.88 1205.42 3868.02 1199.91 3912.82 1231.41 3912.71 1241.79 3899.98 1277.45 3875.19 1304.80
7 547.97 6818.61 512.20 6720.23 540.90 6696.90 603.83 6684.56 649.88 6746.67 657.41 6795.48 605.66 6828.24
9 6685.72 4127.12 6686.52 4076.13 6707.33 4065.60 6737.28 4062.57 6749.48 4066.42 6764.46 4113.30 6768.76 4155.08 6713.18 4161.44 6688.55 4146.52
10 2361.58 6019.23 2374.50 5998.58 2409.39 5969.70 2422.73 5973.00 2431.15 5975.99 2433.97 5989.80 2437.24 6056.58 2415.97 6066.02 2392.26 6063.30 2374.67 6049.11
8 3134.06 4908.06 3117.09 4859.55 3137.25 4811.66 3154.05 4783.14 3178.16 4781.85 3227.92 4816.48 3222.74 4879.60 3184.45 4896.89
7 1234.70 4959.15 1195.16 4897.59 1239.77 4842.57 1307.24 4873.76 1317.12 4888.40 1312.92 4906.30 1290.33 4946.93
10 5526.88 5313.96 5535.00 5357.42 5529.81 5370.03 5501.16 5380.30 5483.80 5373.11 5475.69 5365.20 5470.42 5358.43 5461.20 5317.23 5466.97 5305.78 5500.43 5300.18
9 3213.00 1199.48 3250.56 1170.93 3256.77 1173.39 3291.34 1197.19 3293.03 1247.57 3290.35 1276.30 3243.76 1274.89 3214.94 1256.21 3214.69 1253.75
6 6881.69 7430.64 6917.91 7374.21 7001.09 7459.50 6973.20 7478.11 6903.86 7491.16 6897.10 7475.59
7 5352.97 3375.00 5363.52 3297.03 5463.71 3266.19 5468.93 3299.59 5408.50 3390.87 5404.01 3392.74 5368.46 3385.48
9 3240.37 2997.71 3258.24 2939.33 3268.45 2932.27 3300.92 2915.00 3349.62 2940.17 3354.51 2974.81 3336.85 3010.42 3310.35 3031.85 3275.52 3023.86
12 2550.15 5643.52 2590.57 5675.31 2572.27 5754.50 2532.36 5789.45 2499.80 5797.02 2476.83 5790.18 2454.03 5782.61 2437.06 5728.46 2434.89 5700.01 2460.45 5665.41 2463.42 5661.93 2466.45 5658.77
10 2992.57 1607.18 2963.92 1638.03 2926.76 1632.42 2913.45 1601.71 2927.10 1569.60 2954.24 1561.17 2959.49 1562.56 2980.06 1568.94 2984.39 1573.21 2990.99 1594.30
7 2822.68 4457.16 2769.37 4413.50 2793.35 4379.64 2828.32 4387.08 2845.42 4392.29 2846.08 4395.11 2846.58 4398.09
11 5921.81 1613.59 5914.70 1555.46 5922.32 1544.95 5938.50 1535.36 5989.09 1546.03 6005.32 1573.80 6006.49 1589.93 6004.63 1598.87 5996.29 1603.56 5988.69 1607.69 5939.02 1612.60
8 4707.85 5014.26 4673.03 5037.37 4647.98 5034.75 4618.57 5010.51 4616.55 4958.90 4642.89 4940.79 4660.03 4942.73 4699.94 4984.89
8 2045.03 5062.01 1999.78 5013.82 2012.22 4986.06 2048.76 4962.55 2074.04 4962.18 2106.97 5001.96 2102.78 5030.44 2050.45 5066.74
8 2560.06 3223.72 2595.06 3137.49 2606.26 3137.72 2635.77 3141.24 2672.10 3165.69 2676.85 3177.16 2673.23 3204.88 2644.84 3251.22
6 1409.32 2742.39 1405.61 2692.80 1434.67 2673.75 1453.23 2677.84 1479.89 2720.45 1447.01 2739.89
8 2201.67 2689.46 2141.74 2612.77 2147.38 2594.27 2181.82 2554.15 2198.20 2557.26 2257.07 2578.86 2249.39 2661.76 2236.34 2676.28
6 5540.68 5814.08 5510.85 5751.14 5515.59 5739.58 5589.17 5702.03 5633.66 5725.45 5645.82 5798.61
10 663.95 5284.23 715.74 5279.89 743.00 5306.59 746.23 5325.77 740.69 5339.95 728.89 5361.86 706.62 5372.24 678.31 5373.07 649.33 5349.89 651.53 5313.02
9 7112.30 2540.03 7115.95 2583.08 7103.86 2597.48 7097.15 2602.97 7079.72 2604.65 7048.46 2591.05 7037.44 2547.60 7059.31 2530.07 7079.18 2533.40
7 192.27 5050.33 90.27 4973.92 124.44 4938.23 156.10 4925.88 214.02 4953.51 222.84 4974.52 218.59 5017.14
6 6599.63 3384.63 6616.40 3407.82 6606.15 3433.46 6567.81 3459.23 6556.85 3445.11 6559.58 3391.56
5 4513.43 4779.72 4477.57 4767.61 4512.51 4724.17 4526.50 4722.68 4516.54 4776.83
6 6882.11 2860.73 6787.57 2925.43 6773.40 2920.54 6753.80 2896.52 6745.72 2817.16 6877.49 2810.45
9 3974.27 3167.84 3936.75 3110.50 3945.49 3070.12 3987.83 3026.70 4034.28 3019.25 4054.18 3024.99 4075.43 3062.02 4086.60 3110.36 4064.95 3164.47
5 737.17 4264.93 711.33 4192.09 730.16 4163.89 827.00 4194.97 829.44 4253.90
10 1762.00 7221.24 1758.70 7248.79 1712.12 7305.77 1710.23 7305.36 1669.61 7265.45 1642.03 7221.05 1641.83 7216.34 1651.83 7202.85 1686.98 7192.66 1738.74 7197.90
9 4780.42 2990.61 4758.18 2960.09 4746.50 2915.64 4741.75 2888.80 4757.91 2881.92 4795.60 2866.06 4850.67 2928.37 4851.67 2960.15 4835.58 2982.18
10 2950.71 3978.88 3032.64 3915.01 3080.77 3915.63 3095.49 3926.07 3110.15 3974.22 3103.23 3996.78 3087.28 4017.97 3058.68 4043.42 3042.07 4043.81 2984.44 4023.54
11 6261.19 733.15 6273.17 700.40 6288.27 691.16 6295.29 690.24 6312.38 689.30 6335.11 691.19 6345.98 737.45 6340.50 755.26 6333.50 776.09 6298.83 770.06 6278.17 758.53
7 5678.92 5995.14 5714.83 5947.55 5817.03 5933.55 5851.20 5961.98 5842.27 6065.66 5840.09 6067.49 5714.35 6051.19
5 6645.40 1774.28 6738.88 1753.57 6737.80 1875.79 6696.21 1875.21 6653.76 1801.58
12 2969.81 4657.44 2986.70 4622.32 3035.94 4607.86 3094.43 4598.22 3103.11 4615.57 3119.92 4685.07 3116.32 4704.80 3104.92 4737.78 3067.06 4748.93 3020.60 4740.03 3004.81 4736.17 2989.09 4710.79
7 5547.55 7392.63 5610.16 7360.72 5664.80 7452.34 5657.98 7503.02 5584.11 7545.04 5556.97 7505.75 5553.80 7476.13
11 2860.04 2037.64 2885.67 2011.35 2903.93 2002.45 2918.77 2000.39 2947.73 2009.05 2952.55 2030.48 2954.88 2047.83 2940.28 2078.56 2925.67 2084.34 2893.31 2082.39 2865.82 2066.49
8 6507.18 4764.06 6525.60 4719.08 6568.05 4702.28 6582.32 4730.03 6598.93 4785.32 6589.07 4796.59 6573.55 4806.64 6511.10 4775.11
8 3988.84 6037.67 4065.64 6029.45 4103.43 6089.22 4103.46 6115.96 3998.34 6134.65 3972.92 6109.32 3973.28 6075.16 3977.74 6050.64
8 3236.10 853.42 3301.88 764.75 3333.92 773.46 3337.63 778.76 3337.46 838.67 3315.22 892.85 3288.45 893.09 3270.77 891.06
6 5082.63 5363.35 5045.94 5409.55 5015.78 5400.40 5013.77 5364.83 5020.92 5361.46 5064.23 5357.98
9 1329.27 2975.78 1263.14 3029.12 1217.42 3017.13 1169.57 2980.73 1170.90 2929.59 1190.47 2894.58 1231.57 2893.30 1271.94 2901.36 1306.27 2930.01
11 5923.22 2195.22 5913.59 2141.60 5950.56 2091.58 6010.97 2087.53 6017.41 2089.98 6029.43 2096.05 6084.96 2142.32 6093.53 2157.64 6040.84 2250.89 6038.83 2252.14 5950.26 2252.55
11 1140.27 1357.56 1151.75 1303.33 1215.43 1284.59 1222.56 1285.85 1227.62 1290.02 1281.74 1335.03 1282.01 1371.90 1248.40 1386.97 1237.76 1391.56 1197.13 1404.71 1190.04 1400.74
8 6885.06 6314.15 6816.63 6215.81 6854.49 6174.72 6874.53 6174.44 6940.87 6196.08 6952.90 6231.49 6946.93 6253.28 6920.59 6307.43
8 5712.12 104.80 5799.04 166.11 5786.69 213.87 5744.72 233.42 5707.62 229.21 5661.79 178.80 5665.43 162.37 5682.38 116.17
9 2358.23 3229.13 2359.07 3207.57 2370.68 3183.23 2420.83 3184.29 2435.51 3210.45 2423.71 3248.98 2419.84 3258.67 2395.88 3261.46 2361.37 3245.52
7 6005.64 4965.91 6002.08 4926.98 6003.72 4899.09 6046.53 4908.41 6051.14 4910.25 6065.60 4935.01 6038.34 4964.69
9 1106.18 3083.19 1074.00 3035.27 1102.01 3005.25 1118.63 2999.05 1155.24 3018.83 1158.08 3039.62 1144.87 3076.17 1140.80 3077.30 1126.67 3079.86
8 2371.58 2210.78 2345.79 2125.58 2353.62 2100.21 2373.15 2089.99 2448.65 2089.24 2460.55 2165.43 2449.32 2185.66 2418.53 2207.41
9 6527.11 549.59 6446.90 539.16 6423.41 530.24 6420.08 528.94 6439.21 481.17 6468.09 449.24 6498.71 454.12 6507.69 461.39 6525.20 518.28
10 952.68 910.51 943.99 829.38 947.46 818.17 976.74 795.78 1016.62 770.64 1067.35 803.75 1102.17 844.98 1101.94 871.58 1063.36 925.49 1023.81 955.34
8 912.21 827.26 872.19 851.27 848.46 847.17 833.49 844.20 832.90 817.41 836.13 785.19 867.31 765.71 893.44 783.84
12 3322.38 5514.91 3314.81 5503.49 3317.53 5479.58 3340.46 5454.76 3357.61 5451.99 3369.48 5454.03 3382.74 5465.10 3387.34 5480.17 3379.32 5519.50 3370.75 5523.04 3355.54 5528.91 3345.24 5524.84
13 5102.20 2075.07 5041.12 2082.95 5032.59 2079.57 5000.19 2064.48 4997.58 2057.63 4992.95 2014.85 4998.30 1993.81 5009.00 1985.54 5079.79 1954.07 5088.62 1959.28 5105.73 1983.59 5117.13 2001.17 5113.79 2061.36
13 5503.31 3728.43 5530.48 3702.60 5579.70 3705.22 5612.89 3717.21 5643.36 3736.76 5649.92 3785.63 5627.71 3820.74 5613.48 3835.90 5596.52 3848.68 5539.91 3851.74 5519.26 3839.06 5491.66 3778.18 5494.22 3754.75
8 1612.22 5165.53 1546.78 5171.97 1522.17 5160.13 1503.62 5109.80 1516.20 5076.72 1562.29 5063.33 1626.31 5080.13 1618.12 5139.88
8 4879.61 5598.33 4908.24 5659.17 4886.20 5689.32 4867.15 5708.54 4828.93 5697.30 4800.13 5672.60 4806.96 5634.10 4853.84 5609.90
10 922.18 5993.85 952.03 5950.79 979.86 5938.84 1018.99 5933.39 1037.50 5943.80 1054.74 6004.19 1053.09 6024.03 1011.90 6051.02 990.59 6064.56 939.56 6037.45
8 5803.44 3067.96 5813.45 3016.33 5842.43 3022.73 5875.94 3049.74 5874.12 3090.36 5870.04 3096.95 5831.34 3108.33 5807.17 3080.44
9 2112.81 1389.28 2136.19 1384.02 2171.08 1429.97 2172.35 1443.26 2136.60 1465.43 2106.61 1469.06 2084.69 1455.04 2077.54 1433.68 2079.72 1424.79
8 646.82 5638.49 588.56 5732.95 571.66 5729.31 504.91 5697.91 499.07 5678.83 492.84 5640.76 547.26 5576.71 629.14 5604.95
9 3647.93 1506.24 3672.22 1436.38 3732.10 1437.52 3769.50 1448.31 3795.21 1469.82 3763.32 1538.54 3738.67 1561.51 3721.95 1552.31 3680.46 1527.90
8 3999.28 1200.89 4052.87 1128.10 4136.08 1152.82 4140.61 1177.07 4125.02 1277.21 4115.64 1290.86 4051.68 1286.05 4009.30 1259.53
10 2741.31 3637.35 2765.28 3655.46 2765.09 3699.63 2761.03 3715.27 2751.15 3736.44 2720.36 3737.42 2701.20 3735.33 2664.31 3714.63 2676.45 3686.32 2721.44 3650.68
9 2531.27 2438.01 2495.49 2373.52 2503.56 2338.13 2528.97 2322.93 2576.59 2314.13 2596.36 2325.69 2598.89 2414.34 2576.85 2427.82 2541.41 2437.19
9 4433.29 4982.26 4400.89 5046.49 4359.36 5055.88 4334.89 5048.71 4323.43 4962.83 4326.02 4962.26 4357.59 4956.49 4394.72 4953.15 4423.61 4968.59
9 4866.78 3619.27 4892.59 3654.44 4880.63 3679.22 4874.63 3684.41 4853.49 3684.10 4851.16 3682.29 4828.58 3662.66 4829.89 3644.09 4837.42 3623.35
8 2122.34 2216.72 2087.67 2162.89 2134.33 2101.58 2201.81 2106.77 2241.88 2143.09 2269.67 2190.19 2241.22 2253.64 2155.58 2257.90
9 5517.24 5917.81 5567.66 5822.08 5632.73 5859.17 5673.39 5886.06 5666.97 5945.82 5653.58 5952.23 5566.95 5971.31 5555.86 5973.68 5540.41 5959.15
8 676.19 6874.03 657.82 6845.56 658.72 6835.17 666.20 6825.26 679.47 6819.31 713.23 6822.86 712.50 6825.46 691.78 6862.62
10 2110.70 4424.20 2129.26 4470.05 2127.37 4477.12 2090.84 4502.93 2078.81 4501.27 2063.43 4495.56 2031.96 4479.49 2030.53 4474.22 2028.71 4447.03 2051.39 4417.92
7 7070.26 3350.91 7088.23 3391.70 7084.07 3427.11 7000.12 3457.57 6986.99 3448.95 6986.57 3365.83 6999.43 3341.02
7 4239.19 2037.35 4278.35 2015.56 4301.47 2067.88 4302.54 2109.76 4256.82 2126.60 4229.40 2100.80 4229.64 2056.42
7 1308.44 178.13 1350.03 139.06 1381.91 161.22 1445.59 234.19 1434.83 279.66 1384.53 301.91 1337.20 286.79
8 7224.31 3981.95 7195.44 4035.28 7104.65 4035.11 7092.59 4005.92 7063.47 3930.74 7068.77 3910.48 7111.27 3883.54 7181.30 3883.88
6 5373.40 1146.81 5277.19 1123.67 5313.43 1084.75 5338.82 1072.34 5377.68 1095.48 5381.69 1119.80
10 5216.68 849.31 5216.43 821.45 5217.49 815.13 5219.24 812.69 5298.08 746.46 5341.46 771.35 5381.14 798.00 5356.93 875.76 5297.09 903.10 5242.87 870.56
8 3302.42 7107.86 3261.51 7051.35 3274.09 7012.62 3313.66 6980.55 3352.29 6989.03 3375.14 6997.62 3391.20 7064.73 3357.89 7099.77
10 6338.38 4607.17 6350.36 4581.67 6421.42 4578.49 6429.96 4599.68 6429.23 4623.44 6422.37 4641.08 6414.73 4659.83 6400.67 4672.51 6362.05 4675.46 6339.03 4621.08
10 2655.62 6801.57 2620.39 6831.48 2582.92 6835.84 2563.22 6813.37 2566.72 6794.39 2588.05 6766.87 2610.63 6744.08 2622.46 6750.62 2643.51 6767.04 2646.33 6775.07
9 628.70 5920.57 677.59 5891.57 687.81 5901.03 714.18 5929.13 730.88 5967.86 701.19 5994.73 660.93 5998.67 645.56 5991.75 630.57 5952.31
8 5676.05 2271.95 5675.28 2329.01 5592.89 2364.95 5558.95 2337.54 5550.49 2329.67 5546.18 2296.78 5579.49 2272.27 5630.72 2251.76
8 5101.17 4359.15 5103.51 4349.47 5134.39 4298.45 5204.20 4311.22 5221.80 4341.99 5212.80 4358.39 5188.56 4399.10 5118.31 4367.20
6 5847.95 1982.37 5820.95 1882.53 5865.59 1878.49 5892.53 1890.06 5902.81 1907.94 5911.73 1930.25
9 1520.79 4696.17 1495.32 4658.33 1506.71 4613.25 1552.53 4564.01 1588.65 4580.67 1629.85 4660.72 1625.87 4664.98 1606.60 4678.97 1565.01 4688.65
10 1961.26 2846.52 1999.08 2802.32 2052.02 2788.25 2075.88 2795.39 2090.13 2834.01 2102.97 2879.23 2080.71 2905.02 2043.67 2924.97 2010.80 2920.86 1973.18 2868.71
9 832.96 4702.76 847.07 4667.87 873.95 4641.25 887.43 4638.53 912.99 4644.93 930.53 4676.32 922.14 4704.40 910.09 4723.85 885.47 4723.62
7 5324.82 2793.44 5369.85 2753.99 5406.67 2758.02 5423.24 2813.82 5407.31 2826.64 5364.09 2832.80 5356.51 2828.84
11 4722.39 7349.16 4709.90 7317.41 4717.76 7276.97 4735.48 7272.78 4768.41 7267.50 4798.74 7269.32 4830.97 7272.93 4848.38 7293.41 4839.92 7325.71 4801.36 7352.02 4779.57 7363.88
11 3060.23 2227.72 3071.82 2201.18 3127.64 2178.42 3149.01 2192.61 3173.14 2219.35 3152.07 2254.99 3144.77 2263.14 3103.64 2263.34 3081.03 2262.83 3074.24 2261.05 3066.82 2255.18
9 1513.77 3817.34 1555.91 3743.20 1592.81 3714.86 1641.74 3763.01 1650.03 3773.13 1652.44 3830.51 1625.52 3855.09 1570.31 3859.09 1523.88 3845.78
10 2148.20 1638.32 2137.28 1610.53 2138.26 1590.87 2162.24 1565.60 2203.26 1567.32 2215.90 1575.71 2231.28 1601.34 2215.82 1627.51 2193.26 1651.54 2181.75 1654.41
10 7079.13 5789.17 7079.57 5771.46 7103.72 5704.92 7118.97 5678.16 7182.50 5724.88 7195.54 5736.59 7194.71 5755.48 7169.09 5776.33 7129.84 5806.03 7081.39 5798.86
7 5048.07 633.21 5068.71 736.63 5059.19 749.49 4978.32 742.89 4958.41 736.92 4958.39 674.02 5013.87 643.96
9 4266.58 1147.37 4262.53 1189.88 4252.04 1204.57 4232.29 1204.98 4216.92 1202.76 4199.10 1149.35 4242.88 1132.79 4252.00 1135.25 4265.09 1142.25
10 3300.69 5638.76 3302.37 5614.69 3346.04 5583.10 3359.19 5577.78 3394.84 5609.75 3404.98 5647.56 3391.00 5661.54 3370.51 5668.21 3348.21 5664.72 3301.73 5648.44
11 3829.84 7157.45 3819.28 7113.37 3837.09 7104.85 3852.89 7097.84 3872.82 7097.84 3901.18 7108.57 3894.15 7130.48 3875.90 7169.21 3872.77 7172.93 3863.39 7181.92 3861.04 7183.37
7 6550.57 6377.68 6594.69 6387.29 6591.75 6404.80 6568.08 6456.77 6555.37 6447.52 6522.87 6420.82 6535.86 6386.28
7 6607.98 3804.55 6498.98 3734.92 6510.88 3707.97 6531.91 3686.47 6587.56 3668.41 6637.25 3727.49 6644.89 3761.47
9 2912.35 2432.37 2866.02 2371.91 2896.17 2293.31 2932.55 2277.62 2992.50 2286.37 3005.91 2290.47 3027.25 2341.63 3039.99 2377.44 3004.61 2430.53
5 5297.11 7403.94 5256.43 7341.54 5327.89 7293.97 5360.99 7348.90 5356.83 7359.93
7 4401.07 2601.55 4416.35 2505.52 4460.12 2527.19 4495.49 2545.85 4498.91 2577.50 4494.69 2591.05 4420.85 2615.96
9 393.70 5109.34 374.78 5089.49 375.71 5073.07 389.21 5039.50 396.61 5037.10 459.36 5043.55 452.29 5098.45 438.67 5110.60 426.80 5115.90
11 3408.80 3490.40 3374.39 3534.12 3323.65 3510.60 3310.45 3487.58 3309.69 3462.55 3312.67 3446.79 3321.75 3430.71 3354.54 3417.91 3363.78 3415.60 3391.10 3452.35 3408.43 3479.52
13 4814.27 427.97 4884.92 413.48 4915.16 421.84 4927.18 455.66 4932.85 475.10 4919.26 515.03 4902.96 522.62 4852.84 537.56 4839.72 538.43 4812.20 530.40 4787.48 491.22 4799.30 449.13 4811.40 430.38
6 4563.21 4762.67 4583.48 4717.77 4622.06 4723.00 4632.03 4748.27 4639.60 4776.95 4592.40 4790.42
9 4475.09 6037.42 4491.44 6077.02 4472.09 6122.12 4449.23 6159.97 4429.90 6159.29 4374.64 6120.39 4370.82 6102.12 4364.86 6069.63 4411.17 6050.66
7 345.53 4695.91 378.49 4649.10 430.95 4663.83 431.42 4717.21 395.42 4730.26 372.93 4730.05 352.05 4717.03
9 5749.12 5843.67 5737.48 5796.62 5739.78 5783.33 5757.49 5760.91 5784.52 5754.50 5806.14 5771.38 5822.79 5789.73 5816.95 5840.73 5776.05 5856.41
7 6754.82 2718.54 6794.99 2683.35 6905.63 2690.31 6915.57 2715.93 6886.71 2790.10 6836.98 2799.24 6789.66 2758.69
10 5919.45 6312.81 5886.20 6300.72 5878.55 6284.35 5873.10 6236.53 5883.20 6209.39 5923.65 6187.93 5985.46 6228.43 5985.70 6237.09 5976.94 6265.02 5962.65 6283.55
9 5973.06 3033.12 6021.79 3089.34 6015.90 3114.86 6013.38 3119.09 5986.02 3144.45 5957.99 3160.61 5921.19 3145.24 5899.00 3119.24 5916.46 3054.95
8 6252.70 3404.88 6199.43 3459.72 6180.18 3458.22 6150.30 3433.50 6119.03 3353.46 6131.92 3342.46 6193.72 3325.88 6252.29 3345.16
8 3536.14 3098.08 3518.81 3048.12 3526.79 3035.84 3546.97 3029.24 3569.10 3028.80 3587.77 3035.59 3613.85 3047.85 3590.89 3092.86
10 6723.23 7168.36 6723.32 7151.86 6776.12 7112.28 6838.30 7115.45 6864.13 7215.34 6855.67 7231.43 6852.42 7236.87 6808.38 7258.62 6757.34 7251.77 6724.86 7192.07
9 5628.37 5693.20 5604.60 5654.22 5610.38 5638.35 5657.96 5637.39 5663.57 5639.47 5680.67 5666.65 5675.95 5682.48 5667.14 5689.82 5644.40 5697.49
8 2499.51 4891.88 2561.31 5007.87 2551.68 5017.41 2459.90 5076.02 2422.64 5052.01 2392.35 4997.16 2391.72 4964.64 2462.79 4892.86
9 2543.92 2547.33 2548.52 2509.85 2593.62 2492.12 2626.98 2499.20 2658.02 2569.96 2625.86 2627.30 2574.65 2622.94 2552.50 2602.27 2548.68 2595.07
8 238.58 2460.63 252.36 2422.66 287.64 2401.86 353.36 2432.84 359.00 2483.59 345.78 2514.57 259.74 2528.63 239.49 2497.04
11 4415.70 2641.27 4447.29 2640.50 4475.50 2669.03 4485.64 2691.97 4477.34 2726.75 4454.96 2731.61 4427.61 2726.03 4417.09 2723.17 4396.81 2715.34 4384.13 2680.37 4388.27 2674.91
8 1690.63 1039.16 1697.50 1110.88 1675.31 1142.01 1640.42 1164.20 1596.36 1151.15 1589.56 1141.67 1569.38 1112.50 1577.85 1068.17
10 1642.29 2738.28 1589.38 2765.57 1570.71 2749.46 1551.99 2715.85 1548.66 2706.64 1548.49 2696.49 1557.14 2674.31 1573.66 2656.79 1627.08 2661.94 1640.66 2706.28
7 3838.79 7317.07 3825.95 7278.45 3837.77 7269.21 3849.68 7264.41 3874.43 7266.44 3893.67 7310.05 3876.51 7315.25
9 1411.92 6348.08 1333.57 6264.24 1342.27 6243.31 1399.94 6192.52 1433.12 6189.70 1493.33 6233.81 1503.28 6252.77 1458.73 6343.91 1422.07 6356.97
12 6524.09 310.39 6600.76 297.60 6622.05 307.77 6637.87 335.78 6633.73 371.18 6608.89 394.93 6585.82 406.91 6573.86 411.78 6556.02 411.21 6547.14 396.72 6541.43 386.91 6532.82 352.81
8 5646.97 4648.24 5633.81 4587.29 5648.47 4560.32 5677.59 4550.58 5729.95 4579.87 5734.86 4602.59 5744.47 4653.17 5709.98 4666.83
9 5091.45 6984.50 5027.08 6936.07 5032.30 6892.64 5045.81 6852.51 5053.95 6848.77 5134.62 6849.81 5194.61 6891.57 5191.93 6939.85 5154.60 6956.57
9 6482.37 4863.59 6476.71 4963.64 6451.96 4981.03 6400.65 4981.54 6378.07 4959.31 6361.03 4930.38 6363.15 4908.70 6368.98 4894.49 6417.78 4848.84
6 1424.34 6059.25 1432.42 6143.33 1416.46 6175.21 1345.61 6168.67 1326.01 6138.52 1360.47 6088.15
9 3400.97 2327.31 3450.77 2283.35 3516.50 2300.16 3518.67 2318.78 3525.19 2391.16 3501.07 2421.02 3480.28 2430.24 3411.43 2380.14 3403.83 2351.01
8 3284.75 6638.32 3311.66 6594.61 3372.64 6601.01 3383.27 6612.89 3398.46 6645.13 3412.29 6680.12 3349.21 6692.36 3286.65 6659.49
10 4627.93 3369.30 4586.99 3302.09 4609.11 3259.42 4624.56 3233.46 4696.18 3230.42 4719.50 3235.22 4735.71 3256.47 4724.65 3308.36 4707.01 3357.95 4696.75 3364.01
7 7261.18 3618.48 7253.47 3661.78 7207.04 3660.62 7201.45 3657.06 7182.25 3632.68 7211.30 3598.26 7238.18 3595.30
9 6511.31 7366.34 6437.97 7342.18 6438.50 7248.76 6451.99 7225.70 6484.15 7206.28 6506.61 7193.98 6558.81 7212.00 6602.72 7289.34 6592.20 7313.84
11 5383.92 5167.72 5409.76 5107.32 5465.87 5117.66 5471.83 5128.66 5500.40 5184.79 5485.96 5218.96 5452.06 5236.52 5451.17 5236.36 5419.47 5227.63 5387.60 5200.91 5386.19 5199.05
9 373.30 1261.52 353.84 1248.36 338.85 1199.33 332.13 1167.13 357.70 1121.37 479.30 1123.01 500.68 1164.59 508.54 1202.19 476.98 1247.22
7 2274.15 933.11 2218.81 965.36 2207.18 964.42 2164.35 934.77 2204.36 897.56 2240.86 879.32 2261.60 894.93
7 4626.40 2027.16 4595.78 1960.13 4627.87 1937.71 4672.95 1941.07 4692.12 1948.59 4686.16 1996.96 4664.00 2042.04
9 4362.08 4331.00 4423.50 4293.10 4448.91 4312.60 4464.61 4335.57 4461.11 4355.94 4433.33 4381.56 4431.89 4382.02 4385.92 4380.91 4366.02 4365.01
10 5517.61 558.35 5512.14 524.16 5526.15 509.81 5564.06 497.56 5578.40 502.50 5594.26 512.78 5596.95 542.89 5586.99 558.04 5555.65 573.18 5524.88 565.19
7 3490.54 2635.24 3485.01 2547.51 3516.35 2531.52 3587.00 2524.84 3581.40 2570.42 3560.13 2625.03 3520.36 2656.58
8 6084.40 3430.10 6038.76 3463.33 6008.85 3450.30 5991.19 3415.56 5993.83 3392.74 6002.38 3376.97 6050.39 3378.75 6068.30 3389.04
7 3818.13 3685.05 3794.17 3613.82 3845.84 3607.29 3866.51 3613.68 3882.07 3631.87 3875.77 3654.00 3868.34 3675.43
8 3925.33 2550.05 3898.36 2586.28 3859.62 2585.56 3847.34 2557.85 3855.48 2522.58 3867.94 2513.05 3878.53 2510.55 3906.80 2528.94
7 4582.42 6035.20 4576.35 6069.14 4543.80 6079.25 4512.00 6068.60 4518.26 6053.27 4555.58 6016.18 4572.91 6027.18
9 1025.16 3246.50 1072.23 3185.10 1154.10 3203.41 1191.33 3220.10 1181.30 3293.89 1161.43 3325.78 1141.04 3336.03 1068.24 3318.08 1025.17 3303.70
9 2932.72 789.23 2922.81 761.60 2965.90 713.91 3020.34 698.45 3031.97 709.32 3053.27 752.39 3046.68 781.14 3023.97 816.85 2958.46 824.76
11 2580.25 2669.27 2719.93 2685.88 2711.73 2762.01 2691.13 2788.80 2668.36 2818.05 2628.49 2817.19 2599.37 2804.32 2582.31 2790.66 2555.26 2754.42 2556.10 2716.83 2576.80 2674.10
10 4546.16 1514.18 4555.50 1487.15 4595.17 1446.43 4641.64 1449.58 4652.40 1462.66 4673.94 1532.28 4655.41 1572.88 4646.11 1574.13 4596.94 1577.36 4565.96 1551.04
9 3598.16 3663.37 3610.95 3716.26 3558.88 3756.82 3538.96 3768.88 3527.19 3766.16 3505.16 3745.35 3489.74 3696.72 3490.35 3687.70 3542.19 3669.47
10 787.63 1320.52 793.29 1295.25 797.67 1288.21 807.33 1281.45 827.23 1287.24 855.20 1301.97 859.12 1325.07 845.68 1344.33 804.64 1347.69 792.97 1334.38
11 4536.47 5794.68 4508.91 5770.69 4512.44 5735.03 4516.50 5715.94 4526.51 5707.38 4544.78 5701.94 4556.59 5704.41 4581.19 5724.60 4589.46 5750.17 4565.00 5776.59 4551.70 5785.14
8 6639.22 2982.83 6561.05 3043.44 6509.59 3033.80 6492.60 3003.50 6480.88 2966.91 6482.99 2903.19 6554.26 2880.48 6607.99 2911.57
7 6624.54 448.44 6644.25 403.89 6732.11 411.79 6724.51 487.74 6711.15 507.96 6676.36 521.56 6637.57 506.20
8 5554.06 4813.78 5565.93 4909.26 5559.32 4932.58 5482.64 4917.01 5422.66 4883.92 5423.99 4848.68 5493.56 4756.24 5519.97 4762.45
8 7209.68 2103.05 7186.41 2041.53 7204.12 2008.17 7231.17 1976.59 7262.39 1953.20 7325.36 2001.39 7339.62 2059.51 7281.63 2111.22
