Medium_100_A
2297.19 1794.33
1062.09 3771.10
4 0.00 0.00 4000.00 0.00 4000.00 4000.00 0.00 4000.00
100
10 714.12 350.94 736.16 324.78 777.04 304.40 789.49 318.73 808.00 340.19 808.37 378.51 808.14 385.10 787.57 403.00 750.49 403.07 737.49 387.08
7 3216.63 1907.37 3252.86 1949.42 3252.85 1961.33 3230.65 2001.71 3175.71 1994.56 3138.61 1977.44 3149.31 1922.96
9 3659.32 592.21 3613.71 673.89 3548.96 687.01 3543.47 675.09 3529.00 623.01 3523.71 603.20 3521.17 564.95 3535.83 549.94 3632.86 556.13
8 1789.60 964.12 1809.28 1052.92 1796.12 1064.23 1731.30 1058.99 1729.37 1057.88 1711.88 1035.88 1711.46 999.62 1774.68 969.77
8 2157.45 252.00 2166.70 216.07 2210.51 215.28 2237.39 221.88 2249.56 269.51 2243.50 280.17 2172.52 283.03 2171.69 282.40
9 631.23 2744.82 656.28 2707.62 728.13 2721.49 726.60 2759.94 719.85 2787.42 711.04 2812.68 696.35 2816.71 638.44 2782.25 632.11 2777.04
6 2259.54 2484.37 2327.51 2433.45 2351.51 2439.08 2369.03 2464.88 2380.28 2483.05 2316.59 2522.83
6 3351.82 3410.80 3409.11 3305.69 3490.80 3361.42 3432.50 3464.31 3401.75 3455.04 3381.64 3437.58
6 2582.15 1861.80 2624.61 1922.91 2573.06 1987.72 2529.70 1965.42 2514.79 1936.72 2545.00 1895.25
8 535.58 2120.66 502.46 2147.10 458.68 2142.41 443.43 2125.84 435.11 2113.09 437.54 2088.18 486.53 2037.63 529.25 2058.82
8 2078.14 2238.82 1995.66 2164.10 2004.72 2126.22 2044.96 2097.95 2122.77 2095.19 2150.07 2121.05 2140.42 2193.39 2107.24 2218.69
10 3647.89 3779.50 3597.97 3750.59 3610.85 3698.65 3617.20 3678.24 3645.29 3654.59 3674.26 3651.65 3721.97 3706.58 3723.62 3711.79 3724.74 3778.74 3681.07 3786.39
8 2218.58 1946.13 2152.02 1875.30 2161.70 1823.75 2167.82 1810.85 2261.54 1795.14 2317.29 1835.80 2300.05 1921.73 2268.06 1939.68
12 3137.83 3660.82 3143.80 3680.71 3150.53 3705.71 3155.18 3723.45 3152.93 3725.10 3131.63 3733.19 3100.29 3728.10 3087.79 3719.71 3080.26 3711.20 3082.56 3692.51 3089.09 3675.72 3113.01 3667.91
11 2804.37 1221.44 2909.64 1187.00 2924.07 1230.25 2942.88 1287.14 2900.64 1337.03 2884.19 1352.72 2819.92 1331.38 2786.50 1309.36 2784.19 1299.64 2780.99 1243.86 2781.62 1234.79
11 2068.03 896.43 2104.70 811.51 2138.13 821.02 2156.91 830.24 2167.57 837.12 2180.25 850.06 2186.43 885.21 2164.58 947.49 2162.72 948.47 2125.83 964.98 2120.32 958.94
7 3000.93 1495.32 3035.06 1462.29 3050.47 1468.32 3075.85 1501.55 3049.77 1525.35 3026.93 1535.08 3008.61 1510.21
9 911.47 1522.05 887.74 1476.67 891.80 1463.27 939.04 1427.54 960.14 1427.07 979.19 1445.46 995.01 1472.25 979.43 1518.61 961.56 1528.53
7 3765.71 2646.55 3771.57 2607.09 3778.77 2606.84 3817.05 2605.58 3814.41 2670.50 3801.73 2674.52 3791.96 2669.99
8 3227.65 3747.68 3189.80 3710.80 3191.95 3663.43 3194.30 3660.34 3248.69 3629.61 3295.75 3663.64 3303.69 3722.62 3266.39 3747.96
8 1659.43 991.06 1627.26 1038.59 1600.60 1039.05 1582.10 1027.87 1586.88 994.45 1602.48 964.06 1614.70 964.99 1658.70 985.39
7 300.60 1105.93 292.39 1038.63 302.09 965.61 359.00 946.86 400.52 982.86 416.24 1050.57 408.67 1113.73
9 2533.25 433.42 2468.59 491.99 2429.15 494.00 2383.77 461.24 2389.62 423.21 2407.65 338.93 2419.53 321.02 2510.04 352.46 2530.52 407.04
11 3509.14 2075.07 3482.99 2010.77 3515.20 1982.43 3548.10 1962.57 3616.24 1973.63 3634.73 1994.07 3638.93 2026.45 3639.98 2039.07 3633.74 2047.55 3604.07 2084.35 3584.01 2090.83
8 1689.22 300.75 1678.85 285.82 1695.62 227.93 1712.26 215.70 1773.00 204.26 1801.72 236.52 1794.82 325.03 1735.58 331.96
10 240.49 703.43 260.22 678.85 304.01 682.06 321.01 690.01 324.13 702.21 309.63 742.98 301.34 754.66 285.35 761.38 265.69 752.64 244.33 739.90
8 3738.30 1329.08 3709.00 1250.21 3711.95 1233.02 3795.56 1186.57 3874.12 1251.65 3876.15 1262.13 3849.86 1323.55 3786.14 1362.77
9 776.45 758.81 841.85 742.11 881.00 755.87 895.44 858.49 894.36 866.58 793.37 893.05 738.88 867.13 727.41 820.25 763.06 772.02
8 1636.53 1471.57 1637.17 1447.71 1673.51 1447.44 1696.35 1450.61 1703.08 1491.85 1689.92 1513.89 1666.56 1508.63 1638.27 1486.77
8 1197.03 1452.04 1196.05 1443.40 1197.43 1406.83 1239.98 1399.80 1272.13 1409.77 1287.55 1461.05 1265.36 1499.18 1224.43 1502.00
7 2572.48 2198.99 2447.50 2176.87 2463.26 2126.40 2474.15 2108.45 2504.25 2115.34 2618.81 2151.33 2618.40 2179.50
11 714.20 3553.18 686.76 3581.85 658.54 3567.51 650.53 3563.41 634.14 3550.02 638.28 3536.49 654.59 3518.32 670.31 3508.55 684.59 3509.43 696.89 3519.15 713.06 3534.81
11 559.49 2136.12 559.71 2128.05 640.65 2057.44 664.09 2065.48 692.25 2080.91 700.39 2096.05 714.27 2124.10 704.49 2159.00 696.08 2165.45 609.59 2198.08 563.59 2155.18
9 656.95 1183.91 627.54 1132.65 639.43 1097.26 654.47 1088.69 700.85 1094.33 713.16 1102.24 725.75 1152.94 685.66 1187.26 674.25 1187.20
8 2659.74 3419.26 2709.59 3388.56 2751.10 3426.70 2748.61 3440.75 2742.20 3467.69 2732.72 3482.67 2706.61 3487.94 2662.05 3451.79
7 698.22 600.06 622.92 548.99 640.07 500.71 675.23 490.56 700.44 487.08 717.45 500.13 739.56 579.03
10 1902.13 3533.11 1916.23 3485.04 1940.60 3465.77 1975.05 3462.54 1993.18 3469.42 2003.04 3520.75 2006.24 3539.10 1986.49 3562.04 1957.60 3565.87 1917.43 3552.30
7 2911.37 468.54 2973.50 444.68 3026.01 473.74 3027.60 543.08 2990.03 565.08 2968.90 556.00 2926.53 527.82
8 3477.58 1574.64 3432.39 1552.88 3435.72 1516.97 3449.36 1489.14 3483.73 1484.80 3496.47 1494.65 3520.05 1531.54 3490.89 1567.82
10 2159.41 2192.78 2201.92 2160.78 2235.21 2175.42 2277.04 2205.48 2267.24 2278.58 2260.71 2282.30 2230.41 2289.12 2176.32 2291.13 2158.07 2265.92 2158.53 2234.20
11 1144.43 1323.56 1180.15 1265.20 1213.22 1258.37 1233.79 1262.17 1262.83 1313.38 1271.56 1356.15 1272.79 1365.65 1218.96 1390.33 1196.60 1383.30 1173.91 1369.90 1150.32 1350.10
7 600.33 2949.53 523.64 3020.15 466.18 2987.57 454.18 2970.80 460.52 2901.47 574.31 2876.07 599.17 2914.49
5 3303.33 1451.64 3246.76 1397.84 3279.88 1316.93 3412.67 1328.50 3337.81 1445.71
11 943.96 1856.53 982.24 1800.79 1068.19 1799.55 1089.76 1817.67 1086.37 1885.56 1084.18 1914.31 1019.58 1947.90 979.52 1938.30 964.07 1930.43 952.35 1902.81 944.42 1878.75
8 323.03 3738.90 287.90 3686.35 303.89 3646.10 354.78 3621.17 408.51 3616.44 424.57 3659.02 416.97 3713.92 395.60 3751.16
10 3402.17 2193.71 3360.58 2137.25 3376.13 2093.88 3453.98 2074.19 3489.76 2092.76 3498.01 2138.05 3470.19 2170.44 3446.01 2194.25 3440.90 2197.74 3429.75 2203.97
9 940.63 2092.04 952.90 2021.89 1005.05 2014.50 1033.78 2018.65 1050.96 2043.99 1049.45 2089.31 1031.28 2098.26 1028.12 2098.18 993.63 2096.26
6 2460.04 3738.31 2553.80 3728.96 2563.69 3778.03 2571.34 3856.72 2528.89 3871.33 2465.32 3834.61
9 2622.77 2293.86 2653.01 2283.71 2735.92 2324.88 2742.24 2375.19 2724.68 2435.80 2700.88 2439.54 2613.48 2399.95 2605.73 2367.05 2606.15 2336.14
11 88.45 2916.36 119.70 2878.37 176.07 2863.30 194.93 2865.91 209.23 2889.33 214.18 2927.60 200.64 2936.42 182.40 2946.46 158.32 2952.27 117.89 2946.53 100.24 2939.46
10 2554.44 818.53 2559.22 771.71 2593.52 756.38 2607.82 755.68 2630.32 777.00 2629.06 794.69 2627.88 802.92 2620.42 830.04 2609.82 836.56 2562.20 828.79
8 598.68 3729.66 659.84 3667.69 763.48 3717.76 761.40 3760.15 725.06 3794.90 691.70 3824.09 649.68 3811.67 613.17 3791.74
8 304.76 192.23 282.48 163.60 283.40 152.55 299.28 132.87 323.56 138.64 358.86 147.88 353.58 200.34 318.41 208.87
8 808.71 1236.99 810.31 1134.01 932.80 1132.72 952.85 1154.45 967.17 1190.67 950.02 1257.68 906.29 1289.40 887.26 1280.22
5 1232.95 3469.70 1162.55 3402.28 1232.44 3325.91 1276.46 3347.75 1293.08 3388.46
13 1696.57 3503.63 1706.37 3424.02 1718.53 3392.84 1733.43 3384.18 1738.57 3384.22 1778.65 3391.46 1812.74 3418.31 1827.74 3464.12 1834.05 3484.17 1828.66 3490.57 1764.38 3534.43 1733.03 3538.39 1712.69 3522.00
7 3789.77 2302.60 3755.43 2334.56 3724.70 2331.29 3720.57 2304.52 3722.60 2299.32 3748.75 2260.27 3753.86 2262.65
8 825.85 3098.04 889.26 3021.08 927.84 3027.14 955.12 3080.57 956.46 3107.38 923.00 3152.50 878.86 3167.31 836.05 3129.34
7 264.26 2860.77 277.17 2814.98 326.84 2793.48 336.01 2812.77 342.36 2872.58 318.02 2883.36 306.99 2881.44
6 3602.22 234.28 3586.62 246.11 3552.75 241.15 3541.65 197.08 3552.31 182.71 3599.04 189.47
7 2446.75 1060.99 2525.44 1038.05 2552.54 1069.27 2558.06 1081.02 2545.19 1124.47 2467.35 1129.90 2449.04 1104.44
7 155.35 1661.63 202.42 1651.02 218.44 1679.04 197.52 1712.33 193.83 1713.98 183.41 1706.10 160.08 1686.10
12 3149.02 1551.13 3112.85 1535.84 3087.97 1504.56 3084.82 1487.03 3097.56 1432.16 3123.45 1404.45 3156.17 1393.59 3192.01 1391.25 3233.84 1451.66 3227.35 1500.22 3220.89 1519.11 3208.60 1526.68
5 3739.60 1772.18 3845.73 1705.04 3858.27 1774.51 3846.23 1789.90 3810.33 1796.46
10 135.52 1222.47 145.57 1194.77 204.01 1127.46 230.94 1107.92 282.47 1135.36 306.58 1187.25 263.38 1275.73 230.62 1286.50 177.24 1271.64 143.66 1249.37
7 899.73 3398.50 841.32 3350.45 847.31 3299.56 892.66 3226.98 968.30 3266.51 978.02 3341.29 968.64 3357.29
9 3100.19 921.36 3111.58 1027.01 3082.71 1054.84 3072.89 1062.97 3025.21 1090.25 3008.01 1075.45 2951.24 985.65 2964.47 938.74 2997.58 918.63
9 3824.93 1073.71 3775.27 1104.93 3752.31 1093.37 3724.51 1019.87 3721.35 1001.70 3772.24 990.32 3824.95 1012.54 3828.65 1022.04 3826.35 1070.17
10 2924.99 2564.64 2870.70 2632.84 2859.97 2630.98 2823.41 2617.90 2764.98 2595.32 2790.97 2530.16 2830.50 2483.58 2839.41 2480.32 2867.82 2476.51 2914.87 2547.91
8 1558.32 426.12 1515.19 379.15 1519.15 338.83 1566.09 314.83 1596.84 321.98 1625.52 357.93 1623.83 371.03 1595.54 424.02
6 1780.12 2533.31 1782.56 2567.68 1746.44 2606.74 1716.60 2596.61 1716.60 2583.71 1733.98 2540.73
10 2442.38 1383.61 2469.30 1332.77 2488.99 1312.03 2507.63 1327.17 2536.70 1356.78 2541.46 1396.92 2530.24 1414.78 2502.69 1414.99 2492.34 1415.00 2451.36 1389.57
7 3540.93 2945.66 3611.00 3024.89 3596.31 3052.42 3574.17 3068.07 3477.73 3047.46 3479.33 3008.44 3526.85 2959.25
6 2900.93 3750.85 2901.67 3814.73 2874.89 3812.94 2832.50 3750.08 2850.43 3722.12 2856.27 3719.26
9 2014.30 2605.14 2005.19 2529.19 2036.14 2507.46 2111.96 2494.82 2158.16 2537.02 2175.14 2589.26 2158.15 2613.28 2091.29 2648.28 2041.94 2658.64
8 1520.22 2360.07 1542.11 2334.73 1672.64 2382.02 1669.60 2434.22 1608.75 2474.84 1584.67 2468.26 1554.07 2445.80 1528.75 2411.67
12 1804.65 519.31 1776.64 458.46 1788.00 407.42 1837.27 380.58 1874.80 395.31 1915.69 426.65 1927.15 444.53 1908.13 517.66 1885.66 527.24 1844.51 544.53 1829.70 541.16 1822.02 539.03
10 2773.23 3576.05 2762.94 3630.49 2722.43 3633.49 2716.94 3626.32 2702.27 3606.34 2702.15 3594.55 2703.59 3591.88 2736.91 3565.22 2745.36 3563.66 2760.48 3568.17
10 1852.60 2054.37 1866.80 2094.41 1856.92 2108.07 1836.33 2131.93 1824.24 2128.60 1808.02 2123.66 1777.04 2104.44 1772.87 2087.78 1789.88 2055.09 1804.11 2050.96
12 547.89 696.92 507.06 669.12 507.85 648.12 523.57 586.24 559.28 550.20 590.13 560.06 601.34 569.58 609.92 577.09 611.13 579.17 630.34 626.26 625.39 632.20 563.88 684.79
10 1663.67 1209.74 1664.77 1182.12 1681.42 1150.06 1751.38 1150.81 1764.94 1159.94 1797.44 1202.84 1746.06 1254.97 1718.79 1258.41 1668.81 1216.94 1663.72 1212.37
10 2999.74 3293.02 3044.91 3325.59 3036.97 3381.00 3005.35 3400.07 2979.00 3388.63 2968.43 3378.01 2964.36 3370.62 2946.17 3330.52 2962.40 3308.20 2982.65 3296.52
7 3518.35 1135.15 3543.83 1159.71 3521.65 1204.96 3495.70 1211.21 3467.55 1191.46 3459.50 1159.52 3477.94 1135.58
8 2013.52 3350.23 2007.04 3335.74 2037.04 3305.78 2160.61 3339.96 2170.12 3357.48 2177.14 3398.48 2172.31 3436.88 2093.35 3442.62
10 2262.78 3569.99 2373.64 3539.17 2398.05 3593.54 2404.48 3623.19 2393.16 3650.75 2361.69 3700.41 2288.73 3688.63 2251.01 3649.12 2243.53 3621.76 2253.74 3587.89
10 1358.14 3553.72 1334.03 3552.13 1324.49 3546.88 1319.74 3537.15 1329.65 3510.35 1335.47 3498.56 1356.68 3490.47 1370.94 3490.43 1388.30 3497.22 1382.07 3545.43
8 3452.35 1669.76 3459.03 1637.28 3475.52 1600.63 3526.13 1619.00 3595.68 1707.25 3585.69 1725.52 3563.03 1756.44 3498.71 1737.27
11 2226.82 902.21 2234.19 852.20 2282.19 842.57 2319.70 861.66 2332.42 877.97 2341.56 908.39 2315.23 930.62 2273.27 935.34 2266.27 932.19 2237.36 916.45 2232.46 910.08
8 3802.93 3132.83 3764.88 3019.67 3772.31 3007.19 3869.56 2981.32 3892.26 3034.96 3906.38 3076.34 3885.64 3113.73 3834.28 3134.13
9 2991.75 3106.20 3012.21 3026.70 3028.22 3013.49 3073.53 2996.77 3102.77 3032.05 3112.32 3072.40 3082.26 3093.49 3038.23 3119.66 3018.24 3124.37
8 1892.37 2381.40 1882.99 2293.27 1925.84 2279.67 1949.34 2274.71 1968.60 2321.12 1983.99 2387.09 1939.78 2387.39 1918.74 2386.77
7 903.36 1336.44 912.71 1384.47 887.47 1397.12 868.19 1404.17 784.03 1385.27 789.72 1315.03 808.39 1297.57
10 3341.97 3681.06 3362.78 3669.07 3383.03 3686.65 3401.07 3715.70 3397.21 3718.53 3363.64 3739.61 3357.25 3741.83 3332.72 3728.24 3325.71 3720.90 3331.89 3700.58
10 1335.99 1692.53 1307.93 1647.30 1329.96 1618.44 1417.24 1615.70 1421.11 1625.67 1431.81 1666.58 1422.41 1678.34 1412.68 1684.88 1389.18 1693.84 1350.43 1692.94
6 196.20 397.18 175.17 441.19 140.29 454.11 127.82 441.72 119.51 386.98 123.29 381.67
10 675.89 3210.80 631.22 3153.14 651.97 3108.05 706.11 3092.87 783.53 3109.96 813.91 3160.42 803.06 3202.44 800.40 3212.41 735.73 3248.56 719.14 3240.17
8 707.75 1630.80 747.60 1671.75 742.16 1707.00 688.79 1757.03 635.38 1740.07 610.25 1689.21 619.33 1663.09 627.42 1645.10
10 1966.77 3280.21 1934.52 3246.45 1960.21 3186.92 1988.74 3179.07 2008.22 3174.92 2015.71 3180.16 2041.94 3237.96 2043.97 3266.57 2041.50 3275.44 2025.88 3278.64
7 2309.95 561.25 2407.30 536.25 2471.49 594.32 2475.52 608.98 2469.99 633.92 2395.25 687.78 2334.77 629.62
7 1075.79 2936.96 1067.46 3000.46 951.20 2992.35 938.03 2949.57 964.44 2875.21 982.14 2866.04 987.54 2868.14
