Medium_150_B
4045.22 4911.64
1293.73 1842.95
4 0.00 0.00 5200.00 0.00 5200.00 5200.00 0.00 5200.00
150
7 3214.92 4737.25 3253.58 4769.33 3252.52 4783.05 3230.19 4827.88 3190.55 4818.71 3191.95 4773.73 3209.68 4739.78
12 1679.34 3700.99 1689.19 3719.00 1668.36 3698.38 1668.02 3705.88 1640.68 3691.04 1638.33 3684.17 1614.29 3682.26 1646.79 3640.87 1654.28 3658.07 1659.21 3648.96 1668.60 3653.96 1690.56 3676.07
10 4198.13 693.65 4188.69 665.92 4194.35 643.52 4206.59 624.92 4234.36 616.80 4300.50 622.62 4312.09 647.55 4311.39 676.91 4254.37 726.40 4218.70 733.26
8 537.83 775.55 505.33 842.88 453.62 825.86 410.32 753.55 476.27 726.70 483.80 725.68 513.66 731.30 528.31 741.74
15 3483.25 4856.15 3461.54 4852.97 3445.10 4859.64 3443.44 4859.39 3439.46 4866.18 3428.25 4887.67 3421.37 4863.16 3433.16 4852.52 3411.96 4837.08 3440.87 4832.58 3437.28 4811.78 3437.70 4799.48 3444.98 4814.74 3457.77 4833.66 3453.28 4839.71
10 2481.60 4362.93 2413.28 4376.83 2416.25 4337.68 2410.66 4329.81 2451.38 4284.16 2467.05 4290.13 2467.44 4311.28 2493.51 4293.65 2508.94 4334.92 2494.48 4338.83
7 2719.24 1063.88 2653.92 1059.74 2639.55 1029.41 2636.58 963.09 2720.10 946.27 2741.06 982.86 2733.52 1026.16
10 4911.34 4526.19 4913.12 4508.40 4898.47 4539.60 4901.39 4507.51 4884.40 4512.70 4877.41 4460.61 4900.10 4470.44 4915.52 4485.32 4935.64 4463.56 4968.85 4489.18
12 253.16 3712.97 267.23 3727.06 267.77 3727.97 257.44 3725.16 247.27 3719.60 247.48 3720.48 213.22 3727.64 207.69 3714.90 219.53 3705.45 232.39 3679.00 246.65 3689.03 250.65 3690.11
15 778.58 4843.81 775.31 4855.56 752.45 4849.74 767.82 4884.93 742.81 4860.87 724.69 4860.23 720.00 4861.12 703.60 4874.53 673.08 4891.12 658.86 4833.86 719.32 4807.72 798.09 4815.08 777.06 4827.34 792.10 4840.56 774.81 4841.75
6 2566.15 1728.19 2563.21 1740.87 2573.43 1763.26 2534.12 1748.48 2494.77 1726.45 2564.69 1720.15
12 3874.18 450.21 3851.24 439.42 3849.41 437.04 3837.68 418.30 3837.57 412.20 3841.30 401.13 3849.19 388.17 3880.80 379.01 3891.27 383.51 3916.72 400.05 3914.45 418.67 3892.70 436.02
8 3757.05 2497.61 3734.37 2590.65 3659.28 2586.88 3630.08 2550.63 3644.38 2440.03 3687.37 2429.35 3702.05 2436.23 3726.77 2463.74
7 4094.33 2037.52 4131.11 2059.73 4126.43 2084.84 4101.42 2123.33 4081.37 2101.92 4048.84 2063.59 4065.96 2048.34
9 1618.01 4087.64 1632.79 4094.32 1616.93 4121.19 1575.42 4090.68 1554.51 4073.92 1575.23 4071.94 1568.94 4063.81 1565.22 4043.32 1593.49 4070.28
9 2368.38 1692.82 2350.33 1717.57 2334.39 1672.38 2308.31 1674.53 2331.52 1668.10 2341.83 1663.63 2317.98 1645.91 2338.24 1647.28 2382.14 1662.11
11 3052.15 4100.42 3048.65 4072.99 3081.70 4021.91 3102.92 4011.65 3155.38 4019.63 3179.52 4033.42 3189.39 4051.92 3175.75 4081.35 3168.68 4090.49 3131.87 4119.04 3113.22 4121.99
13 1838.31 3137.55 1834.11 3167.75 1831.21 3187.70 1810.88 3202.29 1780.49 3178.98 1765.71 3174.09 1781.65 3102.70 1828.33 3093.45 1887.70 3071.90 1856.12 3097.91 1877.94 3085.86 1872.75 3099.24 1841.98 3114.60
10 2385.45 2645.28 2366.97 2672.61 2366.78 2680.06 2291.59 2672.01 2328.38 2612.71 2356.72 2579.51 2354.52 2596.22 2354.89 2600.21 2347.77 2622.73 2350.85 2622.63
10 2537.44 4232.25 2528.22 4248.16 2522.87 4260.20 2510.91 4245.34 2490.92 4232.61 2479.33 4217.44 2465.15 4160.23 2481.95 4158.54 2491.07 4181.27 2482.39 4140.67
13 4221.27 3094.91 4211.58 3122.88 4164.02 3147.69 4163.89 3075.84 4169.26 3074.79 4146.29 3044.33 4168.52 3037.94 4179.40 3038.49 4197.45 3051.86 4200.92 3066.09 4203.21 3053.01 4251.58 3052.78 4239.74 3078.67
9 1297.29 3230.39 1285.02 3225.06 1291.80 3196.10 1295.99 3193.79 1271.03 3125.98 1295.63 3143.79 1318.68 3145.31 1332.14 3147.48 1347.81 3135.97
15 935.23 4794.14 916.83 4801.35 893.62 4807.47 879.42 4814.69 869.67 4829.27 878.90 4794.55 842.32 4790.55 840.13 4774.54 833.65 4767.64 884.07 4769.97 899.46 4748.11 898.12 4768.08 918.93 4769.86 948.82 4767.74 950.40 4773.12
15 204.04 4096.17 215.33 4118.62 196.38 4089.80 180.60 4057.12 186.38 4044.54 191.53 4060.28 196.49 4041.39 202.94 4052.70 209.18 4041.73 220.26 4069.38 232.12 4066.79 216.42 4074.85 227.84 4075.81 223.15 4078.67 222.35 4079.22
11 3515.92 2396.89 3583.78 2449.40 3579.39 2477.50 3578.49 2481.90 3571.12 2512.73 3539.82 2551.54 3498.20 2566.96 3441.78 2497.75 3427.54 2468.25 3448.60 2439.72 3492.10 2409.67
8 3239.23 805.04 3220.54 844.63 3202.79 840.95 3197.36 838.49 3168.81 805.77 3170.01 796.65 3180.87 783.80 3203.42 772.44
11 894.07 3646.77 908.56 3618.25 940.54 3582.15 964.94 3593.29 1007.26 3616.45 1009.61 3630.48 1013.05 3673.44 1009.40 3679.44 994.61 3693.58 958.35 3710.26 915.22 3692.55
5 772.19 2495.08 691.86 2471.03 675.61 2415.31 702.94 2372.36 752.31 2431.43
6 1168.24 3476.09 1117.43 3483.95 1082.85 3493.94 1105.97 3464.54 1141.91 3427.26 1135.86 3452.07
9 3747.98 3198.36 3736.78 3208.99 3712.37 3183.17 3730.48 3166.73 3710.40 3158.63 3703.66 3152.88 3722.75 3124.85 3735.52 3136.00 3741.67 3124.46
14 2724.39 3036.28 2712.02 3036.59 2742.67 3061.03 2665.02 3065.69 2661.64 3058.02 2596.15 3044.37 2575.13 3029.92 2632.51 2994.24 2636.38 2994.95 2657.19 2928.04 2687.72 2963.68 2708.82 2952.24 2691.31 2992.41 2728.89 2983.19
11 2378.95 4276.71 2297.23 4297.99 2275.27 4249.29 2266.95 4247.05 2274.38 4231.04 2296.14 4213.67 2290.40 4199.32 2322.74 4205.46 2363.58 4177.99 2367.53 4199.53 2359.86 4208.60
14 3638.26 566.43 3652.89 621.69 3621.71 623.12 3591.64 577.51 3558.59 561.90 3544.61 543.63 3590.97 535.63 3593.48 536.39 3587.75 504.30 3614.83 507.41 3611.80 529.22 3644.07 489.32 3620.86 543.79 3666.67 552.77
9 890.02 1195.91 928.25 1166.15 997.21 1197.22 1023.63 1217.51 1017.31 1248.98 974.76 1310.33 930.05 1314.07 906.49 1276.16 890.59 1210.38
9 2406.83 1196.37 2395.10 1246.27 2326.16 1272.44 2315.48 1258.34 2303.14 1237.75 2319.17 1171.89 2353.69 1146.05 2372.38 1136.45 2400.02 1179.22
5 4224.45 4745.08 4181.91 4762.44 4175.70 4752.45 4170.40 4757.42 4188.84 4717.14
12 3107.10 1237.09 3079.28 1256.33 3056.14 1269.38 3046.22 1281.46 3013.19 1254.86 3026.78 1229.21 3014.52 1214.44 3024.67 1197.22 3045.78 1205.87 3058.96 1216.81 3052.65 1207.30 3103.46 1209.76
15 2819.65 4880.97 2756.12 4862.68 2750.61 4859.82 2730.81 4872.86 2726.97 4870.47 2727.52 4864.00 2685.71 4857.00 2655.75 4847.08 2696.81 4836.45 2690.40 4834.10 2684.83 4832.17 2683.50 4761.89 2736.49 4732.09 2778.87 4787.29 2762.09 4813.17
9 850.96 1383.48 829.05 1374.50 820.43 1383.83 820.63 1358.80 814.74 1323.11 827.77 1329.14 844.55 1322.44 847.95 1320.28 860.10 1352.88
7 3360.29 437.74 3320.53 493.33 3303.25 497.50 3274.31 416.63 3305.84 411.57 3359.31 408.84 3397.93 427.15
11 1063.23 1281.27 1073.10 1256.24 1105.29 1201.79 1151.95 1207.40 1166.79 1221.14 1198.31 1254.21 1199.18 1274.85 1169.40 1314.56 1149.86 1331.78 1076.34 1304.88 1065.46 1291.90
9 4689.64 2690.92 4675.19 2688.39 4658.61 2672.66 4642.83 2648.22 4658.89 2623.52 4690.35 2605.36 4713.18 2609.92 4724.85 2619.58 4724.12 2662.66
8 3657.92 4197.87 3637.80 4172.65 3648.56 4141.08 3705.11 4104.52 3712.31 4104.51 3770.41 4162.61 3749.29 4189.24 3706.27 4242.88
11 1132.33 3357.51 1121.87 3378.58 1095.60 3358.40 1122.87 3405.29 1079.09 3330.15 1084.26 3313.62 1094.51 3299.98 1098.40 3306.40 1101.65 3321.72 1095.52 3335.97 1103.98 3335.52
8 1121.81 4864.99 1069.25 4841.53 1073.76 4877.50 1019.45 4834.21 985.32 4800.37 1035.11 4766.27 1047.99 4800.98 1116.41 4791.75
8 3160.40 2605.71 3148.89 2574.85 3160.45 2538.18 3169.68 2536.31 3225.15 2528.87 3230.94 2542.32 3230.85 2546.51 3213.41 2586.13
7 2533.32 2127.17 2508.38 2151.29 2488.75 2129.04 2471.30 2129.15 2497.24 2102.20 2537.98 2107.34 2519.40 2117.80
13 4831.51 1636.78 4829.28 1632.82 4799.04 1676.70 4810.42 1635.68 4775.93 1664.59 4802.03 1639.44 4803.31 1635.98 4790.13 1628.47 4798.38 1618.32 4771.43 1617.46 4844.65 1596.88 4859.27 1589.53 4855.33 1615.80
6 3984.34 2356.88 3991.56 2333.06 3976.56 2331.57 3976.33 2313.52 4008.71 2278.76 4051.68 2285.87
11 1057.68 2883.99 1022.51 2788.00 1051.50 2756.87 1119.77 2730.38 1125.13 2730.84 1162.01 2736.83 1178.61 2750.95 1187.26 2844.90 1181.30 2880.52 1167.13 2889.92 1126.86 2905.83
8 136.04 2408.50 218.17 2410.29 205.05 2456.87 191.98 2495.71 175.16 2496.24 150.04 2495.55 123.29 2454.90 125.63 2440.88
11 143.55 378.18 88.16 380.26 130.76 357.47 127.19 352.90 85.81 324.24 138.33 343.79 120.01 320.79 149.02 330.25 154.51 278.49 196.46 316.77 204.04 323.68
10 3115.88 4681.59 3109.31 4647.83 3111.51 4641.77 3137.04 4615.99 3140.75 4616.23 3184.36 4622.15 3200.98 4652.37 3198.93 4677.27 3171.06 4710.86 3134.34 4696.37
12 2365.11 4920.76 2368.83 4878.08 2383.52 4866.66 2416.03 4859.94 2431.08 4857.59 2444.02 4868.68 2478.27 4915.38 2459.83 4951.00 2451.50 4958.69 2429.99 4976.72 2375.51 4975.39 2366.11 4936.19
8 141.54 3006.31 147.29 2952.73 211.43 2943.27 229.19 2977.41 217.57 3019.41 202.95 3036.93 159.55 3028.20 149.61 3018.00
7 4969.98 3373.17 4933.33 3418.48 4840.57 3415.71 4837.66 3333.15 4885.34 3309.62 4930.97 3305.38 4956.29 3327.83
5 2126.86 808.64 2112.18 804.41 2082.51 810.53 2088.09 768.75 2142.25 765.91
7 4523.37 2924.16 4515.02 2973.40 4448.09 2986.75 4416.55 2946.68 4419.70 2924.24 4447.21 2852.85 4520.45 2886.97
10 1320.99 4476.08 1317.08 4488.12 1310.93 4490.79 1257.58 4465.25 1291.31 4433.52 1295.85 4432.29 1300.91 4418.59 1340.61 4437.85 1320.83 4451.17 1345.58 4448.93
15 4573.32 3827.49 4526.04 3855.90 4505.65 3863.06 4465.15 3872.18 4462.85 3859.99 4430.52 3824.83 4438.81 3818.15 4461.88 3784.65 4491.04 3803.22 4470.03 3782.67 4480.44 3774.73 4509.09 3801.64 4510.22 3782.57 4513.91 3752.34 4549.38 3815.69
9 311.63 3933.89 337.37 3967.91 303.85 3979.72 273.04 3955.80 263.55 3885.93 289.06 3910.75 291.62 3913.92 345.05 3901.40 313.62 3919.76
10 2371.74 1069.62 2370.14 1043.12 2388.50 1019.84 2427.91 1012.69 2448.88 1018.88 2473.88 1050.87 2480.48 1080.02 2433.58 1103.70 2396.33 1113.05 2381.79 1089.38
6 3109.96 212.25 3154.39 251.67 3138.92 289.03 3079.61 282.46 3053.08 264.92 3074.63 220.12
10 5021.58 4139.73 5028.04 4195.73 5021.69 4202.12 4965.84 4220.09 4950.82 4202.01 4934.84 4168.98 4932.25 4144.65 4937.44 4133.89 4969.75 4118.39 4990.32 4126.76
11 3831.16 1402.70 3797.53 1412.95 3796.29 1415.33 3781.89 1443.96 3777.53 1435.03 3778.02 1424.50 3765.54 1407.45 3768.95 1394.85 3778.40 1326.40 3807.39 1335.46 3838.78 1343.96
7 3251.22 3613.10 3185.20 3725.87 3148.85 3712.29 3137.01 3667.21 3165.19 3593.10 3210.16 3588.12 3224.32 3592.03
8 483.53 2125.30 505.95 2138.60 498.05 2157.54 431.04 2197.79 379.18 2174.36 402.31 2102.20 420.99 2062.71 428.62 2064.78
7 4013.88 1316.41 4101.74 1361.92 4061.81 1442.95 3997.00 1470.23 3981.83 1434.32 3966.50 1392.72 3992.48 1325.13
12 2997.31 730.01 2966.07 726.27 3001.45 747.64 2905.72 736.46 2901.17 698.50 2932.83 707.26 2954.96 699.88 2967.60 675.32 2977.94 674.67 2974.28 700.39 3005.28 694.32 2978.17 716.64
9 1319.59 2108.38 1345.53 2080.06 1369.67 2064.33 1381.57 2065.20 1400.06 2122.25 1372.57 2153.96 1367.10 2153.95 1344.67 2152.62 1330.30 2135.21
5 898.24 3126.88 909.94 3143.42 859.42 3119.76 850.80 3087.01 893.62 3090.21
6 1634.24 1284.64 1634.80 1282.76 1609.14 1229.75 1666.30 1242.52 1676.62 1219.24 1726.02 1219.42
5 4649.71 727.14 4668.63 818.15 4610.71 826.38 4567.70 802.04 4593.14 734.33
11 4731.27 4092.47 4705.11 4049.52 4713.69 4029.04 4733.89 4014.77 4754.76 4020.73 4758.70 4021.93 4782.24 4050.77 4772.98 4082.81 4766.45 4088.45 4760.29 4091.20 4738.19 4094.32
8 3225.11 2270.99 3279.99 2195.22 3307.74 2180.77 3350.44 2191.56 3365.61 2284.34 3321.82 2316.93 3296.04 2335.48 3256.97 2305.99
7 3919.46 2016.28 3941.94 2028.64 3874.23 2023.97 3846.96 1983.46 3905.03 1987.65 3923.06 1981.68 3907.84 2006.89
7 2812.49 4254.60 2804.27 4257.60 2804.59 4285.07 2767.62 4236.29 2761.75 4180.15 2816.83 4213.12 2823.17 4226.84
10 1782.82 2188.33 1764.98 2135.23 1796.71 2076.18 1824.63 2050.53 1836.85 2047.19 1869.34 2055.90 1913.01 2083.85 1906.21 2161.97 1894.02 2214.54 1868.08 2220.57
15 1830.53 4126.47 1820.06 4150.95 1821.68 4129.76 1818.67 4117.79 1802.37 4110.49 1815.10 4103.04 1805.43 4085.21 1852.39 4056.41 1852.70 4065.85 1837.63 4091.58 1838.68 4091.32 1852.70 4082.04 1852.80 4085.74 1878.64 4078.57 1885.19 4093.56
6 1136.18 1651.64 1177.10 1732.32 1161.24 1773.68 1071.17 1765.04 1032.76 1711.58 1062.50 1665.00
15 1021.21 867.43 1006.09 880.44 990.34 927.93 979.35 904.74 943.40 917.85 916.24 917.31 963.23 853.81 906.63 817.35 961.79 841.39 962.31 798.96 992.96 766.96 1006.33 833.56 1036.92 794.90 1048.78 824.23 1023.39 844.39
14 233.25 860.14 164.42 901.94 163.78 839.31 138.37 887.97 144.37 860.46 126.06 841.77 149.98 809.63 147.14 779.43 182.85 794.37 181.61 798.76 209.25 768.58 189.11 811.45 228.11 788.66 193.20 820.20
6 269.63 701.57 252.41 703.69 225.68 707.59 218.56 667.09 240.30 656.05 246.99 647.12
7 2673.05 1301.96 2654.08 1318.82 2621.61 1310.60 2627.78 1295.01 2639.33 1262.76 2677.48 1285.76 2669.77 1292.33
10 235.98 1442.10 210.84 1380.34 216.11 1361.35 242.94 1341.94 256.73 1332.91 282.69 1335.70 314.10 1359.11 312.71 1402.96 310.74 1422.48 280.08 1439.22
9 3022.93 3302.19 2976.87 3319.49 2943.93 3315.08 2938.80 3305.10 2998.00 3245.79 2998.29 3269.75 3015.72 3257.64 3033.47 3244.89 3029.77 3268.26
12 806.71 3649.34 789.79 3652.35 783.76 3659.69 785.38 3677.73 763.84 3650.11 763.26 3644.39 743.99 3626.61 764.21 3617.06 771.29 3625.92 776.75 3634.73 810.98 3626.89 800.58 3634.51
9 3360.40 5061.09 3340.58 5023.32 3343.36 5007.15 3355.75 4992.19 3371.17 4974.35 3393.08 4973.83 3449.24 5003.94 3442.43 5051.03 3395.74 5082.95
9 4229.70 3327.68 4202.15 3326.35 4200.91 3323.57 4187.72 3321.54 4169.48 3306.12 4181.64 3303.84 4192.99 3297.65 4196.28 3295.43 4197.28 3272.14
5 3052.59 1441.04 3043.90 1461.09 2996.20 1436.89 2990.46 1420.15 3009.77 1414.23
7 537.80 3434.76 500.00 3324.31 547.91 3277.51 605.45 3280.21 657.33 3389.07 649.58 3413.37 632.53 3429.05
7 4733.74 3899.96 4679.35 3921.09 4646.00 3916.27 4671.52 3898.22 4671.31 3878.89 4672.93 3872.92 4723.27 3877.83
12 2252.96 1612.85 2253.16 1647.47 2247.94 1684.42 2233.08 1696.17 2219.39 1702.08 2171.01 1689.36 2150.07 1678.38 2143.58 1671.78 2146.36 1643.19 2173.56 1595.48 2201.57 1593.07 2242.59 1590.15
8 2719.80 2442.15 2732.83 2518.66 2711.84 2546.45 2702.89 2557.82 2673.16 2549.40 2647.28 2497.49 2672.31 2467.92 2697.24 2451.13
10 2067.14 2570.29 2106.00 2535.57 2111.67 2538.18 2132.79 2562.96 2137.32 2570.50 2145.21 2593.51 2146.83 2611.76 2093.28 2614.94 2062.80 2598.53 2063.56 2592.97
6 4237.91 3759.05 4247.41 3695.69 4320.08 3697.21 4318.01 3762.13 4285.91 3776.46 4251.43 3772.09
15 4027.28 1772.22 4027.65 1790.46 4000.39 1794.82 3961.40 1828.15 3951.71 1828.64 3960.95 1705.36 3957.61 1700.78 4009.77 1745.49 4035.14 1722.35 4030.03 1735.30 4035.22 1733.32 4055.08 1712.95 4027.00 1745.68 4028.78 1748.29 4066.13 1751.14
10 4874.25 872.59 4902.88 905.64 4901.42 945.26 4892.38 964.90 4809.89 969.21 4799.75 951.33 4795.33 937.02 4802.79 901.58 4836.09 876.08 4840.78 873.57
10 1622.69 2642.78 1559.37 2662.77 1547.73 2604.70 1550.39 2574.51 1563.04 2598.38 1569.48 2580.40 1600.02 2582.35 1582.61 2607.89 1589.78 2603.48 1586.96 2626.68
15 337.87 1650.32 369.26 1659.92 316.27 1660.02 337.58 1684.93 255.53 1689.24 249.80 1657.53 266.95 1649.74 250.61 1645.80 264.25 1615.34 262.00 1581.36 300.72 1631.57 330.76 1596.99 304.20 1631.96 340.49 1618.81 333.38 1635.77
5 2616.53 1640.87 2652.07 1613.13 2676.08 1634.11 2689.48 1625.60 2695.25 1643.79
7 2147.40 4774.05 2118.82 4742.19 2121.42 4747.37 2069.88 4804.84 2050.44 4780.43 2166.64 4704.22 2178.35 4703.55
12 399.23 2019.16 371.26 2025.55 374.71 2039.13 356.44 2059.05 309.26 2050.24 315.55 2034.46 298.96 2035.50 316.97 2018.40 298.15 1978.01 330.00 1940.07 360.73 1975.35 434.08 1991.07
15 4814.98 1363.49 4809.20 1360.77 4821.34 1379.34 4814.52 1388.42 4801.97 1374.15 4755.20 1361.69 4724.28 1365.65 4727.90 1357.52 4727.21 1337.94 4764.50 1329.70 4726.66 1308.62 4733.40 1302.35 4765.75 1320.42 4796.90 1274.53 4810.66 1324.36
8 2242.59 4289.10 2196.52 4316.34 2113.20 4261.54 2113.03 4221.12 2150.80 4198.36 2204.25 4178.97 2227.03 4192.38 2239.17 4220.13
9 2149.83 228.45 2167.99 182.68 2175.47 172.57 2216.42 184.66 2223.88 188.11 2243.19 221.62 2236.46 245.46 2192.55 263.95 2171.26 248.27
7 2897.16 5003.19 2818.19 4986.89 2861.22 4986.02 2852.26 4953.11 2870.46 4922.95 2913.91 4944.98 2942.58 4981.51
9 1620.67 2047.38 1538.07 2003.32 1548.76 1922.07 1572.52 1892.15 1594.96 1875.62 1660.38 1879.55 1686.93 1896.65 1684.85 1941.59 1674.31 2021.28
9 1624.06 4835.72 1630.07 4764.52 1714.85 4736.41 1730.67 4734.88 1777.63 4754.38 1775.58 4863.85 1771.82 4875.57 1747.11 4890.38 1656.04 4886.52
11 1413.78 599.02 1406.90 580.72 1415.76 520.01 1432.81 511.53 1448.94 506.52 1487.18 497.90 1534.24 535.31 1525.79 558.29 1518.91 574.35 1484.30 623.32 1454.33 616.66
9 2853.04 2590.69 2881.38 2657.79 2879.31 2662.30 2856.91 2693.13 2804.36 2691.05 2792.75 2672.31 2787.08 2656.47 2783.61 2634.57 2790.87 2610.86
11 311.55 4261.19 286.15 4295.73 216.02 4221.13 192.26 4204.97 222.88 4209.79 236.93 4210.14 238.37 4210.63 261.77 4181.16 259.89 4196.23 315.41 4228.16 293.51 4232.99
7 1373.80 4019.27 1315.23 3995.98 1328.63 3958.66 1338.90 3950.18 1383.21 3963.66 1391.05 3975.21 1378.19 4011.20
7 1347.24 4919.67 1348.02 4852.28 1403.00 4842.95 1436.76 4886.04 1431.99 4916.20 1403.03 4976.97 1351.07 4964.15
8 870.87 457.93 857.07 468.63 850.28 447.91 844.14 441.88 825.17 440.02 801.44 420.05 825.91 423.42 863.51 402.67
10 2175.43 3183.70 2162.94 3158.93 2165.42 3147.25 2195.70 3129.89 2230.16 3132.86 2238.36 3139.00 2240.56 3146.43 2232.60 3165.45 2211.59 3190.13 2188.37 3192.94
7 2757.79 2244.25 2734.66 2297.38 2725.06 2294.85 2683.62 2277.80 2673.26 2242.99 2696.53 2213.79 2729.56 2207.94
9 2110.16 2023.91 2090.83 2026.77 2070.50 2073.67 2075.80 2041.18 2068.38 2031.88 2127.37 1973.13 2126.44 1975.12 2138.32 1968.15 2152.95 1979.74
11 370.71 4394.99 322.29 4383.04 311.68 4358.93 305.27 4330.78 314.47 4295.73 323.57 4287.64 337.48 4279.41 383.69 4266.79 403.22 4282.33 434.36 4317.17 427.71 4334.48
15 4319.58 1687.93 4339.83 1730.69 4334.20 1751.94 4261.57 1756.09 4256.97 1740.28 4245.14 1707.36 4232.95 1683.04 4233.13 1672.12 4270.62 1653.15 4282.69 1629.13 4307.67 1594.46 4315.16 1607.79 4324.25 1613.67 4305.60 1661.73 4323.95 1664.93
8 1110.70 704.93 1214.01 678.17 1218.11 696.19 1232.32 784.73 1233.16 826.70 1217.84 834.54 1185.68 838.57 1165.83 839.24
7 675.73 4721.27 643.58 4813.50 586.19 4807.93 550.43 4756.99 533.04 4709.26 584.03 4669.22 657.46 4697.95
5 875.29 2253.61 848.95 2232.11 850.09 2226.32 923.34 2158.24 959.69 2209.18
15 4388.73 2313.02 4388.02 2360.46 4367.43 2342.17 4364.71 2327.45 4355.20 2335.30 4347.59 2335.68 4347.58 2316.29 4300.41 2310.79 4337.38 2306.65 4323.43 2298.81 4334.88 2301.08 4314.79 2290.48 4352.10 2301.11 4328.19 2264.17 4380.00 2295.85
8 4584.99 718.24 4562.20 706.86 4526.49 719.29 4541.65 648.15 4533.93 627.55 4569.37 620.70 4571.25 649.87 4583.65 673.15
13 4104.88 3730.52 4089.13 3734.43 4055.43 3723.50 4055.43 3735.79 4003.73 3731.18 3996.48 3731.14 3982.83 3709.70 3975.03 3708.77 4004.57 3697.93 4033.51 3640.85 4046.41 3660.69 4054.53 3655.30 4086.71 3693.62
8 1442.53 2402.81 1462.64 2458.89 1436.57 2483.72 1394.51 2488.93 1378.94 2468.86 1368.51 2414.95 1375.79 2409.41 1411.91 2392.67
10 212.72 233.27 188.19 250.23 137.12 256.64 147.85 228.19 122.78 225.26 115.28 204.84 170.64 177.25 183.27 147.83 179.65 204.70 199.96 199.10
6 3249.35 2864.03 3241.17 2873.30 3195.77 2883.67 3204.54 2869.81 3255.88 2837.21 3250.45 2857.74
11 301.12 1081.44 288.72 1077.84 287.56 1111.34 272.87 1080.93 253.38 1085.21 259.05 1067.63 279.68 1039.42 287.85 1043.12 315.56 1031.77 309.75 1055.06 305.97 1059.92
8 4986.45 2116.40 4975.02 2122.03 4930.30 2092.72 4918.02 2044.74 4966.00 2053.50 5017.85 2047.74 5022.70 2049.32 4999.43 2066.43
11 1829.86 1008.22 1858.62 996.12 1861.23 998.67 1876.51 1015.25 1882.22 1022.04 1884.94 1028.04 1891.57 1048.25 1888.70 1056.16 1868.44 1070.85 1855.45 1069.51 1832.92 1042.89
10 1249.85 4764.67 1255.51 4709.61 1275.03 4700.23 1291.39 4707.63 1321.57 4721.98 1326.92 4754.94 1325.72 4773.71 1313.62 4786.83 1299.44 4791.87 1276.02 4790.77
5 366.08 3819.35 392.38 3837.87 369.96 3844.68 309.84 3828.73 337.52 3774.70
9 1721.16 4658.61 1705.91 4655.98 1702.55 4678.07 1680.28 4662.96 1665.88 4685.17 1659.61 4658.38 1634.59 4678.95 1644.38 4654.73 1661.82 4633.71
7 965.75 2425.04 972.15 2381.11 987.84 2382.58 1031.18 2390.87 1030.33 2435.02 997.86 2449.60 974.96 2452.52
9 4549.61 4871.23 4612.72 4821.81 4640.29 4826.37 4654.06 4853.04 4655.39 4893.33 4648.55 4908.22 4633.48 4925.87 4597.27 4932.23 4564.66 4904.71
11 2649.51 1564.55 2630.14 1551.91 2603.63 1566.62 2580.22 1552.43 2606.81 1541.55 2595.56 1531.56 2601.03 1515.38 2623.82 1510.00 2636.19 1487.99 2641.57 1500.99 2653.90 1513.34
10 4145.46 4635.24 4115.20 4594.99 4122.37 4570.00 4122.56 4569.51 4147.23 4556.65 4185.38 4570.00 4189.92 4572.65 4188.68 4583.15 4184.36 4614.23 4176.98 4619.76
9 3984.38 3415.88 3944.11 3463.25 3903.90 3408.12 3853.34 3350.04 3950.66 3383.14 3946.84 3387.72 3977.83 3393.20 4009.92 3400.70 3948.87 3406.71
6 4217.78 277.09 4188.02 253.33 4206.63 217.39 4220.83 202.48 4255.70 221.88 4248.03 264.22
9 2153.11 3310.26 2186.53 3372.83 2170.88 3402.16 2146.52 3418.84 2110.80 3424.56 2072.19 3419.91 2073.86 3393.09 2076.26 3354.90 2081.49 3318.32
9 1519.33 2952.05 1545.99 3013.04 1543.90 3025.51 1496.65 3055.84 1434.93 3031.33 1434.57 2971.84 1435.73 2969.81 1437.52 2968.78 1481.96 2951.55
7 2579.47 3786.58 2573.55 3682.95 2604.88 3668.88 2705.91 3717.45 2704.51 3745.51 2644.29 3800.72 2601.55 3799.55
7 1367.29 308.20 1375.09 330.82 1366.77 311.71 1340.48 264.83 1380.71 238.14 1368.39 267.33 1372.97 265.65
6 3404.20 311.55 3352.92 240.99 3367.24 212.65 3402.63 212.53 3426.23 224.61 3454.70 286.20
7 2702.15 4894.99 2694.50 4962.91 2661.55 4971.06 2647.94 4963.09 2614.51 4934.22 2628.05 4904.48 2679.90 4896.21
9 1300.24 3522.03 1269.75 3540.85 1245.09 3530.10 1218.32 3550.19 1229.01 3522.85 1204.61 3525.16 1196.39 3497.09 1267.53 3454.64 1299.83 3487.72
8 3926.28 468.43 3929.63 450.31 3967.39 429.12 3989.19 435.27 4003.47 467.77 3984.56 499.94 3975.46 504.81 3965.11 501.70
10 1731.85 275.58 1732.21 251.87 1759.09 227.49 1781.16 229.20 1810.21 252.28 1815.39 293.80 1791.08 306.20 1763.81 305.55 1749.17 303.99 1734.09 286.26
