Medium_350_C
3436.97 3850.55
2305.86 6904.87
4 0.00 0.00 7600.00 0.00 7600.00 7600.00 0.00 7600.00
350
11 7259.51 6327.15 7229.87 6343.61 7204.45 6361.27 7221.73 6320.46 7206.37 6312.99 7172.76 6324.79 7189.37 6308.45 7156.09 6261.76 7197.64 6277.49 7203.19 6239.70 7267.31 6286.12
5 272.64 2466.10 255.91 2436.68 218.17 2394.17 191.22 2373.34 312.55 2382.01
10 6833.71 3888.75 6788.85 3895.37 6775.46 3867.31 6737.68 3813.15 6767.02 3820.25 6776.65 3821.59 6771.15 3803.31 6788.44 3823.76 6797.65 3835.26 6805.35 3845.01
15 6296.99 6231.88 6285.96 6228.86 6283.80 6229.98 6252.68 6227.74 6241.56 6238.93 6227.32 6229.34 6248.28 6209.10 6229.58 6205.64 6244.99 6201.57 6226.20 6187.53 6235.72 6182.86 6234.23 6166.13 6257.14 6197.88 6261.60 6177.78 6279.32 6209.64
13 4495.56 1132.08 4500.97 1152.67 4506.74 1160.63 4436.41 1170.90 4430.75 1149.65 4416.20 1140.25 4425.52 1130.95 4430.77 1125.75 4444.07 1101.07 4464.73 1107.10 4472.23 1102.16 4489.16 1071.76 4484.01 1118.62
5 3186.96 7311.58 3180.64 7288.71 3195.04 7286.00 3212.07 7268.85 3232.08 7277.53
13 4277.61 1953.73 4300.28 1967.22 4276.49 1977.96 4257.45 1960.31 4260.58 1967.74 4203.69 1945.06 4196.20 1925.52 4208.02 1903.90 4211.45 1888.10 4217.56 1881.21 4261.56 1929.66 4283.82 1927.60 4261.16 1940.25
8 3962.93 4553.34 3974.49 4573.70 3964.04 4561.84 3962.33 4587.68 3951.26 4553.68 3935.46 4570.52 3925.69 4542.58 3985.45 4537.76
5 2530.40 7257.03 2522.33 7249.16 2514.94 7216.80 2526.37 7191.14 2527.63 7181.39
7 2328.73 6704.73 2337.84 6716.48 2286.20 6699.21 2282.74 6685.67 2273.73 6667.40 2281.13 6645.45 2329.76 6643.26
7 5057.69 6861.53 5037.95 6850.70 5054.62 6877.12 5034.80 6865.62 5022.21 6860.83 5019.41 6804.88 5032.02 6829.65
6 774.45 1428.48 755.40 1428.88 739.79 1450.86 707.36 1414.16 749.10 1390.66 763.90 1412.10
10 3377.36 3920.71 3347.64 3919.86 3384.70 3934.41 3360.41 3941.23 3349.47 3934.24 3348.57 3937.96 3342.33 3940.36 3325.04 3967.34 3293.83 3934.43 3335.85 3865.67
13 1112.89 3611.62 1128.96 3633.06 1081.66 3631.55 1046.79 3663.49 1031.78 3631.83 1060.57 3612.08 1047.33 3614.18 1042.67 3593.10 1044.26 3585.93 1072.34 3558.99 1105.76 3560.54 1106.02 3584.59 1115.72 3595.05
15 6512.91 2867.84 6469.49 2858.24 6501.35 2896.59 6468.02 2862.67 6467.57 2887.87 6460.05 2897.05 6415.03 2853.75 6436.21 2842.12 6392.27 2843.95 6394.45 2839.30 6428.42 2835.01 6486.20 2792.89 6476.86 2811.74 6492.33 2798.44 6498.85 2809.74
15 5336.77 433.98 5334.75 437.67 5342.75 441.05 5326.65 444.02 5325.14 444.36 5306.31 462.96 5311.14 447.08 5298.83 455.43 5304.26 434.96 5286.10 429.66 5313.35 425.08 5314.82 406.23 5316.97 403.52 5322.19 420.20 5346.06 429.80
10 897.54 4620.02 825.36 4626.18 814.68 4629.74 795.06 4616.92 827.16 4524.68 863.10 4546.11 874.77 4530.60 881.09 4522.22 885.32 4543.15 913.36 4551.50
12 7438.69 5854.39 7378.51 5861.03 7367.79 5869.08 7389.63 5828.88 7361.05 5814.61 7417.04 5749.67 7420.22 5773.71 7434.54 5792.72 7488.83 5778.37 7489.76 5781.45 7497.21 5782.45 7492.30 5784.56
13 1619.71 2332.97 1613.12 2334.87 1624.27 2344.30 1630.36 2347.34 1602.50 2378.46 1581.53 2350.07 1571.48 2352.40 1560.38 2355.12 1557.73 2355.70 1552.47 2349.22 1598.41 2286.91 1604.21 2317.43 1638.02 2302.93
11 5989.64 2662.66 5970.76 2704.60 5921.44 2708.82 5882.91 2704.54 5874.86 2698.64 5890.86 2676.98 5893.57 2633.02 5915.11 2643.58 5893.86 2628.85 5898.59 2618.37 5943.06 2591.72
6 1882.04 7344.03 1820.54 7354.41 1797.73 7396.06 1793.24 7392.31 1797.53 7349.09 1846.09 7266.93
11 508.24 5299.93 491.54 5304.52 445.52 5313.58 450.38 5298.73 433.40 5249.94 466.09 5265.71 441.98 5231.03 443.78 5225.35 473.81 5225.57 488.31 5243.75 485.52 5254.81
5 3990.03 1656.68 3986.93 1655.06 3959.01 1669.11 3948.22 1628.60 3958.46 1610.94
6 7408.19 3753.05 7389.11 3789.33 7393.45 3760.56 7384.61 3749.94 7450.56 3721.63 7426.94 3734.27
8 3605.30 2157.75 3638.76 2177.45 3582.12 2185.52 3577.13 2227.49 3519.45 2147.10 3597.53 2077.91 3593.34 2122.90 3609.25 2133.10
10 7280.75 1591.38 7287.40 1607.55 7253.91 1593.64 7235.49 1603.71 7228.83 1588.81 7221.49 1590.50 7223.45 1583.80 7241.40 1538.86 7271.20 1564.74 7281.33 1565.60
9 5533.58 7228.82 5499.27 7194.63 5541.17 7183.67 5531.66 7165.24 5539.57 7159.36 5537.78 7155.69 5570.98 7144.08 5582.24 7166.42 5586.54 7169.41
6 486.00 3272.96 432.91 3212.66 434.34 3210.09 395.98 3224.07 463.58 3163.88 506.20 3158.96
7 4794.74 7336.50 4759.26 7354.22 4768.70 7315.42 4734.94 7343.22 4782.06 7242.69 4819.93 7262.08 4825.26 7280.63
11 3266.75 1768.10 3272.71 1779.88 3275.36 1784.08 3260.08 1788.19 3256.20 1775.66 3229.93 1775.17 3244.11 1755.64 3256.48 1736.16 3276.26 1752.32 3284.41 1751.45 3299.17 1751.75
8 4110.20 6809.50 4100.12 6796.54 4115.22 6794.09 4136.07 6788.47 4141.76 6757.40 4165.96 6761.28 4165.71 6772.97 4187.53 6791.41
9 1012.51 2689.09 1016.54 2693.65 1015.53 2693.60 987.92 2676.69 1009.07 2700.70 938.22 2718.63 908.18 2656.71 973.37 2634.45 995.01 2597.45
5 4202.81 4727.94 4181.04 4707.10 4176.22 4688.87 4174.07 4655.48 4190.49 4681.17
12 2910.04 4816.37 2884.99 4803.46 2862.94 4822.88 2863.19 4816.35 2870.66 4794.90 2861.38 4782.98 2861.16 4772.43 2874.35 4777.33 2878.46 4763.73 2890.08 4748.71 2907.30 4757.90 2901.79 4777.75
14 6516.79 5874.05 6504.09 5872.44 6493.54 5872.11 6485.89 5890.59 6474.86 5893.94 6469.68 5876.47 6460.15 5869.92 6452.09 5837.60 6467.66 5841.16 6494.89 5824.02 6502.20 5833.72 6493.83 5851.81 6513.64 5841.21 6520.68 5856.49
14 5549.15 7020.28 5554.16 7024.95 5541.06 7025.88 5533.78 7039.04 5524.03 7046.86 5513.27 7029.68 5497.66 7024.53 5514.74 7006.44 5500.41 6997.02 5519.60 7001.63 5518.09 6994.60 5540.59 6990.61 5546.58 7008.87 5577.70 7010.23
15 4971.60 4660.28 4950.84 4653.57 4942.13 4663.39 4937.85 4653.08 4927.12 4648.38 4905.88 4652.85 4928.00 4639.97 4928.52 4611.84 4936.58 4622.10 4939.59 4620.44 4940.20 4618.75 4964.87 4600.09 4961.34 4637.97 4980.68 4633.19 4989.35 4633.87
12 5355.94 6309.71 5323.07 6320.32 5306.32 6309.55 5307.15 6323.05 5298.78 6308.94 5302.41 6322.45 5291.59 6323.34 5286.47 6311.58 5284.81 6306.79 5257.76 6317.74 5249.12 6299.93 5338.29 6261.80
7 3521.76 2951.18 3499.83 2916.07 3460.61 2927.36 3448.95 2862.25 3478.40 2829.40 3512.67 2862.59 3540.44 2866.42
6 1139.99 226.62 1150.33 246.60 1066.28 265.08 1063.87 256.50 1091.19 210.50 1122.40 171.60
6 4475.17 2320.60 4496.68 2322.29 4456.35 2365.44 4451.76 2291.90 4486.48 2290.24 4471.35 2306.09
14 2999.98 2678.73 3000.21 2697.96 2987.45 2708.07 2976.72 2708.37 2925.84 2711.42 2940.36 2662.58 2934.81 2664.09 2887.03 2591.08 2913.34 2565.82 2991.47 2574.26 3014.20 2569.18 3005.42 2588.75 3007.79 2607.30 3027.44 2622.21
15 5447.12 1558.89 5446.21 1574.56 5440.25 1575.78 5407.38 1637.08 5397.00 1613.36 5381.48 1624.00 5383.81 1579.07 5384.60 1577.98 5333.73 1582.53 5351.40 1541.82 5360.96 1539.22 5386.08 1548.12 5414.85 1525.69 5429.76 1492.36 5431.96 1554.02
10 7419.19 2096.96 7419.28 2099.76 7411.16 2065.11 7398.88 2071.11 7373.71 2065.56 7394.16 2055.03 7392.84 2053.77 7404.87 2043.36 7391.51 2006.21 7435.57 2012.27
13 2340.89 2166.50 2295.58 2144.61 2316.01 2122.17 2264.26 2145.99 2298.67 2126.98 2286.32 2127.74 2312.81 2112.49 2298.46 2091.94 2312.35 2095.44 2324.20 2084.16 2331.17 2058.61 2336.47 2050.17 2341.28 2058.99
14 6592.12 3729.63 6575.54 3721.45 6539.02 3725.30 6527.24 3705.23 6549.92 3691.47 6554.78 3693.07 6545.79 3676.37 6563.49 3690.52 6563.54 3680.25 6568.84 3673.01 6571.09 3671.72 6596.57 3672.40 6592.24 3679.51 6597.17 3676.75
14 713.48 286.44 715.30 308.12 700.80 291.12 641.84 274.49 618.13 251.55 662.40 213.08 622.54 210.29 636.51 183.17 665.62 173.84 661.73 155.59 714.24 143.11 741.88 163.62 737.35 188.55 755.09 179.27
10 2804.21 1756.48 2795.62 1785.81 2800.62 1801.00 2737.98 1760.41 2750.81 1741.91 2752.96 1710.13 2762.36 1726.08 2766.77 1731.84 2765.90 1701.64 2819.83 1737.18
6 4156.86 2081.43 4136.08 2113.09 4077.60 2077.42 4094.22 2056.22 4086.59 2048.83 4103.45 2010.26
14 1396.48 284.43 1396.94 285.31 1403.49 289.73 1415.83 305.25 1380.42 286.53 1365.21 321.96 1360.08 307.83 1341.69 296.43 1359.71 282.33 1338.93 270.25 1343.30 270.40 1344.08 246.28 1352.74 228.82 1411.79 244.45
13 1236.22 2945.29 1234.62 2954.97 1207.24 2929.54 1199.22 2931.19 1206.44 2964.42 1200.62 2961.12 1198.54 2963.42 1190.50 2965.08 1169.66 2959.86 1155.01 2917.38 1183.17 2897.75 1168.26 2855.78 1170.24 2859.27
13 1494.26 6190.06 1479.03 6190.73 1530.90 6204.70 1526.72 6216.28 1477.66 6254.74 1456.22 6213.08 1411.68 6196.53 1426.65 6186.64 1413.38 6164.79 1397.10 6116.84 1481.71 6133.04 1484.25 6134.89 1480.80 6185.13
12 4805.41 1827.31 4794.10 1850.01 4788.73 1862.87 4770.09 1821.26 4785.02 1815.21 4791.71 1816.54 4791.55 1802.42 4806.10 1790.60 4817.08 1798.10 4810.73 1810.36 4822.14 1815.35 4838.31 1817.23
6 4011.00 2420.89 3932.03 2484.79 3924.22 2469.75 3901.83 2481.97 3990.47 2335.60 3964.34 2380.43
7 7044.31 2609.72 7001.97 2601.81 7001.38 2610.48 6976.83 2617.54 6943.23 2587.51 6992.46 2520.42 7030.64 2579.20
15 3399.86 5707.23 3356.02 5667.69 3350.98 5727.01 3316.90 5695.99 3308.92 5663.30 3299.43 5668.87 3274.29 5663.62 3331.58 5636.35 3337.80 5599.49 3326.86 5557.01 3333.98 5575.28 3357.28 5597.85 3409.77 5586.96 3412.28 5600.61 3403.70 5616.86
10 7372.85 4754.44 7355.17 4766.31 7340.44 4784.70 7343.96 4752.48 7337.03 4747.17 7329.06 4721.72 7340.49 4729.50 7368.42 4715.34 7372.98 4733.48 7387.68 4731.93
15 5087.41 4389.52 5106.35 4392.15 5085.92 4390.68 5085.13 4399.39 5094.50 4412.90 5084.43 4409.56 5070.99 4404.83 5062.76 4419.03 5066.23 4392.97 5064.89 4387.78 5070.14 4382.87 5070.75 4377.65 5073.36 4371.03 5077.58 4363.13 5116.59 4387.65
5 6027.47 4595.34 6033.05 4601.28 6055.87 4632.36 6071.75 4639.08 6114.45 4633.18
8 3565.83 3088.83 3562.35 3041.50 3586.56 3033.03 3588.49 3030.98 3590.19 3034.09 3596.84 3055.05 3610.67 3068.36 3619.25 3074.95
15 330.11 3472.10 278.03 3491.28 273.19 3527.69 263.89 3497.94 255.55 3507.22 252.87 3475.85 243.10 3476.05 209.31 3464.27 231.38 3462.46 231.48 3420.92 244.39 3433.80 267.46 3426.89 283.31 3419.52 282.88 3424.86 299.09 3415.51
12 5378.38 4481.91 5310.90 4477.22 5352.36 4515.39 5228.17 4494.41 5199.85 4470.57 5203.01 4467.99 5234.63 4461.88 5279.70 4436.49 5308.92 4453.92 5325.52 4451.65 5347.87 4463.30 5310.84 4471.22
6 6277.46 4586.58 6262.58 4568.51 6232.06 4556.64 6253.82 4446.93 6258.04 4430.13 6319.27 4479.41
9 1320.84 6010.17 1308.44 6057.27 1289.84 6019.98 1273.76 6010.39 1241.78 6015.15 1259.09 5989.43 1272.28 5965.66 1287.13 5987.19 1296.24 5964.50
12 5670.16 3216.75 5668.32 3226.19 5669.75 3231.58 5655.10 3218.96 5655.80 3220.81 5616.44 3234.30 5607.31 3230.66 5616.78 3189.50 5620.05 3147.65 5644.77 3173.81 5674.57 3166.36 5670.84 3189.24
9 754.81 2230.40 754.78 2236.72 745.75 2238.67 724.50 2229.39 717.69 2228.42 733.02 2188.29 738.72 2204.17 768.44 2217.19 758.09 2220.96
14 3271.11 5734.72 3257.59 5754.67 3238.29 5768.99 3210.32 5802.53 3221.12 5777.96 3193.19 5781.35 3220.13 5741.68 3205.53 5737.76 3206.80 5729.32 3200.07 5713.96 3211.00 5692.92 3228.17 5693.74 3264.21 5706.79 3284.15 5694.79
14 654.38 2119.02 645.99 2147.37 578.27 2135.70 605.48 2191.63 568.46 2183.81 522.04 2173.62 541.59 2145.08 520.27 2169.99 546.65 2118.38 555.60 2055.53 575.60 2086.87 621.61 2045.90 640.56 2059.30 592.17 2096.42
5 7290.84 4048.57 7324.10 4106.63 7286.75 4088.97 7233.62 4080.54 7309.11 3987.73
14 2627.07 4358.82 2591.59 4305.19 2558.33 4359.05 2528.96 4348.86 2527.97 4332.82 2538.54 4321.96 2529.18 4292.91 2553.51 4284.70 2524.82 4262.19 2557.98 4248.71 2574.97 4260.66 2593.09 4199.06 2586.13 4252.19 2637.36 4264.98
14 4930.41 5274.20 4910.83 5275.17 4933.60 5306.77 4922.29 5299.59 4887.85 5284.71 4867.51 5305.77 4829.58 5299.81 4855.76 5254.25 4866.41 5236.12 4845.29 5193.97 4890.92 5163.12 4888.61 5220.43 4910.36 5212.92 4905.80 5227.78
8 5033.06 7345.71 5008.32 7349.78 4971.38 7384.20 4988.44 7331.69 4995.90 7308.82 5026.18 7326.00 5023.35 7338.34 5000.53 7344.41
8 1049.57 6835.65 1047.67 6820.52 1017.48 6848.83 1043.05 6811.29 1046.44 6772.01 1046.19 6767.58 1058.15 6773.22 1092.17 6780.28
14 334.56 475.16 320.78 470.91 296.83 469.59 293.51 483.40 290.11 477.91 282.76 486.25 278.23 478.22 279.21 472.77 257.79 470.07 271.53 448.59 289.42 453.23 312.54 426.40 308.23 456.82 333.27 453.10
11 3273.09 4975.15 3292.78 4980.48 3282.63 5030.83 3268.61 5020.39 3240.62 4990.77 3215.33 5004.53 3203.87 5000.59 3214.02 4938.34 3223.59 4915.15 3234.86 4933.64 3292.84 4952.40
10 4347.77 5345.51 4340.30 5340.58 4318.73 5325.61 4299.73 5356.63 4293.85 5349.51 4266.64 5319.62 4300.48 5311.14 4312.46 5291.36 4336.24 5300.07 4346.42 5312.52
8 4268.42 1252.99 4263.23 1263.71 4231.85 1273.20 4214.85 1226.08 4237.07 1228.18 4246.70 1227.42 4264.45 1223.03 4257.12 1238.49
15 5845.01 7157.43 5815.44 7180.12 5810.72 7167.24 5766.91 7146.80 5806.81 7133.73 5780.18 7125.27 5786.01 7125.72 5801.23 7119.09 5818.19 7125.51 5806.34 7105.26 5812.27 7103.28 5830.51 7117.61 5837.46 7115.96 5861.03 7081.75 5900.96 7120.95
15 5193.39 5398.09 5192.30 5427.34 5184.93 5425.91 5169.12 5412.70 5165.82 5419.37 5160.94 5425.22 5160.27 5429.42 5148.98 5407.51 5131.58 5399.03 5137.66 5350.25 5147.83 5379.26 5143.45 5358.24 5148.47 5377.36 5154.69 5352.50 5182.31 5396.35
13 5288.64 6952.53 5301.37 6979.82 5254.33 6960.01 5250.29 6996.44 5241.40 6995.44 5242.50 6960.89 5237.64 6967.79 5199.71 6959.23 5243.24 6896.35 5268.52 6905.05 5285.72 6917.21 5285.55 6932.31 5304.01 6942.81
11 4786.16 5716.50 4782.41 5717.47 4761.55 5697.38 4747.00 5676.79 4762.17 5673.23 4767.78 5676.95 4764.71 5649.88 4780.26 5660.72 4784.47 5665.45 4784.07 5679.51 4787.80 5687.24
7 2773.62 2686.83 2773.05 2699.62 2766.51 2712.74 2754.82 2693.01 2742.51 2722.34 2748.24 2658.49 2759.24 2649.48
9 6316.22 1279.60 6283.47 1268.20 6273.47 1270.14 6267.32 1265.29 6256.63 1285.03 6216.98 1216.61 6268.29 1175.75 6278.95 1179.34 6284.83 1174.10
15 4702.10 6731.82 4687.55 6738.29 4687.95 6757.82 4631.88 6761.76 4647.71 6731.11 4617.01 6738.86 4588.03 6698.62 4625.47 6692.87 4630.56 6682.69 4637.88 6660.58 4653.71 6679.39 4660.10 6685.77 4657.96 6636.83 4675.14 6682.93 4712.92 6675.60
14 1598.70 2715.26 1602.96 2722.98 1614.36 2752.01 1575.80 2742.93 1569.75 2717.79 1534.42 2726.81 1550.65 2699.04 1565.47 2693.98 1570.67 2689.37 1566.98 2679.62 1572.66 2664.08 1585.28 2679.47 1598.29 2680.39 1624.21 2687.23
15 4278.91 6388.64 4215.29 6385.34 4217.64 6408.32 4226.68 6440.79 4223.81 6436.93 4225.06 6452.51 4108.14 6425.44 4115.47 6365.24 4169.93 6373.92 4151.86 6330.43 4169.60 6338.39 4170.57 6334.79 4176.40 6312.41 4240.44 6347.72 4236.93 6350.54
10 3437.86 4409.24 3428.58 4476.48 3403.89 4465.57 3386.92 4450.93 3363.94 4417.05 3343.38 4391.32 3392.87 4357.07 3409.64 4364.55 3430.36 4348.24 3484.09 4380.38
12 5882.34 2205.64 5867.25 2207.12 5871.32 2208.57 5868.89 2210.07 5866.77 2235.06 5867.50 2244.30 5856.88 2212.65 5850.13 2234.56 5851.80 2182.60 5862.38 2193.82 5865.34 2196.92 5871.97 2194.16
6 4010.83 961.13 3975.98 970.70 3949.44 931.11 3946.88 918.29 3968.06 937.21 3964.61 930.43
15 1924.10 5407.53 1934.41 5417.37 1949.37 5431.34 1893.35 5420.61 1864.35 5393.87 1871.92 5387.38 1855.27 5375.48 1891.88 5381.98 1880.71 5367.11 1882.79 5363.09 1903.36 5366.21 1904.77 5361.32 1902.57 5337.37 1915.87 5372.93 1924.15 5369.81
15 4399.20 6226.59 4397.89 6237.52 4411.23 6265.63 4369.23 6232.24 4346.19 6226.66 4369.69 6221.34 4345.91 6217.17 4346.82 6214.03 4379.34 6211.99 4379.32 6206.94 4391.45 6194.08 4390.84 6210.22 4393.66 6211.06 4408.77 6205.89 4419.02 6202.97
5 1392.95 1698.02 1350.56 1707.99 1374.70 1652.47 1386.22 1683.38 1404.34 1692.86
6 4775.98 1445.91 4744.12 1468.78 4724.32 1368.52 4752.86 1377.58 4779.48 1385.72 4803.40 1362.93
13 1735.40 3695.25 1751.02 3702.50 1732.47 3698.97 1759.21 3716.72 1737.31 3712.73 1708.29 3738.42 1703.99 3724.69 1689.51 3696.78 1695.53 3670.06 1696.37 3654.34 1705.34 3665.83 1709.47 3654.41 1721.19 3648.33
9 5395.94 4349.31 5402.50 4355.61 5394.71 4370.71 5379.88 4363.16 5372.20 4355.21 5358.47 4341.76 5353.90 4329.17 5396.75 4323.69 5394.65 4329.44
7 3088.68 5089.63 3088.13 5096.14 3096.15 5104.41 3066.58 5125.73 3021.10 5072.84 3038.80 5060.14 3077.79 5071.92
14 1891.88 6486.78 1884.46 6488.28 1880.76 6488.96 1872.42 6491.06 1869.54 6507.01 1854.88 6494.26 1843.61 6504.08 1857.71 6485.32 1850.49 6482.47 1831.97 6484.60 1840.24 6471.98 1852.27 6454.24 1868.83 6451.67 1877.48 6450.20
11 5063.46 2679.82 5037.40 2689.14 5005.34 2688.62 4980.00 2695.41 4982.60 2666.98 4985.93 2647.52 4967.56 2606.48 4989.65 2620.34 4979.71 2578.18 4998.73 2610.26 5015.76 2589.31
14 3657.23 3207.67 3605.02 3207.61 3616.45 3218.46 3653.10 3246.30 3609.43 3227.96 3630.37 3267.00 3592.33 3273.84 3554.47 3277.80 3556.01 3267.22 3556.98 3236.05 3504.46 3214.30 3526.75 3146.08 3623.74 3144.93 3618.35 3202.68
10 5161.14 1509.82 5173.03 1539.61 5160.63 1525.44 5155.07 1540.09 5139.02 1525.42 5108.39 1503.76 5138.12 1493.12 5171.70 1473.62 5160.52 1495.91 5166.65 1495.12
14 654.12 4708.01 638.76 4721.57 638.34 4723.92 629.91 4732.18 614.17 4738.85 593.51 4716.35 591.38 4724.09 579.09 4718.18 555.66 4711.65 532.68 4673.71 546.50 4677.80 566.14 4673.18 579.54 4651.38 616.40 4654.68
9 1258.52 3630.17 1234.29 3651.91 1219.91 3639.24 1186.26 3645.15 1182.84 3592.70 1222.50 3604.21 1227.99 3607.28 1253.26 3609.01 1253.76 3619.30
9 908.71 5595.56 888.42 5611.04 874.89 5594.60 847.56 5595.08 871.84 5585.06 850.24 5584.29 876.79 5566.39 932.70 5558.21 912.26 5571.68
15 5390.74 6182.03 5364.60 6175.97 5360.89 6175.37 5356.34 6184.71 5336.01 6216.00 5316.48 6207.66 5276.52 6169.47 5290.30 6157.17 5311.25 6129.19 5328.36 6116.89 5336.38 6124.47 5374.01 6129.22 5384.73 6135.50 5386.39 6150.27 5356.74 6154.95
8 1716.39 1606.15 1719.34 1660.79 1658.13 1653.36 1653.28 1640.56 1646.71 1606.20 1654.86 1599.67 1734.72 1528.51 1694.75 1575.05
8 7244.06 3839.45 7207.59 3885.53 7177.82 3912.74 7162.63 3898.45 7124.33 3857.03 7121.64 3761.68 7187.45 3798.34 7200.44 3809.00
8 1842.89 3022.70 1794.41 3047.46 1777.40 3045.93 1759.18 2956.03 1789.44 2958.00 1833.81 2932.25 1840.54 2943.50 1877.12 2975.96
9 4570.00 4892.18 4565.44 4907.63 4536.89 4899.67 4517.27 4817.16 4570.94 4768.06 4567.30 4813.92 4593.37 4785.79 4595.41 4824.98 4631.86 4814.74
14 7009.79 3389.67 6982.87 3389.14 6960.60 3377.53 6961.46 3369.62 6958.25 3371.30 6956.08 3370.50 6916.72 3386.45 6928.87 3345.36 6954.07 3349.92 6926.70 3331.97 6942.72 3338.49 6953.32 3317.06 6950.11 3304.42 6993.70 3329.86
13 3147.47 3752.85 3129.04 3756.29 3123.37 3784.92 3116.24 3820.41 3100.70 3809.65 3090.98 3790.79 3069.59 3783.08 3073.37 3773.02 3048.40 3775.03 3092.41 3705.70 3112.11 3697.31 3132.62 3719.79 3174.02 3706.06
14 6268.55 6529.50 6239.04 6514.95 6243.03 6535.51 6195.69 6547.14 6148.05 6496.04 6145.04 6479.24 6188.61 6480.23 6169.80 6461.75 6184.08 6458.25 6160.59 6425.50 6232.46 6411.68 6220.30 6448.32 6234.77 6426.13 6262.79 6434.79
15 1467.33 7365.95 1431.60 7370.44 1458.02 7323.46 1417.89 7321.77 1420.42 7252.07 1455.65 7243.59 1456.84 7240.18 1471.51 7223.13 1473.22 7262.21 1475.68 7258.03 1486.45 7237.96 1493.28 7231.49 1477.01 7283.24 1494.41 7246.58 1486.81 7277.92
14 5025.02 7038.90 5044.47 7059.12 5011.63 7042.81 5009.35 7044.62 5042.49 7079.11 4980.94 7033.49 4946.10 7025.11 4973.86 6989.75 4989.26 6998.82 4988.68 6981.05 4999.46 6968.93 4997.99 7003.38 5002.96 6985.04 5022.04 6983.88
15 3915.35 7276.20 3917.95 7289.21 3902.99 7291.95 3888.94 7289.23 3883.37 7286.72 3886.69 7297.09 3870.57 7285.98 3868.13 7284.78 3850.76 7302.80 3830.21 7300.03 3902.05 7253.38 3922.23 7243.94 3902.02 7269.15 3928.95 7271.43 3931.88 7274.22
12 6616.40 4201.36 6589.95 4177.57 6581.13 4177.37 6565.51 4174.63 6561.65 4172.57 6557.35 4159.00 6511.58 4127.16 6542.55 4138.57 6579.12 4144.60 6598.54 4121.38 6602.64 4128.44 6602.87 4156.86
11 5805.38 4857.01 5801.08 4855.97 5794.91 4898.61 5746.47 4855.67 5746.87 4852.50 5728.59 4855.39 5729.29 4834.70 5770.82 4824.79 5752.09 4813.74 5772.12 4761.21 5792.92 4783.32
6 2014.36 5884.06 2005.08 5896.64 1997.19 5892.49 1960.62 5873.76 1922.66 5864.40 1944.24 5801.83
15 1598.50 5401.19 1576.92 5408.46 1586.31 5438.24 1555.86 5446.88 1541.87 5423.62 1511.22 5443.77 1501.85 5450.13 1538.57 5409.49 1516.00 5378.32 1508.46 5374.87 1507.31 5355.44 1566.56 5358.53 1579.37 5360.78 1618.33 5352.51 1631.70 5358.65
9 6750.31 1842.36 6737.18 1803.68 6715.66 1808.09 6667.16 1821.07 6653.94 1803.56 6685.17 1752.65 6710.38 1706.22 6794.62 1747.00 6767.23 1779.95
15 4536.91 4163.54 4491.29 4184.58 4476.56 4190.42 4475.36 4188.22 4421.03 4193.44 4428.60 4136.00 4401.13 4117.32 4449.97 4093.41 4461.34 4078.09 4492.92 4107.35 4485.15 4124.70 4498.02 4138.49 4531.55 4122.65 4487.87 4152.68 4513.19 4154.91
5 4067.81 1042.12 4060.83 997.49 4081.03 1002.25 4084.28 1015.94 4095.53 1007.73
9 2173.11 5675.42 2173.87 5723.30 2137.26 5682.53 2119.53 5670.38 2153.44 5656.68 2134.97 5631.74 2151.78 5609.03 2185.83 5663.65 2198.26 5663.39
13 2617.84 1882.31 2617.22 1890.06 2555.38 1952.37 2527.34 1942.51 2520.34 1933.21 2549.09 1909.13 2558.94 1849.24 2548.19 1837.83 2552.83 1819.28 2577.74 1836.46 2584.26 1844.86 2592.10 1842.04 2606.58 1796.06
6 6321.29 1962.04 6300.88 1993.18 6285.86 1964.33 6208.36 1887.15 6304.60 1842.26 6340.94 1914.57
6 1145.68 5998.89 1094.57 6009.58 1091.54 6023.30 1072.66 6035.65 1053.14 6027.69 1068.11 5951.35
8 4769.18 7033.19 4688.67 7055.39 4680.52 7093.85 4663.54 7082.61 4625.53 7059.43 4646.90 7011.10 4706.48 7014.22 4720.95 7018.90
5 1949.88 1968.76 1940.33 1971.96 1882.78 1935.33 1916.22 1920.18 1930.20 1930.70
10 6097.32 1776.93 6109.49 1778.56 6082.24 1776.83 6095.06 1805.64 6078.66 1815.51 6061.13 1825.36 6023.71 1783.12 6018.33 1745.55 6050.07 1727.23 6096.20 1775.14
6 6047.14 3245.12 5996.86 3237.86 5963.26 3212.66 5957.70 3184.06 6031.86 3166.38 6064.01 3202.96
12 1175.37 6845.67 1172.77 6863.14 1147.25 6824.31 1111.76 6823.57 1110.23 6790.06 1126.77 6789.17 1118.96 6772.71 1152.54 6774.34 1155.21 6750.47 1175.23 6777.95 1173.25 6793.85 1177.22 6794.75
13 970.74 6131.16 993.39 6152.48 994.18 6157.30 959.59 6167.53 949.16 6193.91 942.11 6183.21 940.41 6158.51 935.23 6199.45 914.65 6169.56 944.48 6111.89 950.81 6091.20 1010.82 6077.95 1012.99 6080.89
7 3961.32 6384.15 3849.82 6309.78 3863.00 6294.28 3896.04 6317.48 3895.31 6301.72 3938.66 6321.33 3958.67 6320.98
13 441.96 724.29 413.61 742.21 401.71 772.05 387.98 748.80 370.17 727.35 358.34 726.07 354.60 682.18 358.72 660.39 373.10 680.83 381.12 701.30 396.96 648.11 408.56 669.55 433.98 664.93
9 4814.59 5971.01 4755.46 5959.54 4699.85 6018.32 4668.13 5994.41 4708.00 5926.57 4665.66 5904.68 4687.88 5911.72 4725.33 5870.33 4789.05 5904.57
13 6766.97 5423.26 6777.20 5449.65 6713.60 5412.37 6680.45 5378.46 6692.39 5352.60 6702.81 5358.42 6734.41 5333.05 6735.84 5325.32 6766.20 5376.70 6801.90 5345.86 6795.61 5353.73 6793.37 5363.44 6791.31 5380.99
5 574.43 6019.48 580.75 5977.64 515.59 5959.17 544.42 5920.69 588.64 5931.35
13 2041.60 4524.01 2006.92 4525.35 2021.53 4535.50 1992.41 4567.59 1983.80 4539.82 1982.40 4529.59 1950.52 4512.57 1969.38 4514.65 1964.72 4504.42 2005.84 4500.83 2006.41 4506.50 2009.47 4516.81 2009.05 4518.27
15 5424.33 4839.80 5429.48 4866.64 5418.74 4851.05 5411.06 4870.22 5405.22 4842.86 5385.09 4848.92 5373.20 4847.70 5384.63 4833.98 5394.97 4822.70 5376.63 4811.97 5385.22 4816.52 5416.93 4806.96 5414.50 4812.77 5429.30 4794.38 5422.97 4811.71
13 2302.39 3738.03 2293.34 3770.37 2272.06 3762.63 2254.68 3791.44 2249.31 3768.36 2256.61 3748.16 2227.60 3723.17 2247.21 3722.62 2219.65 3675.87 2265.80 3712.74 2280.84 3663.03 2299.67 3679.08 2338.51 3714.36
5 3744.60 7393.98 3740.87 7393.49 3700.49 7367.87 3731.55 7324.60 3776.15 7324.45
6 6859.94 2154.87 6837.00 2137.96 6792.17 2179.84 6821.68 2100.73 6834.16 2066.68 6849.94 2099.97
8 2543.97 2021.32 2516.83 2029.13 2492.57 2054.26 2489.44 2041.15 2480.75 2023.54 2527.56 1968.46 2546.81 1989.90 2517.63 2014.76
7 1459.13 990.16 1410.61 1034.55 1393.69 1025.62 1379.07 983.97 1407.35 941.64 1449.92 956.76 1473.99 946.48
10 2899.27 705.61 2793.68 663.54 2784.26 658.62 2797.54 658.06 2815.41 596.35 2826.68 637.22 2826.85 629.87 2854.83 584.46 2858.63 639.84 2918.08 662.57
12 1754.49 7072.37 1725.50 7080.53 1723.27 7102.14 1718.96 7100.60 1713.74 7080.45 1695.59 7058.19 1670.74 7058.00 1671.11 7045.64 1712.60 7032.38 1705.17 6992.59 1729.87 7029.09 1732.20 7029.38
9 4105.27 5201.37 4120.97 5213.84 4146.45 5233.04 4072.22 5244.01 4056.03 5192.23 4096.23 5146.14 4104.20 5126.45 4102.29 5174.88 4121.92 5193.28
8 6442.24 4173.66 6438.42 4180.27 6393.33 4143.49 6405.54 4148.82 6398.39 4137.95 6428.37 4151.55 6459.04 4141.20 6463.33 4153.14
15 6366.15 2212.46 6380.18 2214.25 6371.70 2214.32 6352.32 2250.50 6305.80 2213.82 6262.30 2212.98 6267.82 2204.07 6268.06 2190.54 6291.21 2195.41 6290.37 2178.07 6285.20 2172.33 6311.27 2177.61 6345.83 2181.18 6352.83 2182.74 6332.55 2204.48
14 6535.39 2110.05 6483.43 2112.85 6491.98 2158.83 6430.56 2158.04 6419.41 2173.74 6381.62 2161.01 6414.13 2110.58 6378.20 2105.88 6386.41 2073.72 6363.20 2047.90 6402.47 2071.06 6418.57 2076.98 6469.66 2016.62 6483.85 2080.98
9 1912.21 5136.94 1891.61 5146.26 1899.37 5172.47 1846.28 5171.77 1849.67 5101.84 1865.75 5118.10 1885.16 5097.59 1889.12 5126.94 1925.75 5124.87
8 6460.99 5782.11 6451.36 5805.42 6418.05 5801.36 6416.27 5764.54 6411.84 5743.42 6421.06 5741.14 6427.25 5731.47 6431.92 5747.25
14 3469.99 5579.29 3464.57 5566.86 3464.70 5555.03 3458.97 5575.10 3448.19 5564.17 3449.39 5556.10 3453.31 5542.08 3442.92 5535.22 3444.40 5512.98 3428.82 5489.93 3461.64 5516.66 3501.62 5504.67 3485.57 5537.34 3522.74 5538.93
12 2197.14 1672.35 2144.68 1666.38 2149.04 1683.53 2095.86 1731.03 2099.66 1691.51 2090.68 1673.99 2083.08 1664.28 2077.50 1662.65 2061.30 1629.37 2097.92 1647.84 2061.54 1605.18 2100.14 1634.41
6 7125.37 5829.39 7060.23 5872.60 7044.79 5788.26 7058.03 5791.59 7122.17 5805.66 7115.25 5819.24
14 4497.09 5729.72 4492.31 5717.06 4472.84 5703.90 4474.60 5690.11 4477.20 5677.35 4468.00 5670.04 4478.99 5673.49 4469.99 5655.38 4485.15 5655.04 4490.93 5668.78 4489.89 5663.40 4503.05 5678.39 4512.12 5680.66 4534.03 5681.85
15 3386.69 3574.29 3392.58 3580.53 3349.38 3585.55 3341.98 3589.62 3332.29 3584.29 3320.71 3611.50 3320.29 3580.54 3293.33 3607.97 3281.42 3597.99 3295.63 3564.58 3261.18 3546.32 3346.92 3523.06 3357.66 3509.66 3373.49 3511.64 3349.49 3555.74
11 2308.36 7311.76 2294.53 7312.57 2278.74 7346.16 2255.95 7322.92 2237.34 7322.64 2250.44 7311.51 2249.11 7311.38 2242.54 7274.96 2273.41 7264.86 2297.12 7272.98 2290.66 7296.01
15 2085.86 5499.35 2110.36 5520.52 2084.17 5507.38 2071.14 5536.91 2059.33 5516.20 2032.93 5527.95 2008.67 5526.41 2032.95 5510.07 2026.29 5484.96 2025.74 5465.42 2046.60 5464.11 2072.30 5478.64 2079.84 5472.22 2074.42 5484.56 2095.57 5465.37
9 362.23 5370.18 374.38 5382.05 270.76 5323.00 285.86 5322.11 245.41 5268.35 312.14 5315.31 317.61 5311.48 386.09 5323.23 338.39 5336.23
7 6712.32 4317.18 6703.19 4349.64 6693.35 4318.80 6694.71 4315.31 6677.14 4273.34 6695.78 4272.13 6700.23 4273.79
13 2262.61 5850.43 2264.78 5868.05 2256.29 5862.21 2258.87 5918.06 2173.86 5843.83 2205.03 5841.95 2180.68 5831.48 2217.75 5839.28 2178.66 5806.23 2181.72 5804.08 2192.16 5804.59 2248.24 5771.23 2314.86 5826.02
14 7502.67 1392.07 7502.87 1396.46 7469.16 1390.68 7455.23 1404.21 7435.20 1410.75 7429.65 1399.98 7421.73 1392.34 7411.90 1384.36 7400.56 1390.38 7409.31 1378.36 7362.47 1396.85 7401.57 1368.82 7362.76 1316.18 7458.60 1358.15
13 7108.52 3482.75 7101.24 3498.10 7081.86 3510.50 7060.99 3507.00 7062.10 3520.26 7058.26 3521.42 7017.53 3485.61 7025.30 3477.27 7030.19 3459.03 7026.21 3442.38 7041.93 3441.13 7075.75 3412.92 7096.68 3429.41
9 4011.65 4779.69 3944.53 4795.03 3938.10 4782.46 3929.13 4758.35 3896.26 4748.52 3917.36 4738.41 3970.62 4739.59 3974.30 4729.78 3980.29 4748.11
14 2170.26 6012.79 2152.32 6004.59 2132.89 6030.53 2131.90 6004.53 2134.52 5996.37 2120.45 6000.09 2115.82 5994.95 2129.27 5975.50 2133.01 5976.96 2124.36 5953.50 2159.78 5945.17 2150.10 5966.90 2166.05 5966.06 2176.93 5971.06
7 3816.59 706.74 3809.21 718.54 3807.75 723.97 3807.50 727.91 3767.25 693.25 3776.97 672.49 3841.28 691.78
15 3380.58 292.22 3298.79 334.68 3288.10 303.22 3291.77 299.04 3252.39 283.05 3270.59 282.85 3258.28 281.17 3291.62 281.00 3283.53 278.30 3326.37 256.58 3327.67 269.12 3325.96 271.87 3355.62 253.50 3369.42 249.95 3344.54 270.96
9 1615.94 1975.97 1610.93 1993.32 1590.66 1989.12 1580.32 1990.48 1580.53 1982.14 1583.01 1951.25 1593.69 1956.56 1596.98 1964.69 1611.77 1966.03
8 2611.43 3096.32 2575.35 3126.51 2535.60 3012.18 2549.64 2986.91 2594.28 2978.99 2596.86 3020.78 2608.15 2963.17 2652.36 2977.15
7 4115.11 5460.35 4087.58 5463.58 4082.65 5459.53 4074.03 5446.96 4087.19 5436.93 4089.85 5431.88 4123.50 5424.30
11 350.61 283.95 358.51 292.44 335.02 276.54 331.41 275.11 337.01 301.85 320.84 285.01 312.44 296.86 290.70 287.22 316.55 266.61 305.01 238.92 317.36 247.74
13 1805.62 6352.02 1797.65 6350.34 1784.28 6355.83 1775.54 6379.03 1772.79 6368.41 1738.04 6319.81 1759.87 6332.64 1751.64 6314.68 1766.65 6333.17 1769.54 6322.08 1796.84 6322.35 1788.29 6329.20 1779.05 6338.92
11 514.91 3961.66 494.81 3971.29 495.58 3980.97 486.50 3999.06 420.38 3972.95 422.53 3952.42 439.81 3922.67 497.74 3897.17 536.96 3922.98 519.65 3942.61 538.08 3943.40
5 5505.33 7351.09 5469.00 7357.89 5452.13 7352.44 5486.25 7307.55 5498.34 7319.21
15 1736.99 6528.76 1751.43 6534.30 1717.88 6544.48 1735.39 6588.20 1739.17 6599.31 1713.90 6565.33 1688.72 6553.61 1676.86 6529.92 1655.14 6469.48 1692.49 6504.19 1704.79 6465.93 1752.83 6487.56 1766.69 6480.88 1734.50 6515.40 1776.63 6524.92
7 5438.91 5849.42 5404.98 5911.00 5401.00 5855.87 5363.05 5850.53 5398.01 5823.34 5410.70 5792.57 5478.89 5779.81
9 5600.64 225.58 5583.68 238.69 5566.04 277.89 5525.72 259.40 5547.06 234.46 5507.23 236.02 5548.81 224.91 5515.75 212.13 5585.29 200.36
12 6080.84 3103.90 6048.32 3138.25 5995.11 3141.03 5965.34 3047.78 6013.73 3035.39 6023.05 3070.67 6031.72 3039.88 6040.47 3063.80 6068.88 3057.30 6046.24 3081.76 6093.06 3065.72 6089.98 3075.63
15 5103.21 6746.94 5044.99 6800.67 5058.34 6751.33 5045.78 6750.21 5026.89 6747.32 5043.45 6733.98 4989.63 6737.76 5019.56 6723.75 5050.01 6713.47 5042.78 6679.25 5068.51 6674.07 5067.39 6653.65 5071.75 6706.49 5116.08 6678.77 5145.68 6684.59
14 5611.89 3704.40 5590.16 3714.29 5563.87 3685.66 5561.10 3719.37 5553.61 3723.13 5549.29 3685.63 5540.21 3702.30 5515.84 3731.75 5503.35 3692.81 5481.68 3666.85 5524.93 3665.03 5529.50 3624.77 5543.48 3641.65 5556.64 3619.59
14 6437.37 4807.40 6456.67 4820.77 6442.46 4823.32 6442.23 4835.52 6433.06 4829.51 6411.31 4813.66 6411.61 4811.79 6372.33 4797.40 6377.31 4796.20 6391.29 4795.89 6419.84 4752.24 6439.25 4751.24 6439.08 4782.37 6466.12 4768.35
6 1564.71 4492.09 1525.47 4535.99 1510.51 4509.77 1495.99 4547.33 1501.35 4425.84 1561.47 4457.57
9 1618.11 630.50 1544.98 601.64 1584.40 537.44 1597.98 526.94 1613.02 543.08 1603.90 576.61 1620.24 571.00 1627.03 582.76 1655.86 595.70
5 4037.14 502.84 3994.47 573.35 3991.23 507.29 4024.87 481.62 4067.53 445.65
11 6647.39 5024.03 6612.00 5028.36 6606.87 5034.21 6604.05 5046.74 6564.57 5031.63 6588.57 4978.38 6591.30 4980.28 6613.38 4982.20 6629.00 4985.05 6636.89 4983.66 6625.92 5008.04
5 4542.46 2832.91 4501.26 2807.69 4504.38 2806.19 4505.06 2802.13 4504.89 2791.34
14 1248.84 1207.96 1220.35 1204.51 1210.37 1224.19 1187.04 1235.91 1201.73 1202.50 1190.15 1211.24 1188.90 1188.24 1170.70 1171.41 1177.33 1168.60 1202.55 1183.12 1191.51 1149.79 1203.64 1165.94 1226.12 1177.68 1232.84 1177.36
13 3139.11 1662.24 3122.61 1712.21 3088.10 1690.59 3031.43 1672.00 3022.01 1666.77 3025.01 1659.99 3028.80 1613.83 3042.61 1601.33 3058.31 1627.64 3061.35 1623.08 3072.49 1623.87 3131.89 1616.26 3090.99 1658.33
11 4194.14 7309.69 4183.48 7306.87 4179.35 7313.73 4157.58 7338.23 4154.88 7362.37 4139.20 7309.67 4126.47 7297.90 4099.40 7293.91 4140.01 7290.91 4189.68 7262.79 4179.69 7285.80
12 593.54 6460.22 565.48 6460.39 540.68 6482.55 545.71 6458.18 551.90 6450.65 541.20 6441.67 539.16 6431.91 554.70 6416.50 568.59 6427.09 575.90 6420.62 603.12 6408.60 582.36 6438.26
7 3487.45 2571.58 3452.95 2612.09 3433.98 2589.71 3432.93 2583.90 3449.30 2542.80 3482.94 2545.90 3482.42 2548.13
13 5666.13 325.58 5663.51 329.21 5658.32 327.12 5650.33 321.82 5646.28 344.83 5619.91 330.42 5608.35 316.87 5600.76 291.83 5638.05 287.19 5627.54 253.04 5641.74 270.85 5664.68 281.57 5683.35 297.31
9 7184.23 4775.32 7173.07 4788.64 7149.39 4760.49 7154.46 4748.34 7129.07 4739.62 7141.72 4743.23 7172.19 4713.97 7197.93 4737.12 7210.43 4749.96
5 2738.13 5168.50 2725.47 5189.27 2726.40 5167.52 2722.81 5133.74 2747.20 5140.07
12 4805.86 4484.07 4775.76 4475.14 4771.59 4505.94 4758.36 4472.03 4728.01 4455.67 4746.22 4441.41 4762.76 4448.26 4775.45 4442.41 4776.81 4442.81 4779.80 4441.19 4793.79 4440.26 4803.27 4445.93
9 1902.82 7234.14 1922.13 7251.53 1882.92 7247.95 1866.32 7270.65 1881.89 7245.06 1865.63 7233.43 1873.04 7211.35 1872.81 7199.64 1900.55 7215.50
7 7486.47 3094.76 7493.10 3115.63 7430.01 3084.23 7418.20 3083.05 7428.42 3024.15 7451.10 3056.11 7478.34 3049.99
15 911.62 953.14 901.42 955.25 902.20 972.09 871.74 962.64 879.54 983.29 863.26 985.18 851.89 991.18 837.38 994.23 833.36 961.11 821.66 979.50 793.25 974.99 776.54 930.07 821.52 918.35 853.41 911.03 854.24 920.57
10 4938.59 6242.77 4924.84 6248.48 4904.29 6249.15 4899.05 6216.48 4893.37 6197.27 4900.03 6190.25 4911.83 6179.43 4935.95 6187.33 4961.80 6196.05 4946.78 6220.49
14 7401.39 4248.53 7375.28 4253.87 7364.89 4286.60 7353.45 4264.74 7305.68 4247.27 7295.21 4213.04 7338.20 4219.86 7325.65 4188.98 7333.16 4204.21 7342.01 4215.10 7343.79 4192.87 7349.54 4193.48 7387.92 4232.31 7359.78 4234.49
13 4585.27 6320.29 4582.98 6338.63 4546.26 6343.59 4552.08 6332.49 4538.64 6336.57 4521.60 6339.27 4556.96 6313.50 4536.14 6258.22 4586.57 6295.96 4610.24 6282.18 4618.87 6286.70 4588.54 6303.91 4633.84 6300.23
5 1116.73 2166.74 1126.78 2133.12 1172.43 2054.77 1199.22 2080.60 1174.56 2112.27
11 238.83 5544.46 250.91 5561.61 228.58 5616.57 217.50 5580.94 196.96 5543.73 193.33 5534.70 204.78 5520.87 207.23 5474.92 231.15 5509.45 242.67 5523.68 244.47 5524.17
5 988.60 1409.74 969.31 1412.13 931.52 1409.91 953.53 1399.51 939.79 1382.25
7 3464.32 6304.24 3435.87 6312.57 3435.48 6339.69 3340.01 6225.49 3390.22 6250.98 3392.50 6252.53 3444.98 6282.69
14 6944.83 1488.32 6937.17 1495.92 6930.99 1523.12 6919.93 1503.43 6889.44 1486.16 6907.28 1472.52 6904.17 1469.54 6911.07 1474.73 6909.95 1469.14 6915.68 1474.57 6917.60 1461.94 6943.06 1438.02 6951.90 1460.21 6952.50 1461.86
9 2395.00 7351.90 2403.11 7385.94 2368.80 7393.26 2331.54 7286.64 2346.26 7270.31 2372.49 7297.84 2379.65 7245.10 2402.75 7292.76 2423.90 7315.48
10 3847.87 5967.35 3827.54 5960.33 3802.82 5933.47 3809.53 5980.14 3796.29 5941.37 3747.28 5954.55 3727.24 5928.37 3753.21 5919.89 3807.30 5889.20 3838.91 5903.88
14 2871.16 1042.23 2846.52 1044.98 2823.52 1075.57 2811.23 1059.17 2806.44 1029.14 2759.67 1005.40 2797.65 998.00 2799.87 979.09 2816.76 973.74 2849.96 971.91 2864.24 963.85 2888.50 1021.06 2883.52 1022.74 2861.52 1028.96
12 5924.64 1193.88 5922.94 1192.22 5936.48 1220.41 5914.43 1224.60 5890.26 1218.39 5877.80 1192.83 5879.42 1179.87 5901.80 1164.68 5893.33 1142.86 5937.66 1143.28 5927.90 1171.98 5965.39 1181.33
15 1624.12 7208.13 1639.50 7251.39 1623.49 7235.48 1601.89 7218.82 1585.66 7227.35 1564.67 7245.72 1587.74 7214.07 1535.00 7201.01 1566.62 7171.34 1560.47 7142.72 1587.99 7160.47 1587.41 7147.41 1620.39 7156.45 1614.52 7180.24 1611.99 7186.47
10 5072.00 1452.09 5045.04 1437.97 5045.00 1470.95 5006.63 1424.98 4975.82 1404.83 5029.99 1388.88 5055.97 1395.70 5075.00 1403.08 5078.50 1411.95 5078.84 1417.16
11 6624.22 470.47 6658.33 483.99 6626.11 494.95 6569.54 539.06 6574.22 508.68 6581.33 476.11 6534.12 436.46 6579.81 414.03 6620.57 397.25 6637.77 438.50 6635.63 457.57
7 1902.29 4569.77 1858.80 4571.76 1868.39 4542.97 1870.95 4504.32 1879.11 4495.72 1904.81 4508.31 1917.92 4495.21
15 1891.02 5665.49 1906.09 5680.71 1900.58 5694.57 1905.65 5702.96 1901.52 5704.61 1896.68 5712.35 1868.70 5669.16 1858.93 5661.05 1847.63 5661.15 1846.47 5651.22 1854.75 5617.25 1869.85 5638.76 1871.35 5627.98 1879.11 5603.74 1916.14 5631.72
11 975.43 2003.77 1012.09 2009.24 986.45 2013.40 965.93 2036.05 943.48 2047.68 881.68 2048.99 902.33 2011.17 922.34 1983.27 987.93 1965.24 958.54 1983.88 975.84 1974.30
6 6781.62 6648.36 6767.68 6653.08 6737.21 6645.08 6716.06 6649.61 6701.12 6650.96 6767.17 6607.65
15 3790.40 5497.03 3783.81 5497.53 3765.76 5500.99 3765.21 5501.38 3745.49 5482.58 3728.14 5500.69 3742.01 5478.02 3734.66 5479.20 3706.15 5473.73 3729.52 5468.26 3730.87 5451.33 3754.11 5457.88 3770.61 5453.90 3772.68 5451.82 3772.85 5468.05
10 2293.90 4191.43 2166.94 4222.26 2142.62 4182.53 2201.15 4178.35 2170.58 4144.68 2199.63 4168.69 2211.35 4158.02 2246.51 4119.82 2240.77 4169.74 2284.14 4167.85
12 4215.26 3217.66 4172.97 3199.65 4192.26 3263.60 4154.63 3273.67 4123.68 3170.40 4164.22 3124.21 4179.77 3123.90 4167.49 3174.92 4175.45 3165.65 4172.08 3173.44 4181.78 3177.33 4183.01 3183.32
13 6581.18 1192.89 6576.04 1194.53 6575.58 1136.49 6562.90 1186.54 6564.84 1145.22 6557.43 1150.66 6531.79 1163.38 6557.55 1132.32 6544.91 1128.22 6536.80 1098.89 6524.23 1081.36 6624.20 1103.35 6665.80 1104.86
9 6429.62 5074.15 6429.70 5093.42 6400.28 5084.62 6417.68 5108.61 6370.73 5109.52 6362.11 5101.23 6338.36 5139.17 6317.50 5044.76 6386.88 5040.15
10 1601.85 5965.62 1577.18 5999.67 1565.89 5958.35 1555.75 5970.06 1511.78 5921.45 1544.11 5905.92 1569.20 5923.87 1583.09 5911.16 1612.40 5909.51 1599.27 5934.33
10 2893.36 3478.06 2795.89 3523.93 2827.20 3480.53 2765.56 3464.00 2855.43 3399.75 2859.93 3423.46 2909.42 3384.92 2884.64 3432.50 2874.73 3442.32 2941.49 3419.84
9 6548.41 1041.47 6516.28 1035.72 6490.44 994.83 6433.17 1022.23 6427.32 1019.13 6430.10 966.61 6442.87 941.59 6510.25 946.68 6558.10 926.45
12 4621.29 4294.56 4627.25 4299.25 4565.69 4354.28 4536.56 4355.11 4541.74 4296.91 4550.11 4235.06 4554.67 4231.03 4562.85 4250.91 4558.64 4210.69 4609.07 4226.37 4590.20 4258.73 4630.81 4238.82
5 6070.09 6705.58 6058.16 6723.33 6029.56 6704.10 6019.66 6698.55 6045.05 6673.47
6 5298.34 7089.02 5305.71 7125.12 5234.74 7104.75 5209.12 7059.04 5230.72 7059.75 5234.03 7058.13
13 3251.65 2311.30 3212.56 2289.45 3215.97 2271.51 3217.75 2262.50 3213.56 2257.30 3221.91 2249.35 3207.58 2245.10 3184.91 2247.16 3227.60 2219.01 3235.54 2203.66 3246.81 2189.53 3277.77 2211.97 3288.24 2233.47
11 3545.79 7250.29 3521.99 7246.02 3510.97 7226.81 3513.94 7219.42 3474.54 7213.04 3480.66 7208.32 3530.09 7180.17 3544.90 7189.11 3536.50 7204.41 3565.26 7188.18 3542.58 7216.18
12 5619.95 2972.26 5589.64 2977.56 5616.95 3023.28 5558.33 3028.20 5530.51 3049.73 5534.76 2996.61 5532.30 2999.28 5506.95 3009.26 5547.45 2953.04 5541.74 2934.32 5547.00 2949.62 5614.06 2920.56
10 5268.25 6046.82 5236.39 6050.70 5197.13 6110.17 5183.04 6085.93 5134.57 6065.10 5134.49 6062.72 5183.46 6017.31 5173.02 5972.08 5181.04 5991.27 5223.44 6029.41
7 2961.35 2261.24 2952.04 2310.59 2924.59 2299.33 2891.69 2255.48 2902.79 2219.10 2942.50 2225.91 2960.89 2230.13
14 6333.93 1454.02 6354.27 1489.87 6285.66 1479.92 6280.91 1473.84 6280.20 1461.64 6245.77 1448.14 6223.92 1410.23 6255.54 1406.63 6223.73 1393.93 6279.13 1364.80 6307.46 1380.10 6308.04 1384.43 6334.50 1359.62 6341.93 1354.62
7 6569.63 1639.81 6572.95 1670.83 6524.66 1652.34 6469.16 1674.10 6452.29 1607.77 6521.29 1589.00 6537.62 1566.99
12 2423.84 5413.16 2453.14 5440.03 2449.24 5443.16 2410.67 5434.67 2388.72 5474.19 2340.56 5450.92 2333.73 5416.98 2331.37 5412.96 2372.93 5404.17 2341.79 5377.89 2361.21 5376.90 2390.00 5373.28
15 821.23 6458.71 819.40 6480.78 815.16 6486.82 778.74 6487.63 733.27 6470.83 717.50 6475.48 734.10 6433.36 747.00 6407.66 730.30 6366.92 799.22 6403.37 802.14 6393.00 804.05 6390.58 804.93 6414.10 825.62 6399.77 874.67 6424.63
11 984.92 1338.57 959.57 1358.47 898.85 1343.87 904.83 1323.94 876.40 1335.90 881.51 1258.22 923.86 1240.27 937.00 1252.10 938.09 1239.23 940.00 1252.28 953.67 1285.86
11 7094.35 1938.95 7057.30 1931.98 7049.01 1936.08 7027.69 1947.47 7023.59 1926.63 7025.46 1906.58 7049.17 1911.97 7024.49 1867.90 7058.79 1889.95 7078.90 1875.95 7126.27 1855.66
5 5388.02 7095.81 5372.02 7087.33 5351.07 7094.23 5312.05 7076.22 5325.66 7006.20
5 6725.92 3578.69 6757.93 3608.85 6702.01 3597.16 6700.85 3612.54 6649.51 3530.86
12 4921.14 6436.78 4886.12 6436.28 4840.10 6409.49 4819.73 6403.57 4847.91 6410.62 4834.76 6383.90 4844.73 6369.88 4868.35 6396.65 4877.57 6368.76 4890.49 6386.86 4893.82 6412.72 4907.24 6406.28
8 2536.78 958.53 2535.03 960.02 2513.65 962.20 2524.01 935.68 2500.77 956.06 2518.34 911.27 2579.57 882.39 2575.89 904.36
10 2656.03 2196.13 2552.25 2197.68 2575.15 2181.09 2541.82 2184.71 2533.05 2133.78 2570.14 2100.76 2574.51 2092.73 2629.38 2119.74 2648.70 2099.53 2647.22 2139.75
6 238.39 450.91 185.04 467.88 204.14 420.64 230.33 424.05 246.98 396.76 244.44 429.24
13 829.47 2135.37 804.89 2131.12 820.00 2143.28 802.38 2136.69 803.52 2171.94 788.06 2158.54 787.86 2147.27 764.30 2153.76 771.36 2120.68 755.46 2117.64 769.23 2114.37 753.14 2102.17 802.70 2108.76
7 3140.02 2744.34 3149.39 2764.53 3136.48 2755.15 3116.90 2739.46 3110.78 2737.25 3118.96 2733.33 3142.39 2730.54
12 2185.29 2149.35 2145.66 2153.21 2128.72 2165.41 2111.71 2184.95 2116.46 2141.14 2101.50 2069.19 2131.37 2101.92 2146.18 2047.99 2150.91 2047.31 2147.08 2105.61 2150.77 2101.42 2169.19 2075.54
12 3424.61 5305.34 3410.70 5308.10 3426.61 5336.97 3404.83 5319.52 3392.71 5339.16 3393.53 5312.27 3392.29 5312.30 3372.72 5329.80 3376.85 5322.70 3379.25 5263.67 3409.33 5279.25 3424.10 5267.67
11 3901.88 4701.66 3891.03 4723.06 3854.83 4706.95 3854.12 4706.01 3833.52 4704.67 3846.13 4698.86 3847.02 4677.88 3852.81 4675.95 3872.59 4677.72 3882.78 4675.26 3872.44 4690.42
10 3032.95 4548.22 3025.81 4551.07 3031.46 4558.90 3035.29 4576.67 2990.22 4547.57 2982.59 4459.43 3009.50 4519.61 3045.11 4500.08 3044.12 4506.19 3050.24 4528.69
12 5758.52 359.36 5742.10 358.39 5748.08 368.57 5740.26 371.12 5719.93 376.82 5717.06 380.96 5714.29 381.70 5723.47 355.46 5700.91 342.04 5708.08 338.68 5744.22 319.05 5741.25 336.46
11 4717.19 4194.11 4711.82 4204.84 4693.74 4184.12 4678.82 4185.66 4680.41 4173.96 4692.54 4168.21 4702.28 4171.74 4677.96 4160.40 4696.76 4167.68 4695.80 4151.53 4758.12 4166.36
14 3769.86 3314.89 3743.25 3315.02 3732.28 3343.28 3719.55 3319.56 3665.85 3297.38 3694.15 3285.16 3705.42 3279.23 3671.08 3270.86 3711.65 3257.64 3747.99 3213.31 3778.17 3231.40 3789.56 3251.14 3755.92 3272.20 3749.67 3273.01
14 2450.09 2345.63 2458.42 2384.77 2444.52 2361.42 2392.13 2367.79 2420.87 2341.96 2417.57 2340.50 2404.59 2328.14 2393.76 2326.10 2395.19 2325.34 2422.09 2323.23 2438.03 2308.47 2446.62 2306.42 2493.27 2304.48 2460.70 2329.39
7 1176.94 1063.94 1210.30 1076.87 1158.06 1129.70 1156.00 1108.52 1128.71 1080.60 1103.71 1055.52 1140.95 1000.57
15 5248.70 4371.46 5245.12 4381.25 5250.29 4405.18 5233.68 4390.82 5198.93 4419.43 5201.95 4357.68 5171.53 4348.15 5213.46 4349.06 5193.57 4335.36 5224.29 4320.92 5227.70 4336.62 5243.31 4290.86 5245.76 4311.46 5288.21 4310.50 5300.17 4329.69
5 2683.88 306.56 2685.63 297.68 2683.23 297.03 2690.83 280.40 2724.29 295.21
6 2798.61 821.74 2810.95 693.27 2820.29 706.06 2818.00 725.88 2862.59 719.16 2810.84 749.45
13 5708.54 1182.89 5694.93 1179.65 5697.73 1207.01 5687.08 1176.69 5682.03 1215.92 5671.00 1162.92 5670.93 1154.35 5646.59 1133.47 5676.82 1154.19 5689.03 1113.15 5702.25 1115.91 5699.90 1132.98 5711.35 1133.73
10 7461.34 4236.58 7452.35 4240.83 7457.67 4242.79 7451.87 4267.61 7442.72 4272.22 7429.22 4246.44 7414.62 4243.62 7411.25 4232.59 7407.94 4207.40 7430.07 4226.02
6 7423.63 6801.13 7392.80 6828.92 7336.95 6821.28 7305.86 6807.07 7344.25 6775.59 7391.65 6778.97
9 3515.04 3314.42 3544.29 3323.87 3523.43 3350.85 3515.78 3353.26 3457.49 3317.17 3485.38 3290.56 3488.40 3285.28 3524.93 3269.64 3511.03 3284.26
5 3925.61 3990.25 3867.22 4007.16 3866.36 3999.55 3851.38 3943.74 3922.52 3937.87
15 1883.46 911.40 1849.12 914.01 1846.73 928.58 1825.96 924.33 1804.42 929.53 1787.61 919.21 1784.26 920.27 1794.34 883.13 1778.80 873.63 1817.07 890.31 1821.21 868.22 1831.45 839.82 1833.93 849.16 1891.94 890.29 1868.23 893.54
9 5913.84 486.38 5849.32 507.35 5831.22 522.29 5840.01 496.30 5849.19 477.61 5812.64 437.88 5833.53 441.05 5839.07 438.14 5894.28 430.95
9 6242.69 2299.34 6242.80 2302.94 6230.15 2324.40 6210.60 2290.72 6214.68 2287.43 6201.30 2269.39 6235.46 2270.49 6239.81 2257.23 6246.12 2249.06
9 6176.47 3398.85 6170.85 3395.86 6171.45 3410.53 6141.05 3385.22 6139.81 3376.75 6133.80 3372.42 6129.83 3333.97 6139.25 3348.52 6184.60 3356.46
7 4981.94 2366.06 4941.31 2368.65 4934.35 2359.37 4943.75 2341.95 4942.86 2336.67 4972.14 2335.59 4998.28 2331.57
9 5647.50 1081.50 5615.93 1138.66 5606.35 1145.40 5585.37 1167.54 5512.41 1061.40 5546.31 1063.89 5544.01 1036.25 5586.74 1020.94 5649.21 1011.83
11 2476.01 4513.48 2414.84 4522.68 2475.25 4500.85 2472.23 4496.37 2443.05 4488.00 2474.07 4489.38 2418.00 4460.82 2471.15 4484.13 2499.15 4468.22 2544.45 4430.92 2515.44 4481.35
14 6765.68 7133.75 6722.05 7160.46 6709.95 7177.38 6701.02 7154.28 6677.48 7171.70 6688.56 7152.36 6655.80 7141.58 6672.55 7107.48 6702.94 7098.43 6710.74 7100.55 6727.00 7064.56 6769.01 7104.41 6747.85 7114.88 6784.11 7109.03
6 2020.27 795.69 1994.30 833.05 1970.82 818.72 1977.71 785.67 1995.54 760.10 2009.32 743.57
12 5971.63 911.42 5950.17 909.27 5929.60 946.87 5924.14 939.70 5904.60 953.82 5911.23 915.70 5905.33 877.61 5924.70 863.57 5933.57 868.87 5940.50 857.56 5960.80 865.69 5934.03 900.39
11 5030.73 1869.09 5013.56 1905.08 4991.79 1891.79 4977.51 1868.16 4986.71 1860.35 4985.78 1855.62 5006.79 1846.05 5021.43 1837.75 5024.71 1838.01 5023.64 1852.66 5048.90 1842.75
14 1139.47 729.26 1106.80 734.37 1096.84 750.95 1101.94 723.67 1080.89 738.92 1080.36 735.31 1053.11 729.28 1068.37 717.20 1065.30 712.30 1066.06 703.15 1094.37 700.35 1069.00 689.67 1092.21 652.19 1112.26 675.32
13 1880.36 6729.05 1855.57 6723.89 1828.81 6762.45 1818.15 6771.51 1818.27 6753.91 1812.46 6738.87 1795.98 6720.47 1791.74 6693.84 1778.83 6689.23 1775.95 6683.35 1792.88 6667.65 1811.18 6685.90 1808.59 6668.32
8 764.47 3040.06 693.78 3069.50 695.34 3061.86 678.91 3009.22 698.20 3014.55 695.03 2991.13 702.32 2998.60 734.04 3031.07
8 6009.02 7172.85 5983.50 7193.26 5922.87 7201.07 5908.45 7143.19 5951.18 7135.87 5956.60 7150.77 5957.58 7154.06 5998.32 7151.32
12 1509.35 3502.36 1467.09 3507.44 1405.99 3511.70 1410.15 3504.32 1410.42 3476.94 1419.11 3476.96 1439.06 3474.33 1471.55 3426.81 1468.55 3458.15 1487.33 3462.89 1485.29 3466.28 1518.26 3454.63
5 655.56 4821.45 593.66 4820.14 557.89 4753.00 625.72 4753.44 672.16 4771.42
5 1508.62 481.64 1501.91 486.91 1478.52 491.20 1440.25 479.67 1422.27 460.77
9 2530.49 686.22 2538.96 705.35 2489.67 680.53 2477.42 653.38 2441.39 627.41 2463.09 607.52 2526.56 606.12 2510.25 650.41 2538.19 655.40
7 3489.76 7349.94 3472.93 7317.09 3458.05 7311.04 3455.18 7260.66 3461.98 7262.74 3482.49 7260.83 3522.32 7296.72
11 4005.56 1298.54 3992.85 1313.78 3990.40 1292.96 3963.04 1280.26 3977.77 1272.43 3985.65 1269.73 3996.86 1269.96 4013.94 1240.00 4016.18 1255.49 4039.24 1257.53 4024.83 1276.60
5 4042.47 3764.34 4007.77 3779.31 3976.87 3773.07 3985.97 3764.39 4017.65 3742.49
10 7107.33 4494.17 7100.16 4502.50 7083.75 4524.96 7064.93 4508.02 7049.54 4473.19 7070.20 4472.57 7063.96 4454.55 7107.47 4458.11 7138.51 4432.51 7098.94 4478.23
7 799.37 5028.65 791.70 5061.88 762.33 4999.53 758.84 4981.46 790.14 4984.63 819.81 4950.30 828.38 4988.30
11 6044.11 2286.86 5979.55 2328.35 5969.12 2319.92 5971.18 2287.82 5954.37 2256.32 5960.41 2246.85 5962.04 2209.58 5958.35 2173.07 5975.84 2226.65 6026.06 2226.08 6041.95 2235.56
8 2558.40 3279.97 2537.20 3304.94 2533.49 3307.29 2491.98 3311.31 2494.88 3275.04 2494.05 3244.81 2533.70 3239.80 2545.13 3265.30
13 4309.04 4993.21 4298.25 5007.72 4307.18 5045.81 4288.76 5021.05 4260.20 5007.42 4255.33 5000.40 4254.33 4999.48 4255.53 4969.73 4276.18 4930.51 4319.66 4945.36 4324.28 4958.58 4336.76 4962.85 4301.35 4982.13
5 548.81 5381.68 547.19 5312.89 521.18 5287.15 612.10 5286.30 641.66 5304.23
9 6126.57 1426.82 6131.11 1447.21 6105.58 1465.04 6084.52 1466.90 6081.04 1383.23 6103.57 1399.77 6107.14 1397.76 6108.98 1413.96 6132.03 1398.71
7 4630.30 4050.60 4602.15 4067.94 4600.16 4087.22 4582.75 4073.32 4559.99 4008.62 4647.51 3994.05 4620.23 4031.01
6 3980.35 5622.22 3936.40 5638.08 3927.79 5646.35 3917.91 5589.14 3950.56 5595.75 3945.01 5615.89
14 4942.51 1214.18 4910.81 1267.47 4898.09 1226.05 4882.98 1201.68 4864.34 1190.83 4871.59 1192.52 4885.63 1191.33 4875.01 1172.16 4902.67 1156.40 4909.91 1172.18 4946.47 1160.78 4939.78 1198.44 4972.51 1198.05 4942.29 1203.93
12 391.86 2670.59 333.65 2727.77 267.53 2648.30 287.87 2639.94 293.74 2642.02 268.14 2611.15 300.16 2619.23 300.87 2609.14 358.65 2581.06 340.32 2625.99 349.47 2632.08 367.07 2623.89
5 5972.67 1522.62 5916.55 1505.03 5936.82 1506.37 5961.22 1506.35 5982.38 1505.22
10 3779.93 4458.74 3769.14 4464.29 3762.30 4465.75 3755.27 4476.03 3756.75 4461.40 3734.13 4476.44 3722.80 4429.73 3750.55 4438.43 3782.08 4428.18 3793.81 4429.02
7 5708.89 4107.57 5667.13 4105.76 5689.09 4086.82 5655.49 4073.48 5673.64 4048.46 5711.11 4067.49 5756.37 4062.53
10 232.53 2829.20 226.44 2829.79 185.37 2844.38 140.24 2896.13 156.25 2862.60 138.78 2856.67 104.63 2839.27 157.36 2802.39 193.04 2749.48 258.75 2794.05
6 2232.45 6633.97 2225.24 6636.35 2213.53 6687.58 2138.03 6584.27 2200.51 6572.20 2216.73 6568.21
13 4813.82 1189.37 4844.47 1221.61 4764.05 1256.04 4763.94 1219.80 4746.82 1239.51 4732.49 1226.03 4725.64 1228.09 4740.63 1209.49 4720.67 1218.66 4736.50 1121.62 4784.20 1147.24 4827.88 1116.81 4823.82 1167.34
8 3352.79 4951.03 3355.41 4956.32 3338.97 4957.17 3324.17 4987.79 3322.09 4969.38 3306.16 4950.15 3303.33 4939.18 3347.11 4931.59
8 3160.05 7221.13 3137.28 7246.71 3117.26 7249.18 3075.67 7272.19 3086.26 7255.45 3100.15 7231.54 3120.71 7205.13 3117.20 7181.37
7 1662.92 4925.02 1690.87 4937.01 1650.92 4974.81 1592.10 4950.78 1580.91 4902.11 1618.04 4875.36 1631.10 4896.17
13 6723.99 3798.60 6688.15 3794.40 6705.09 3841.54 6657.36 3798.77 6622.95 3855.66 6619.07 3854.17 6632.46 3796.87 6610.46 3768.86 6607.17 3747.08 6598.85 3739.01 6620.47 3748.24 6689.90 3773.62 6714.22 3772.25
12 5733.04 6164.45 5698.64 6131.91 5695.01 6140.35 5691.15 6122.54 5675.65 6113.23 5645.98 6089.47 5629.87 6080.42 5641.36 6079.17 5683.28 6085.35 5718.80 6068.53 5723.32 6058.33 5737.69 6035.71
11 5651.76 5563.32 5638.20 5590.74 5629.79 5604.36 5632.45 5629.81 5597.51 5584.95 5559.77 5520.48 5571.98 5515.50 5628.77 5476.32 5660.26 5492.50 5661.72 5533.04 5670.77 5548.85
14 3550.47 4121.13 3529.09 4106.40 3523.70 4167.58 3514.57 4136.70 3502.29 4104.49 3459.18 4103.07 3499.56 4084.61 3452.08 4075.89 3474.25 4058.72 3476.62 4058.76 3519.62 4064.88 3536.72 4072.80 3573.97 4033.35 3586.29 4052.15
6 2203.19 3999.10 2170.32 4009.38 2164.09 3955.55 2196.04 3960.22 2217.43 3950.71 2195.12 3976.90
15 4459.85 3254.63 4462.41 3256.55 4415.94 3268.03 4412.96 3253.54 4407.02 3254.78 4414.76 3244.89 4385.40 3250.07 4385.54 3244.78 4402.07 3218.76 4418.84 3223.93 4421.92 3203.89 4432.91 3200.41 4432.50 3209.87 4446.43 3215.55 4435.43 3235.63
10 6857.94 2627.57 6869.06 2655.46 6848.61 2662.83 6759.81 2651.31 6768.31 2625.65 6791.74 2614.92 6792.31 2571.08 6812.68 2565.45 6819.07 2556.07 6858.72 2581.43
12 6453.45 3227.76 6478.76 3253.62 6423.48 3258.16 6401.49 3234.81 6393.79 3237.44 6399.67 3225.10 6414.25 3208.94 6411.91 3198.41 6442.08 3186.90 6448.32 3165.36 6463.26 3197.28 6508.11 3197.69
14 6109.75 4465.96 6125.89 4484.63 6116.23 4481.52 6088.46 4479.70 6052.45 4445.43 6078.83 4451.24 6080.76 4438.78 6083.05 4418.40 6083.08 4415.18 6087.23 4436.39 6089.87 4424.90 6104.67 4448.96 6101.35 4456.26 6121.04 4461.09
5 6444.15 6766.92 6440.16 6774.55 6409.13 6760.53 6430.83 6722.90 6445.96 6758.70
10 4689.39 1593.24 4688.77 1610.23 4679.25 1592.28 4668.55 1583.92 4664.02 1588.60 4651.81 1570.83 4655.72 1555.33 4646.58 1514.09 4662.62 1520.09 4714.68 1522.39
7 3259.57 2478.55 3232.76 2460.57 3219.65 2447.91 3220.33 2436.94 3204.38 2413.41 3227.84 2369.26 3248.02 2389.63
11 191.47 1401.43 168.84 1441.12 169.76 1414.51 155.58 1420.49 142.67 1418.73 144.89 1403.05 158.54 1391.34 158.33 1376.01 158.70 1373.07 198.26 1367.52 198.98 1393.89
7 7196.49 379.88 7166.37 374.63 7186.28 420.46 7144.84 326.98 7177.87 335.17 7193.55 328.34 7193.18 359.67
6 6844.13 3474.44 6781.57 3430.70 6775.08 3398.94 6830.20 3402.00 6803.81 3435.79 6823.25 3439.41
8 3056.74 7078.30 3039.37 7087.50 3019.86 7104.88 2992.68 7070.01 2981.55 7061.29 2974.88 7058.95 2976.18 7053.31 3063.36 7043.74
12 2262.58 1940.52 2242.16 1962.59 2232.19 1964.81 2200.63 1961.80 2183.93 1975.90 2151.05 1916.64 2199.26 1902.54 2207.91 1865.62 2222.86 1907.75 2232.93 1908.03 2253.46 1892.38 2267.55 1919.64
8 2735.65 4594.79 2706.58 4572.23 2685.41 4562.44 2693.96 4539.31 2667.73 4519.08 2700.06 4522.51 2711.73 4502.86 2722.33 4490.05
12 223.33 676.65 208.71 675.90 189.80 629.60 208.93 612.99 193.90 594.72 200.54 575.09 208.00 528.86 229.81 544.76 273.68 524.01 293.41 542.02 284.19 565.53 308.48 596.42
14 1333.43 2774.41 1320.08 2775.89 1288.94 2784.31 1280.31 2777.02 1227.16 2802.52 1231.56 2783.63 1242.18 2770.53 1237.50 2768.04 1250.25 2760.06 1225.18 2748.92 1257.82 2755.81 1230.60 2718.53 1267.20 2748.95 1299.10 2755.19
13 1324.91 4624.52 1304.53 4633.75 1298.86 4623.61 1281.41 4632.88 1279.05 4613.24 1270.75 4581.74 1287.21 4578.28 1284.05 4534.52 1322.61 4555.89 1343.17 4544.56 1339.35 4555.78 1358.34 4548.18 1338.52 4576.02
11 1619.13 5633.19 1652.24 5650.86 1636.40 5668.12 1609.96 5646.39 1608.72 5653.71 1577.90 5652.75 1561.37 5637.80 1600.01 5621.31 1597.53 5597.44 1617.92 5596.91 1626.36 5603.29
9 7037.66 6943.84 6997.96 6947.11 6970.71 6987.03 6959.44 6949.60 6934.13 6923.87 6960.50 6923.25 6963.60 6903.15 7038.17 6878.76 7059.33 6916.01
11 909.64 3770.80 904.27 3789.20 888.30 3739.45 899.21 3739.69 890.39 3718.59 894.34 3723.42 894.25 3723.07 894.46 3717.30 909.93 3734.15 927.44 3736.38 929.45 3742.57
11 5635.25 4728.79 5625.28 4724.70 5592.92 4736.61 5585.27 4732.82 5587.63 4684.88 5586.30 4675.29 5615.07 4676.88 5635.95 4688.22 5641.32 4684.91 5655.46 4695.88 5661.11 4712.84
13 5089.18 6387.59 5073.99 6408.80 5054.19 6427.57 5051.38 6388.14 5034.79 6419.65 5042.54 6399.13 5019.15 6384.14 5002.31 6377.09 5032.08 6338.79 5057.68 6339.86 5065.06 6358.08 5080.94 6336.31 5078.99 6366.12
7 6243.43 1522.70 6184.10 1513.08 6168.77 1481.78 6192.90 1475.73 6191.45 1469.02 6207.99 1473.17 6227.95 1458.83
12 2538.17 3530.60 2549.31 3549.87 2555.87 3575.53 2532.80 3600.40 2520.44 3580.91 2440.79 3497.77 2506.39 3483.00 2531.46 3464.70 2521.04 3507.83 2521.93 3506.24 2525.32 3516.43 2581.88 3499.03
6 4776.19 7425.45 4717.58 7393.71 4737.13 7398.03 4740.00 7387.41 4755.86 7392.04 4773.82 7385.15
12 2153.39 5408.80 2139.94 5429.21 2116.48 5407.71 2107.38 5403.50 2090.58 5404.96 2124.18 5381.13 2130.00 5368.44 2138.65 5365.44 2159.48 5344.68 2203.71 5320.96 2169.64 5365.24 2190.56 5363.26
9 6622.83 6445.72 6597.36 6453.77 6549.57 6499.03 6574.06 6451.84 6520.33 6430.49 6520.94 6414.16 6531.76 6384.08 6544.11 6388.37 6621.64 6376.45
11 5717.94 4332.30 5695.97 4342.94 5690.71 4352.71 5674.53 4352.28 5686.19 4334.12 5658.62 4321.00 5673.68 4316.81 5674.27 4316.88 5680.39 4319.35 5683.75 4306.42 5719.78 4316.06
11 6809.69 5775.68 6777.70 5778.53 6802.70 5793.57 6764.14 5781.73 6727.85 5808.26 6717.60 5752.86 6686.18 5741.91 6734.60 5704.62 6782.56 5741.60 6764.79 5749.95 6788.59 5755.20
11 6340.98 4688.15 6349.80 4712.30 6293.79 4724.47 6287.23 4663.50 6273.14 4651.02 6295.78 4663.17 6295.40 4657.19 6297.45 4652.32 6311.53 4623.97 6341.48 4640.37 6351.33 4648.88
14 3421.82 7436.24 3422.67 7442.14 3425.18 7446.43 3418.95 7445.36 3449.49 7482.98 3388.61 7498.29 3354.92 7459.78 3332.34 7449.71 3360.43 7428.96 3345.20 7396.03 3372.17 7400.82 3403.93 7358.30 3449.45 7350.47 3419.90 7418.07
12 5669.35 4905.18 5667.00 4914.58 5666.96 4921.29 5651.17 4908.84 5633.17 4890.06 5634.43 4884.38 5642.99 4878.38 5646.61 4874.42 5646.58 4853.51 5664.71 4867.06 5659.51 4875.17 5681.59 4865.86
13 4253.77 5989.81 4280.48 5994.65 4265.64 5995.71 4254.11 5994.09 4253.20 5997.48 4240.31 6024.90 4234.98 6023.01 4198.77 6019.62 4187.12 5979.57 4218.52 5985.07 4252.80 5964.09 4239.82 5981.65 4265.07 5955.24
8 461.83 493.94 466.95 501.66 470.03 511.40 417.88 469.59 432.29 446.38 442.87 439.23 438.68 470.01 451.54 472.98
11 3152.46 3169.58 3102.50 3209.15 3075.70 3186.80 3105.54 3165.13 3070.60 3167.58 3097.15 3128.55 3114.28 3142.29 3123.07 3139.74 3152.34 3108.38 3143.85 3153.77 3171.55 3154.99
12 7123.63 6811.04 7095.92 6831.51 7067.00 6846.73 7058.38 6837.03 7061.02 6825.23 7053.34 6808.70 7032.66 6802.94 7048.60 6795.62 7067.97 6744.18 7079.47 6780.65 7119.69 6787.62 7100.19 6792.97
10 3863.95 5021.40 3834.65 5056.91 3827.75 5005.01 3763.70 5014.01 3803.55 4959.06 3800.11 4947.98 3797.42 4915.57 3850.00 4937.06 3894.05 4942.07 3889.83 4976.55
8 5108.10 2544.48 5077.13 2579.67 5039.18 2588.18 5033.61 2531.46 5030.64 2527.19 5018.17 2504.52 5032.14 2477.36 5034.63 2442.09
7 6880.30 3331.71 6849.76 3363.78 6828.24 3347.62 6818.05 3354.40 6819.16 3314.98 6831.14 3313.88 6850.08 3293.50
15 5635.81 3606.01 5611.41 3572.21 5599.00 3593.16 5595.58 3592.23 5600.16 3578.84 5566.45 3591.65 5577.29 3580.95 5602.83 3540.87 5592.80 3515.39 5612.74 3542.08 5617.59 3522.80 5622.35 3514.44 5643.40 3516.99 5666.45 3521.63 5630.02 3546.73
