Medium_200_C
248.12 3249.35
4408.05 5742.73
4 0.00 0.00 6000.00 0.00 6000.00 6000.00 0.00 6000.00
200
13 4864.60 5046.56 4841.00 5024.43 4843.44 5069.17 4791.02 5047.55 4798.48 5013.15 4792.07 4989.16 4762.54 4949.22 4807.15 4936.63 4823.31 4926.12 4856.41 4917.40 4843.93 4977.18 4883.49 4956.71 4904.35 4986.98
11 4274.25 5349.26 4250.06 5321.48 4259.72 5344.89 4252.93 5344.61 4220.32 5350.02 4226.14 5331.96 4212.01 5343.98 4219.39 5322.84 4197.98 5304.70 4238.35 5274.56 4249.07 5298.83
12 3790.60 2468.16 3793.80 2479.20 3766.94 2468.71 3776.14 2479.36 3736.27 2486.42 3736.52 2473.48 3733.33 2471.50 3706.94 2440.77 3721.74 2419.00 3744.19 2450.40 3776.57 2428.31 3770.45 2446.85
7 4609.66 2396.17 4587.10 2402.24 4575.81 2395.64 4568.52 2362.18 4581.53 2354.62 4597.53 2339.60 4615.09 2356.91
11 3726.35 4405.09 3711.29 4394.18 3724.15 4415.48 3682.36 4418.86 3676.15 4420.55 3670.60 4387.21 3656.43 4378.93 3686.21 4353.68 3699.14 4338.80 3705.46 4360.64 3710.93 4374.05
15 4623.58 407.09 4631.34 425.87 4616.52 413.60 4619.09 420.23 4614.98 413.99 4600.47 430.89 4597.74 422.34 4599.26 408.39 4595.78 403.26 4600.78 392.98 4586.26 378.53 4594.52 379.22 4618.05 369.29 4641.31 379.63 4624.65 397.47
12 892.88 350.65 906.02 387.54 885.59 358.72 869.41 385.61 864.59 361.35 846.46 346.99 832.10 343.36 830.51 312.85 907.23 263.15 898.39 306.86 917.07 297.90 911.23 305.44
11 4979.56 3562.09 4970.71 3586.09 4962.09 3568.74 4973.09 3594.42 4952.29 3583.30 4951.76 3576.34 4904.31 3540.57 4934.08 3537.99 4993.79 3521.50 4984.04 3534.25 4998.03 3548.01
8 3529.92 2881.35 3512.61 2881.13 3515.90 2878.42 3490.35 2853.82 3509.39 2856.23 3553.17 2845.84 3545.95 2867.62 3542.58 2872.27
15 3523.01 2614.87 3552.95 2632.06 3549.23 2658.80 3534.63 2649.22 3543.49 2662.02 3544.25 2665.56 3485.16 2631.26 3461.57 2678.47 3454.18 2662.77 3416.21 2632.54 3423.44 2602.16 3449.80 2579.19 3451.48 2580.45 3455.14 2566.62 3466.20 2530.40
7 664.82 3630.65 663.19 3634.61 613.72 3594.81 626.07 3601.14 643.41 3594.51 646.84 3599.94 681.06 3573.06
14 1173.80 4193.33 1186.29 4216.76 1173.72 4216.23 1161.87 4194.94 1160.61 4195.25 1151.17 4204.72 1140.45 4215.60 1118.97 4171.42 1123.71 4165.68 1138.88 4169.90 1148.90 4166.08 1182.40 4164.04 1182.84 4168.90 1199.53 4176.07
14 831.40 176.60 814.78 176.94 830.57 198.10 801.88 201.95 788.54 197.56 788.93 187.33 763.19 185.64 765.92 172.98 760.53 151.19 778.88 129.15 803.98 117.31 800.97 148.12 825.35 126.57 838.68 140.74
12 3189.06 4400.07 3182.03 4447.64 3182.82 4422.96 3173.58 4407.45 3136.85 4423.80 3148.13 4401.08 3169.90 4389.11 3117.41 4392.11 3158.80 4375.10 3185.92 4364.97 3216.57 4340.29 3204.52 4379.67
10 2912.50 546.05 2911.75 590.63 2869.84 566.29 2864.98 569.42 2852.48 587.19 2852.98 613.50 2818.36 568.75 2810.28 531.68 2883.89 520.28 2894.02 546.00
7 3943.68 447.89 3943.19 449.95 3955.57 467.96 3940.33 456.89 3940.63 464.67 3902.29 440.34 3912.86 412.56
13 943.18 2338.74 963.30 2346.05 945.40 2343.63 942.26 2359.99 948.34 2383.19 923.02 2349.73 921.17 2349.43 905.98 2356.83 910.75 2333.84 916.82 2313.55 937.87 2303.85 940.35 2314.77 950.68 2324.21
10 5262.22 4378.00 5249.11 4400.43 5237.88 4399.41 5234.98 4405.81 5230.85 4395.45 5215.79 4371.87 5230.18 4365.51 5228.23 4354.77 5232.54 4365.00 5252.35 4364.65
9 4962.69 2478.54 4910.35 2506.86 4939.15 2464.68 4894.98 2454.57 4940.81 2446.87 4896.66 2415.45 4934.71 2437.41 4969.07 2405.81 5034.77 2440.39
8 5757.62 3286.42 5766.99 3300.39 5655.76 3302.44 5673.58 3286.44 5648.04 3292.11 5644.66 3289.78 5622.78 3255.72 5702.23 3249.95
8 1179.22 4935.76 1185.92 4958.88 1184.72 4961.81 1033.76 4908.49 1043.78 4899.62 1082.75 4884.69 1074.70 4854.40 1107.47 4879.64
12 5331.67 5257.47 5316.27 5263.62 5301.22 5267.65 5306.87 5279.31 5302.98 5280.26 5284.12 5280.73 5269.03 5244.52 5260.64 5240.28 5255.31 5210.33 5285.34 5227.07 5283.49 5193.44 5306.34 5214.67
11 3365.63 3651.42 3282.05 3672.23 3271.14 3682.32 3296.60 3647.29 3287.67 3657.23 3266.59 3651.83 3251.69 3627.14 3289.84 3579.14 3311.54 3552.55 3330.36 3593.90 3326.81 3603.78
8 3109.80 3281.58 3047.89 3340.40 3069.45 3304.24 3070.40 3264.35 3034.71 3235.47 3070.53 3211.94 3129.91 3239.81 3139.91 3249.62
8 3322.24 1818.93 3296.90 1818.17 3278.90 1829.05 3256.23 1807.97 3250.00 1801.97 3262.37 1789.13 3284.00 1779.76 3318.16 1807.73
12 1663.00 3655.11 1661.15 3697.23 1666.67 3718.14 1636.66 3703.78 1608.35 3659.33 1604.59 3640.07 1603.95 3638.60 1575.13 3621.37 1590.81 3616.04 1576.79 3598.80 1590.28 3586.01 1704.01 3624.01
11 248.13 1955.46 214.59 1941.37 150.13 1984.21 140.20 1923.77 117.88 1899.56 145.73 1899.41 173.36 1879.55 179.70 1875.15 182.97 1853.89 230.36 1905.29 228.09 1918.17
7 1387.03 3559.34 1363.49 3579.72 1336.27 3546.70 1316.21 3542.46 1263.21 3534.20 1362.94 3484.52 1376.66 3502.96
9 3950.07 4266.85 3925.42 4265.81 3922.38 4233.07 3896.14 4244.46 3899.91 4165.44 3904.51 4163.46 3930.90 4175.53 3939.72 4184.23 4019.88 4185.61
6 5501.17 206.96 5485.66 215.20 5479.96 210.16 5477.37 177.52 5480.73 173.98 5468.40 148.95
8 2741.82 3379.03 2710.88 3372.69 2714.02 3363.33 2718.21 3341.58 2721.15 3338.32 2721.70 3336.94 2774.06 3334.24 2764.54 3348.78
15 3121.05 3726.66 3069.30 3768.02 3047.82 3770.96 3041.94 3770.17 3035.37 3761.00 2989.25 3752.07 3006.22 3730.88 2956.46 3755.23 2964.88 3733.45 2937.72 3735.65 3011.89 3702.70 3005.64 3671.48 3074.85 3661.47 3050.97 3692.91 3096.63 3698.25
9 3926.13 1623.78 3912.82 1623.82 3926.73 1630.50 3945.83 1666.09 3805.25 1663.92 3826.32 1586.32 3862.43 1605.19 3865.12 1535.80 3866.55 1541.86
9 4485.35 1824.31 4435.19 1824.78 4412.15 1837.54 4405.88 1868.91 4395.44 1834.09 4378.45 1841.54 4354.33 1847.10 4380.91 1829.35 4428.52 1769.43
5 2080.22 4277.29 2063.97 4337.79 2056.51 4287.52 2068.46 4215.69 2140.53 4236.50
7 1123.81 1225.36 1113.52 1236.39 1034.49 1200.98 1081.55 1148.42 1085.41 1166.83 1082.92 1179.04 1111.87 1172.16
10 747.82 5760.99 700.83 5773.44 702.99 5720.71 728.43 5729.04 730.66 5679.41 751.26 5714.39 765.16 5683.79 778.28 5702.11 761.91 5724.93 781.35 5716.17
6 4095.67 3600.21 4045.40 3614.88 3999.82 3572.09 4019.88 3561.23 4126.76 3552.53 4112.17 3567.68
7 3230.56 2015.49 3206.66 2011.03 3202.96 1981.71 3195.09 1962.90 3220.62 1957.22 3233.37 1962.51 3254.24 1953.50
14 4666.35 1679.99 4685.02 1714.25 4669.61 1727.84 4631.97 1698.65 4597.45 1728.19 4614.90 1688.40 4587.77 1642.34 4590.83 1642.47 4608.73 1656.65 4591.09 1620.62 4616.10 1617.00 4643.55 1643.35 4653.15 1631.75 4658.00 1652.06
11 5792.02 5452.51 5768.31 5455.78 5762.25 5458.48 5728.00 5440.15 5725.87 5439.18 5789.07 5416.33 5807.47 5365.20 5818.02 5402.67 5845.01 5395.12 5885.14 5399.63 5841.10 5425.16
12 1219.13 948.14 1223.55 977.97 1227.00 998.14 1190.58 955.74 1166.83 957.14 1153.17 941.01 1121.59 896.02 1137.61 898.22 1178.50 909.79 1235.53 861.69 1248.39 899.75 1268.77 931.46
7 4809.42 4260.32 4776.11 4241.58 4756.76 4281.52 4754.42 4256.71 4787.24 4200.55 4810.86 4184.34 4800.08 4221.09
7 5217.65 5010.62 5213.87 5023.42 5155.94 5018.38 5150.53 4956.63 5148.32 4943.73 5165.85 4965.48 5187.73 4937.72
5 5472.55 2674.24 5378.20 2719.91 5343.00 2684.06 5355.91 2659.86 5501.05 2636.16
13 1276.48 4404.33 1244.96 4406.23 1260.75 4426.69 1236.14 4412.83 1225.68 4420.54 1223.08 4410.10 1226.83 4391.21 1233.06 4374.42 1233.85 4358.58 1238.79 4385.41 1244.02 4365.30 1247.22 4370.53 1276.18 4386.56
14 2720.61 1311.84 2698.25 1321.93 2692.43 1323.91 2692.59 1353.39 2678.01 1363.87 2642.81 1346.61 2637.15 1325.25 2625.11 1321.75 2663.95 1291.00 2670.97 1285.62 2675.47 1287.08 2689.11 1296.23 2711.70 1271.22 2693.97 1301.17
15 3433.61 4026.26 3418.29 4008.16 3383.37 4051.80 3395.53 4003.71 3396.94 4001.98 3377.23 3988.12 3394.48 3986.73 3397.03 3977.79 3399.77 3963.44 3395.24 3948.79 3427.75 3950.82 3428.11 3966.45 3428.05 3974.29 3431.50 3972.34 3435.05 3981.22
12 4229.96 5064.25 4224.80 5069.63 4219.95 5078.31 4216.24 5056.68 4204.91 5062.84 4207.22 5051.95 4206.33 5038.33 4199.22 5011.10 4209.53 5013.31 4213.82 5019.75 4239.69 5007.31 4242.26 5031.03
5 4880.56 3847.50 4825.33 3859.37 4769.15 3808.43 4866.03 3797.24 4856.35 3817.74
14 2504.21 4032.33 2495.00 4060.62 2421.54 4056.77 2402.41 4061.41 2424.23 4044.65 2417.12 4048.25 2403.94 4046.07 2397.23 4044.77 2390.80 4016.04 2400.90 3991.16 2422.34 3992.41 2444.11 4006.29 2458.34 3975.22 2468.50 4010.58
7 2921.91 4486.89 2865.97 4498.93 2859.68 4471.45 2832.11 4523.78 2810.17 4495.60 2917.28 4381.25 2891.75 4446.88
9 2441.57 3512.30 2416.31 3526.01 2392.80 3492.64 2393.99 3487.32 2402.73 3472.71 2412.19 3466.21 2440.71 3475.09 2445.19 3486.10 2450.54 3485.04
10 4944.32 904.10 4948.09 958.27 4934.97 938.41 4907.57 942.24 4912.16 916.38 4900.39 888.72 4911.72 894.11 4938.36 883.21 4950.23 881.65 4960.60 897.65
14 561.65 1621.34 551.46 1623.07 528.46 1620.66 510.94 1650.50 517.76 1626.10 513.34 1622.69 502.03 1615.74 488.83 1594.87 506.52 1588.10 518.18 1600.19 545.26 1590.34 542.22 1601.31 546.41 1602.08 545.46 1605.75
15 5468.82 1913.92 5461.99 1945.05 5443.90 1934.12 5442.19 1927.67 5442.68 1931.36 5428.85 1918.17 5393.98 1938.03 5386.78 1899.79 5394.23 1885.62 5407.56 1884.56 5428.37 1878.13 5430.62 1852.95 5443.55 1876.87 5449.50 1880.97 5499.37 1878.45
6 939.68 2747.13 919.17 2739.36 915.25 2729.63 918.43 2724.87 935.04 2712.87 955.23 2735.74
5 4590.08 2485.94 4545.33 2485.90 4559.40 2479.41 4576.31 2454.72 4576.43 2458.73
10 5850.80 4952.55 5805.31 4961.99 5791.31 4925.61 5790.70 4924.10 5786.44 4896.91 5806.92 4906.60 5810.58 4910.89 5832.27 4913.36 5849.94 4918.98 5830.33 4922.39
5 1546.41 328.40 1538.24 311.73 1454.45 325.87 1518.02 254.51 1563.75 281.58
11 2309.81 5813.71 2285.69 5805.79 2278.00 5811.47 2281.74 5777.82 2286.80 5776.45 2281.62 5762.44 2301.31 5746.50 2312.81 5746.29 2317.55 5747.69 2316.66 5763.18 2322.21 5754.36
7 3945.09 2468.31 3899.37 2472.26 3846.88 2493.03 3844.41 2400.59 3875.03 2374.97 3904.64 2414.41 3956.93 2385.07
13 5502.94 4375.87 5469.75 4422.16 5436.99 4438.99 5442.02 4390.64 5440.09 4381.83 5382.34 4399.47 5395.82 4387.39 5433.07 4359.62 5414.48 4349.63 5448.64 4338.83 5466.03 4338.40 5471.91 4310.20 5516.77 4369.53
8 217.81 5642.13 160.89 5648.60 173.12 5638.36 179.82 5632.85 152.32 5621.07 192.82 5599.24 188.73 5559.24 244.68 5617.42
14 2190.12 1933.35 2169.61 1965.91 2166.09 1982.41 2146.35 1996.92 2151.98 1964.44 2148.17 1935.68 2110.25 1951.32 2123.34 1936.77 2111.85 1923.40 2127.18 1887.75 2139.44 1850.67 2167.82 1886.76 2234.39 1879.67 2210.33 1913.70
9 1901.83 5577.22 1869.56 5583.68 1867.19 5589.24 1864.19 5567.16 1845.78 5556.88 1843.68 5545.63 1833.19 5545.58 1867.87 5507.26 1871.38 5519.27
11 5133.49 3192.18 5114.14 3189.47 5113.46 3194.52 5124.45 3216.98 5115.22 3210.18 5114.39 3215.47 5105.43 3203.58 5100.22 3228.36 5076.33 3186.46 5072.34 3170.46 5120.64 3146.96
9 1106.28 4823.71 1098.82 4838.94 1079.24 4811.58 1073.59 4812.30 1072.70 4812.36 1066.50 4808.19 1072.59 4780.66 1073.49 4780.37 1101.61 4784.62
5 4885.36 5174.50 4876.08 5180.02 4809.03 5189.47 4829.70 5130.80 4860.45 5123.48
9 2611.31 290.65 2608.83 318.31 2577.70 268.70 2583.97 215.79 2595.00 234.08 2601.08 246.06 2603.26 252.38 2624.58 213.86 2633.83 223.78
11 2575.00 2441.75 2561.38 2479.46 2562.13 2456.12 2536.96 2426.24 2553.04 2413.11 2552.60 2402.21 2560.93 2386.92 2618.62 2358.74 2603.48 2377.64 2637.33 2352.82 2604.69 2384.95
14 342.03 4450.11 311.21 4454.67 283.51 4455.45 261.90 4420.35 264.37 4407.80 263.88 4388.04 289.84 4397.50 336.90 4365.87 313.03 4411.74 320.08 4411.50 316.90 4414.62 337.84 4412.48 321.18 4423.29 359.34 4423.17
9 4889.98 4640.18 4866.95 4610.13 4864.72 4662.13 4850.07 4607.21 4797.72 4586.21 4833.67 4584.99 4770.55 4570.74 4845.08 4538.21 4896.52 4556.02
14 702.61 3911.65 722.13 3951.85 695.45 3954.76 671.75 3947.42 651.30 3962.95 646.06 3962.26 605.42 3883.21 637.98 3880.21 653.33 3861.45 648.34 3838.74 683.20 3880.93 756.78 3861.88 753.43 3875.28 702.33 3906.99
8 5399.65 3011.63 5362.23 3038.53 5372.84 2976.88 5318.28 2905.68 5363.43 2908.48 5416.24 2909.43 5431.90 2930.60 5450.95 2936.19
5 3660.00 1938.90 3636.51 1971.05 3639.69 1946.39 3605.96 1948.55 3641.67 1908.93
7 2668.20 2415.41 2664.79 2417.82 2645.18 2408.62 2661.78 2376.45 2670.32 2347.36 2678.12 2365.56 2680.45 2363.57
10 2315.61 1307.90 2301.23 1307.66 2281.44 1321.73 2275.97 1334.59 2234.65 1285.40 2251.65 1286.84 2278.25 1260.39 2307.30 1276.53 2332.65 1275.78 2332.37 1297.66
8 1194.86 2570.27 1193.98 2578.71 1159.33 2609.64 1166.30 2583.71 1170.64 2552.95 1176.34 2556.23 1179.35 2538.95 1198.41 2553.25
13 5095.27 1948.85 5066.13 1946.89 5041.59 1923.35 5031.21 1900.43 5026.07 1899.90 5018.99 1890.46 5069.63 1878.85 5061.65 1870.03 5063.13 1871.21 5113.45 1845.57 5106.17 1869.75 5117.09 1866.59 5111.57 1886.56
7 4358.21 1719.80 4323.39 1719.15 4286.26 1647.43 4272.85 1639.03 4288.94 1636.18 4356.75 1627.72 4347.97 1664.86
14 3156.68 2112.83 3147.54 2142.45 3127.76 2144.47 3109.81 2137.56 3104.60 2108.74 3088.97 2113.18 3103.12 2094.78 3100.32 2087.12 3108.82 2078.19 3101.89 2062.50 3125.51 2085.89 3117.95 2061.96 3128.22 2085.69 3175.48 2083.93
7 952.83 3414.61 937.90 3445.90 928.89 3432.70 926.71 3452.19 894.76 3426.20 892.80 3405.92 936.99 3406.05
13 2429.59 4165.60 2451.76 4175.72 2445.18 4181.25 2449.89 4213.89 2387.07 4172.96 2371.43 4173.26 2340.36 4157.32 2351.70 4131.71 2396.42 4121.89 2424.84 4125.35 2440.13 4102.98 2464.18 4119.73 2465.38 4119.02
14 1238.82 4679.98 1231.23 4690.26 1209.16 4715.25 1174.82 4662.13 1172.47 4694.53 1125.55 4662.16 1098.22 4667.76 1084.27 4657.90 1088.87 4636.44 1081.18 4634.03 1078.57 4629.99 1157.45 4573.82 1208.05 4603.14 1244.40 4617.42
7 1100.19 5477.35 1090.36 5474.42 1083.34 5477.11 1078.17 5465.79 1034.88 5472.54 1036.00 5459.62 1037.53 5439.12
13 5649.81 3450.54 5634.40 3496.72 5605.99 3504.71 5585.33 3504.77 5526.30 3427.04 5539.51 3426.56 5555.48 3423.53 5560.99 3406.10 5558.70 3383.57 5584.23 3396.42 5599.41 3407.22 5635.45 3401.78 5649.79 3417.89
9 5648.95 321.16 5614.43 318.57 5603.47 317.58 5581.95 326.74 5593.56 312.23 5603.18 310.16 5603.60 306.51 5631.41 293.33 5641.99 305.73
10 5787.24 1551.11 5753.49 1586.99 5708.41 1554.27 5665.37 1549.94 5664.44 1534.89 5699.70 1531.97 5716.64 1505.61 5736.31 1500.01 5747.14 1529.96 5765.38 1541.32
14 2355.02 4474.19 2351.58 4475.88 2336.49 4484.35 2335.02 4486.00 2283.82 4454.19 2262.73 4455.66 2296.38 4399.37 2317.91 4420.76 2324.80 4419.20 2328.44 4417.34 2330.58 4426.81 2348.13 4419.40 2327.66 4438.09 2350.42 4439.58
8 5141.41 2302.89 5151.25 2316.12 5074.16 2306.50 5092.05 2291.65 5102.34 2243.96 5125.14 2281.80 5159.38 2281.41 5129.30 2289.83
5 1058.97 3281.88 1034.61 3325.65 967.71 3293.00 1016.33 3212.93 1030.45 3223.17
6 767.54 3238.20 759.99 3229.91 745.69 3174.54 743.72 3170.49 766.47 3173.74 770.36 3172.34
6 4694.39 5019.10 4690.36 5053.39 4645.27 5031.55 4655.80 4997.03 4655.54 4975.18 4684.13 4966.42
10 1247.43 822.13 1267.77 844.35 1234.10 827.33 1254.10 858.78 1248.27 858.19 1182.46 807.27 1187.92 779.33 1228.38 757.29 1243.03 784.06 1229.91 798.26
10 2413.42 691.69 2418.64 708.69 2394.74 727.34 2336.19 686.15 2349.55 674.57 2325.13 655.52 2356.47 668.69 2377.14 651.55 2380.68 649.67 2383.82 656.71
7 4246.61 5230.43 4237.70 5179.63 4225.43 5193.92 4194.74 5206.39 4198.43 5187.27 4245.94 5142.79 4288.95 5137.90
7 4636.99 5305.64 4636.93 5307.52 4655.88 5357.19 4595.33 5342.56 4615.65 5257.38 4644.62 5287.50 4653.32 5287.62
14 4525.70 2256.83 4519.88 2283.66 4511.04 2254.93 4501.44 2244.55 4501.56 2244.30 4482.60 2231.84 4495.10 2229.57 4482.64 2206.74 4505.17 2223.17 4510.05 2230.08 4527.87 2204.43 4537.94 2217.14 4525.57 2229.73 4559.41 2232.75
13 946.24 5425.62 936.69 5423.05 913.59 5397.06 902.54 5376.76 947.78 5327.78 959.20 5366.23 974.28 5329.47 979.03 5352.25 977.33 5377.48 996.73 5370.01 989.64 5374.00 1021.02 5362.09 1019.46 5363.43
10 1190.91 4031.41 1196.93 4057.22 1174.25 4025.03 1174.69 4017.09 1147.14 4020.27 1137.33 4006.21 1131.44 3997.81 1144.17 3983.22 1158.72 3945.87 1207.34 3985.67
12 3906.56 5578.21 3891.06 5575.85 3918.56 5611.68 3881.01 5583.32 3897.23 5620.17 3871.65 5594.76 3858.23 5601.06 3786.07 5555.29 3849.45 5555.91 3829.91 5528.99 3910.27 5565.41 3919.54 5567.57
12 640.65 2708.23 623.54 2691.71 612.79 2714.46 610.01 2708.24 618.27 2690.91 604.19 2703.38 598.79 2688.21 599.34 2679.77 605.03 2674.96 628.43 2665.04 646.78 2669.56 654.22 2666.52
13 4864.53 3249.89 4830.69 3279.28 4832.89 3290.04 4832.99 3298.30 4831.52 3294.55 4793.65 3335.10 4780.59 3292.65 4736.03 3248.66 4762.41 3201.27 4761.92 3191.54 4819.15 3211.27 4836.75 3183.82 4872.04 3182.74
13 3580.70 4616.30 3543.67 4647.96 3527.19 4646.72 3543.11 4675.17 3514.82 4666.26 3497.58 4682.85 3477.30 4662.57 3450.79 4624.95 3461.68 4601.07 3454.72 4591.41 3465.33 4575.62 3473.01 4577.02 3533.00 4541.23
13 4553.71 3474.98 4553.70 3476.73 4559.73 3478.87 4576.34 3491.28 4580.53 3496.49 4551.83 3508.12 4543.43 3492.37 4533.20 3483.70 4506.04 3503.48 4518.80 3492.11 4508.27 3490.61 4496.12 3451.56 4539.48 3452.14
13 4121.28 2492.00 4131.79 2512.87 4097.96 2499.02 4073.78 2510.84 4094.10 2490.88 4078.96 2490.88 4082.30 2490.16 4095.70 2488.28 4075.63 2487.37 4096.26 2483.45 4089.52 2480.11 4097.31 2480.38 4141.73 2468.75
12 1154.87 3823.88 1196.41 3850.73 1148.17 3847.15 1113.23 3870.21 1121.78 3845.28 1121.96 3834.24 1105.02 3834.79 1071.27 3794.23 1087.71 3792.63 1133.90 3792.65 1145.62 3796.27 1191.70 3802.56
6 2121.76 1710.94 2094.61 1715.89 2045.17 1716.84 2066.03 1685.38 2077.34 1681.43 2077.10 1671.87
10 3727.92 2114.56 3734.03 2117.84 3699.40 2132.34 3663.40 2132.11 3633.65 2139.73 3642.74 2072.72 3680.95 2084.81 3720.08 2074.12 3724.08 2080.42 3746.20 2053.95
14 4041.54 4410.68 4013.02 4421.70 3935.63 4455.15 3933.36 4449.55 3903.47 4381.03 3866.28 4363.47 3925.72 4368.85 3924.73 4316.06 3939.13 4369.11 3968.56 4374.32 3992.01 4355.77 4012.39 4355.30 3972.90 4381.42 3977.47 4379.65
10 394.56 421.18 391.33 448.77 333.44 476.12 315.49 458.56 295.23 461.05 309.52 393.99 306.13 350.35 325.70 368.15 368.28 334.72 399.91 388.29
10 2381.01 3863.11 2386.80 3894.47 2372.78 3928.62 2320.92 3864.27 2274.48 3863.42 2356.19 3807.95 2387.47 3823.89 2422.68 3810.96 2394.62 3841.00 2383.93 3847.24
10 2297.05 5431.99 2284.35 5448.58 2276.07 5443.37 2273.32 5439.16 2251.66 5450.93 2255.58 5440.58 2231.45 5431.41 2258.71 5415.41 2244.15 5395.13 2295.95 5419.35
10 2354.39 1070.87 2354.33 1080.54 2336.33 1096.10 2301.79 1092.71 2317.85 1046.19 2309.18 1036.64 2327.69 1047.33 2339.07 1040.73 2348.56 1057.81 2379.10 1050.85
13 2432.58 5554.52 2395.65 5586.59 2385.74 5548.92 2405.81 5543.27 2407.23 5537.02 2392.98 5518.87 2408.86 5535.64 2416.47 5528.62 2423.79 5537.57 2426.95 5532.91 2431.96 5536.59 2432.98 5540.56 2461.98 5539.07
9 2433.09 4578.82 2405.95 4574.81 2382.57 4588.49 2375.44 4544.23 2374.58 4531.76 2394.76 4525.35 2450.00 4492.27 2481.74 4523.99 2474.59 4542.00
9 2821.93 2121.72 2815.07 2115.15 2808.68 2059.89 2785.18 2021.95 2813.99 2021.00 2812.45 2011.86 2820.87 2030.45 2862.11 2003.68 2869.37 2027.11
14 4531.81 4756.41 4509.94 4750.31 4493.45 4744.43 4515.85 4778.04 4407.75 4763.45 4407.70 4732.64 4424.68 4697.46 4439.93 4645.95 4441.98 4641.94 4471.56 4680.18 4493.36 4669.31 4510.25 4664.46 4499.63 4685.15 4525.74 4663.18
8 2896.24 2949.81 2905.73 2970.70 2881.78 2953.05 2886.67 2964.45 2882.28 2993.31 2837.04 2950.99 2905.53 2912.87 2900.95 2934.39
8 2067.28 1848.59 2062.23 1880.52 2047.33 1878.42 2042.57 1881.09 2017.25 1831.12 2012.14 1801.91 2065.42 1778.63 2077.90 1794.00
9 3197.79 3678.10 3200.34 3691.43 3136.19 3719.27 3170.04 3665.08 3119.19 3658.28 3183.59 3632.24 3170.98 3597.71 3206.17 3633.80 3230.57 3645.64
6 1729.80 805.94 1709.84 790.95 1688.38 769.81 1709.78 770.34 1714.38 755.97 1762.73 773.09
10 2250.09 4037.81 2229.98 4021.86 2220.57 4012.45 2213.78 4013.69 2193.30 4035.00 2182.06 4008.96 2167.84 3999.91 2179.73 3989.55 2179.11 3956.33 2252.07 3991.60
12 2085.33 4134.93 2056.26 4110.98 2046.86 4128.92 2008.03 4123.46 2039.74 4102.73 2023.43 4100.82 2039.14 4097.31 2034.60 4056.65 2050.78 4077.00 2063.05 4066.00 2077.11 4086.24 2091.55 4089.12
6 3001.94 264.10 3006.69 284.73 3008.41 288.35 3003.08 287.42 2992.33 288.95 2986.41 230.59
10 2521.56 5372.68 2510.88 5374.19 2502.40 5382.91 2485.07 5380.35 2457.72 5394.13 2469.91 5368.87 2458.54 5332.55 2476.53 5339.77 2485.46 5345.57 2499.04 5316.38
10 2758.23 2236.36 2762.66 2267.47 2731.34 2269.48 2716.10 2277.20 2679.20 2225.27 2724.01 2227.17 2719.59 2217.83 2748.25 2203.00 2801.52 2192.71 2775.82 2221.19
6 3416.31 2250.95 3411.01 2263.15 3401.87 2265.34 3388.76 2241.98 3364.69 2194.20 3373.32 2190.66
5 5003.23 3247.11 4971.42 3285.85 4943.14 3252.35 4972.22 3230.38 4976.23 3201.83
7 1676.69 5701.81 1629.87 5699.07 1581.61 5650.01 1589.28 5629.65 1631.34 5619.35 1645.70 5608.57 1690.28 5635.74
5 5768.98 5839.10 5724.13 5778.99 5776.25 5734.25 5807.93 5774.21 5819.91 5778.19
5 3215.37 4946.18 3208.24 4948.60 3214.29 4917.37 3212.13 4910.03 3242.61 4888.20
14 5605.14 1908.89 5577.36 1937.40 5570.74 1929.83 5564.89 1959.58 5556.75 1932.80 5557.71 1928.71 5514.02 1932.36 5540.55 1862.51 5550.72 1879.92 5546.90 1865.09 5555.61 1862.94 5562.14 1878.87 5580.01 1903.32 5607.47 1904.09
9 3327.37 786.53 3345.71 811.95 3268.57 813.82 3262.31 832.91 3267.90 787.01 3235.46 691.63 3237.55 674.96 3312.18 670.75 3357.54 668.71
6 4973.76 3703.90 4970.86 3727.23 4969.80 3728.64 4939.64 3716.63 4960.36 3647.69 4985.89 3674.70
12 2910.47 1159.82 2875.23 1180.72 2859.50 1128.04 2862.69 1120.47 2859.83 1097.70 2879.53 1111.60 2896.49 1122.17 2903.51 1121.72 2907.53 1125.81 2921.83 1125.98 2912.99 1132.34 2906.39 1144.37
11 4189.54 4371.30 4144.81 4389.34 4132.31 4383.21 4127.22 4419.01 4105.43 4418.53 4115.51 4377.58 4096.91 4391.33 4105.37 4368.34 4084.55 4370.34 4103.06 4364.81 4111.22 4341.63
12 3108.13 3598.22 3122.71 3613.19 3090.61 3598.83 3091.01 3606.22 3048.99 3623.92 3053.62 3596.66 3059.17 3592.83 3025.18 3595.20 3037.62 3573.90 3070.92 3575.39 3071.60 3565.16 3120.76 3559.96
14 1257.59 3876.18 1244.05 3884.46 1239.88 3886.65 1226.14 3872.38 1216.74 3875.46 1204.79 3878.90 1212.27 3865.16 1212.37 3865.09 1207.57 3856.79 1210.66 3848.80 1206.27 3837.36 1238.82 3843.28 1242.36 3844.06 1250.10 3840.34
9 5085.84 4597.93 5046.00 4599.95 5038.40 4594.27 5021.91 4567.38 5052.06 4517.44 5054.82 4530.81 5054.81 4522.67 5061.36 4520.02 5077.05 4496.45
14 174.49 4948.04 177.81 4957.34 163.71 4940.63 155.45 4951.78 141.04 4954.71 100.73 4904.70 86.71 4902.69 129.70 4875.31 153.53 4869.12 161.68 4855.91 157.43 4885.32 172.24 4887.29 201.66 4883.28 201.97 4908.03
8 4879.30 1500.93 4868.13 1510.04 4826.76 1510.24 4841.13 1468.01 4855.35 1482.37 4856.20 1477.23 4871.14 1474.27 4900.72 1478.68
12 4920.10 5319.08 4915.22 5327.13 4912.74 5332.08 4899.72 5332.51 4884.65 5348.91 4880.02 5338.16 4875.48 5328.21 4866.72 5332.42 4842.95 5329.81 4855.57 5294.58 4874.40 5300.51 4852.52 5281.07
14 4040.86 2024.01 4039.28 2024.20 4054.66 2039.34 4044.92 2048.11 4023.20 2033.63 4027.67 2049.13 4031.97 2064.80 4014.14 2055.35 4008.60 2035.39 3991.62 2069.73 3999.06 2028.97 3995.83 2025.93 4022.78 1978.25 4035.79 2018.31
6 2501.46 4422.21 2514.03 4428.32 2437.07 4435.73 2440.56 4404.73 2456.31 4362.67 2486.83 4360.69
6 5429.61 663.07 5330.65 651.59 5322.58 617.43 5315.61 599.21 5373.19 617.90 5384.99 635.14
10 3977.21 1576.14 3966.31 1605.90 3937.43 1562.94 3928.27 1548.17 3925.90 1544.51 3945.12 1541.16 3946.30 1520.74 3948.11 1546.06 3954.26 1552.52 3972.92 1533.96
9 5218.10 3114.31 5229.39 3129.11 5217.80 3134.88 5209.31 3118.56 5156.19 3115.93 5193.37 3066.34 5193.14 3040.39 5224.05 3070.11 5254.81 3089.51
5 3246.18 5708.95 3193.63 5756.58 3171.89 5694.08 3092.76 5662.41 3149.89 5640.36
13 5123.52 3947.54 5109.39 3946.29 5097.88 3949.56 5061.31 3959.47 5069.58 3937.56 5051.02 3923.77 5048.45 3918.87 5070.84 3911.37 5075.98 3887.18 5096.09 3908.22 5112.54 3915.97 5123.35 3915.72 5127.47 3921.46
8 604.75 2052.34 576.75 2046.39 564.37 2033.45 569.98 2016.70 568.34 1994.78 599.89 1987.29 596.40 2010.48 608.07 2023.51
12 5052.57 478.18 5038.76 499.56 5010.82 530.66 5019.99 472.73 4993.89 469.11 4994.12 451.35 5006.57 420.85 5012.52 391.87 5007.14 366.86 5036.36 428.16 5072.60 389.62 5104.78 414.80
14 4312.48 1779.85 4320.38 1787.55 4339.35 1813.28 4317.93 1793.75 4296.24 1791.12 4276.61 1796.79 4281.40 1789.42 4270.14 1792.93 4251.39 1792.00 4269.05 1763.13 4255.90 1740.27 4321.64 1764.01 4350.93 1756.97 4328.92 1767.37
8 2537.26 3664.12 2519.15 3654.65 2520.15 3671.56 2511.19 3670.04 2506.07 3669.95 2498.23 3675.13 2507.13 3632.30 2516.54 3634.92
14 3644.31 4190.00 3607.80 4175.68 3587.58 4202.59 3520.27 4201.68 3504.92 4174.29 3506.94 4170.02 3512.78 4167.19 3519.52 4111.35 3532.63 4119.94 3534.71 4081.65 3613.71 4083.03 3599.18 4131.36 3610.96 4117.45 3610.41 4121.07
12 4433.28 4434.15 4454.20 4442.94 4405.20 4467.77 4403.79 4472.17 4402.02 4466.33 4398.33 4441.36 4390.55 4429.31 4366.88 4421.09 4374.11 4382.80 4409.63 4385.11 4449.11 4421.44 4475.06 4426.64
13 1989.43 5554.41 1963.87 5559.68 1965.39 5561.11 1958.84 5564.59 1950.09 5581.11 1944.25 5571.14 1938.12 5580.88 1925.02 5589.67 1914.67 5584.85 1900.21 5518.87 1927.47 5519.51 1931.61 5492.68 1947.41 5505.78
6 4947.83 5020.73 4955.71 5035.75 4959.20 5040.01 4952.56 5051.73 4941.56 5035.74 4965.00 4977.35
14 3389.59 5553.26 3389.86 5557.40 3383.65 5561.25 3358.16 5573.90 3371.03 5558.13 3360.74 5566.11 3369.24 5530.90 3359.59 5510.90 3377.24 5538.07 3370.86 5516.48 3373.39 5517.82 3384.08 5509.74 3385.07 5514.48 3420.41 5539.29
15 1869.21 1156.12 1848.32 1134.45 1846.42 1186.74 1832.97 1159.67 1809.38 1112.80 1827.66 1101.28 1785.82 1103.99 1766.05 1075.55 1818.09 1080.15 1804.35 1041.53 1835.20 1043.13 1883.85 1029.91 1866.44 1086.78 1875.29 1084.12 1866.47 1089.79
14 2568.33 830.19 2552.37 832.28 2525.71 828.76 2526.59 837.26 2519.54 844.48 2492.83 866.71 2504.41 830.37 2505.51 806.01 2510.16 804.63 2509.33 776.11 2522.24 791.86 2533.05 796.51 2550.21 795.10 2560.75 806.06
11 2203.11 1685.05 2198.05 1708.94 2185.69 1722.00 2176.44 1708.87 2172.73 1704.61 2160.57 1696.18 2135.72 1706.94 2151.90 1690.82 2124.14 1665.68 2175.75 1671.45 2184.35 1671.62
9 4092.40 3436.01 4100.27 3441.70 4093.02 3450.96 4081.56 3447.20 4063.66 3478.75 4070.15 3443.36 4058.77 3423.31 4061.01 3391.70 4072.88 3414.28
13 5495.12 802.02 5483.02 796.98 5454.04 816.43 5447.20 821.31 5452.39 799.66 5447.49 808.27 5450.61 797.77 5445.36 793.11 5432.83 793.48 5425.10 783.19 5431.31 766.65 5471.00 758.86 5485.04 753.05
14 3529.36 650.54 3565.54 665.85 3520.02 653.37 3524.63 662.58 3426.00 705.70 3438.52 683.80 3434.57 673.82 3453.65 647.01 3403.43 646.34 3437.82 634.58 3443.12 593.12 3465.00 589.16 3538.47 591.53 3524.10 610.65
8 239.35 1076.63 232.72 1089.55 206.93 1046.23 191.63 1030.39 270.37 992.24 288.35 986.84 321.71 981.21 325.24 1015.66
9 2017.55 609.48 2005.16 597.04 1989.38 608.03 1964.14 591.68 1938.10 592.62 1974.41 531.99 1991.19 502.72 2045.48 504.47 2054.12 526.03
12 1132.17 2996.16 1096.48 2998.54 1093.68 3004.20 1092.41 3008.15 1063.83 3003.51 1012.15 2985.98 1055.49 2921.83 1071.24 2965.39 1087.35 2942.55 1098.62 2919.77 1097.54 2945.07 1134.49 2951.55
8 713.54 1964.54 705.79 1970.92 651.77 2022.28 668.01 1914.11 685.75 1916.67 712.57 1881.26 756.01 1929.51 715.37 1951.11
6 2310.81 5248.57 2282.82 5276.89 2277.84 5269.19 2284.74 5246.57 2266.65 5248.39 2314.98 5228.25
15 5233.23 5640.98 5209.75 5653.65 5156.10 5660.90 5176.25 5594.24 5183.14 5594.50 5174.67 5584.40 5144.16 5560.05 5144.61 5541.75 5175.49 5567.32 5181.45 5559.49 5197.33 5569.50 5208.85 5527.88 5208.96 5583.48 5217.17 5583.41 5266.49 5588.56
13 881.72 3245.02 865.72 3239.58 856.50 3258.25 841.64 3247.22 783.91 3233.99 792.00 3211.90 801.61 3169.90 829.12 3146.75 843.87 3164.10 856.06 3154.88 868.77 3141.41 874.50 3177.00 883.72 3198.33
9 1753.44 323.42 1722.59 316.75 1746.44 350.51 1742.12 353.60 1673.45 345.14 1664.29 315.80 1620.98 259.27 1634.07 253.08 1707.31 246.32
12 3874.56 5633.85 3812.69 5655.99 3795.25 5697.55 3797.42 5669.19 3767.30 5672.11 3765.48 5659.23 3770.67 5620.42 3746.01 5612.49 3748.46 5607.15 3771.74 5594.94 3765.07 5580.89 3808.47 5594.62
11 2156.92 2499.00 2119.16 2503.55 2093.91 2567.61 2091.56 2558.68 2101.77 2500.39 2036.61 2499.38 2046.81 2469.80 2036.29 2449.35 2116.56 2442.94 2191.99 2451.67 2193.21 2455.65
12 3746.94 3631.62 3753.25 3635.25 3762.62 3647.59 3742.20 3634.15 3740.91 3637.09 3740.02 3640.97 3720.17 3628.47 3683.77 3599.66 3686.98 3590.69 3756.70 3612.99 3762.50 3611.15 3745.58 3622.88
14 1429.58 5641.44 1424.99 5643.52 1415.30 5643.33 1412.70 5674.99 1414.79 5696.50 1373.06 5665.18 1374.20 5656.10 1357.81 5667.50 1379.22 5614.93 1365.47 5565.03 1425.26 5578.68 1437.29 5599.37 1415.22 5624.05 1444.36 5617.71
12 579.87 3118.48 586.09 3147.23 596.68 3159.89 595.82 3185.96 573.13 3166.73 535.51 3157.23 506.21 3165.17 533.55 3127.39 501.79 3114.31 498.62 3052.38 593.39 3061.80 579.55 3101.52
15 4625.64 2121.32 4615.40 2141.53 4580.14 2158.55 4563.74 2129.06 4554.96 2155.16 4540.09 2124.56 4543.02 2112.15 4515.31 2103.29 4504.84 2068.25 4524.88 2066.11 4544.04 2055.44 4565.48 2063.13 4574.08 2081.11 4605.94 2097.46 4592.55 2106.27
6 2342.20 1518.32 2349.78 1534.03 2308.20 1547.14 2305.47 1510.65 2336.77 1497.65 2371.88 1510.54
11 423.27 5843.83 393.13 5827.90 400.36 5838.70 384.55 5849.33 369.70 5866.19 370.03 5839.85 332.30 5846.38 359.09 5814.19 348.98 5772.54 410.22 5787.35 390.68 5803.38
11 5399.15 280.20 5423.56 309.32 5400.58 326.40 5330.58 315.82 5320.84 321.38 5329.71 291.12 5337.06 264.78 5361.62 232.84 5395.45 193.19 5411.81 189.59 5418.95 233.61
5 4274.67 890.18 4242.97 857.36 4227.55 848.67 4267.17 835.07 4295.15 861.31
12 2530.22 5712.03 2508.42 5727.13 2504.89 5726.77 2504.89 5714.58 2504.79 5713.47 2502.80 5705.66 2463.84 5706.46 2489.78 5693.59 2469.70 5682.83 2473.94 5681.84 2482.51 5679.84 2525.16 5667.95
13 3222.85 1252.97 3232.83 1267.26 3224.75 1269.03 3212.69 1278.85 3210.59 1282.38 3208.89 1264.19 3209.46 1258.40 3187.85 1253.20 3206.83 1238.64 3202.68 1228.90 3212.62 1221.52 3215.86 1236.14 3225.34 1243.01
15 2335.01 2127.04 2359.81 2139.75 2344.87 2134.82 2339.68 2134.40 2340.54 2139.75 2342.08 2149.40 2324.87 2144.91 2321.34 2161.36 2320.22 2156.79 2311.00 2143.51 2309.49 2099.43 2318.93 2088.82 2325.41 2110.48 2326.34 2103.25 2330.02 2111.33
14 3260.03 5316.41 3242.54 5322.99 3203.80 5325.43 3216.89 5340.58 3206.96 5341.13 3187.86 5385.50 3167.58 5328.03 3163.50 5326.82 3149.23 5323.43 3172.41 5291.68 3180.21 5281.38 3187.75 5234.74 3201.92 5296.41 3212.24 5292.49
13 1275.16 5615.04 1252.54 5630.99 1267.63 5659.45 1249.58 5640.08 1240.44 5656.88 1192.03 5688.52 1142.11 5613.56 1177.03 5558.13 1193.97 5556.24 1248.09 5539.70 1240.95 5588.71 1247.07 5601.06 1281.63 5587.76
14 4074.84 3023.67 4057.82 3053.88 4043.26 3064.80 4020.23 3033.45 4006.63 3058.71 3990.33 3053.43 3976.03 3057.38 3975.49 3002.04 3978.97 3002.76 3987.23 2990.76 3995.35 2978.12 4010.63 2953.66 4071.26 2972.21 4031.92 3009.45
12 1643.13 3328.26 1627.53 3332.65 1632.54 3341.02 1602.61 3380.36 1584.09 3330.87 1575.23 3329.44 1599.80 3317.66 1584.74 3285.51 1605.71 3312.70 1622.76 3295.54 1651.87 3301.74 1650.40 3319.89
6 4194.68 3885.16 4129.75 3872.64 4163.97 3863.27 4154.33 3860.44 4211.99 3851.55 4216.81 3856.48
7 295.01 2077.06 253.16 2082.24 248.90 2102.41 219.02 2070.71 177.98 2087.25 207.42 2073.50 247.19 2043.43
7 978.99 3631.14 913.52 3601.02 951.02 3520.14 944.92 3541.43 966.07 3556.81 991.88 3547.23 973.20 3577.32
6 5254.98 367.37 5253.81 373.90 5177.11 336.63 5227.70 314.17 5273.23 270.10 5295.24 294.57
12 5849.67 1953.22 5808.65 1972.96 5805.79 1993.04 5729.78 1932.72 5728.69 1928.55 5768.75 1920.14 5771.83 1916.12 5769.37 1894.77 5795.89 1906.54 5803.30 1889.76 5817.67 1896.30 5813.88 1916.29
8 5763.93 535.96 5766.15 559.58 5763.78 566.09 5681.32 553.58 5641.06 533.30 5716.33 486.34 5728.17 472.46 5789.85 534.14
6 4255.86 2629.38 4256.71 2633.61 4229.79 2674.55 4208.92 2663.77 4199.36 2655.76 4209.14 2590.41
11 767.73 921.03 781.31 925.59 783.56 944.98 752.11 955.31 732.25 951.76 739.37 929.96 736.77 921.15 742.17 902.07 742.65 899.85 787.84 912.89 780.87 919.43
6 4204.18 1547.97 4220.59 1550.70 4163.74 1585.57 4171.26 1566.70 4143.83 1519.25 4160.00 1515.16
