Medium_150_C
2178.53 4419.48
484.97 1222.70
4 0.00 0.00 5200.00 0.00 5200.00 5200.00 0.00 5200.00
150
9 2997.48 221.64 2950.76 196.68 2963.89 185.14 2921.73 170.23 2935.94 157.51 2938.52 142.90 2977.61 162.90 2984.58 155.35 3023.77 145.29
14 3944.18 3456.04 3928.91 3459.99 3920.45 3487.82 3909.78 3461.98 3882.85 3452.49 3887.76 3435.99 3904.78 3436.77 3905.68 3412.96 3917.13 3434.65 3923.84 3414.70 3924.04 3422.59 3945.56 3416.45 3932.31 3442.01 3937.84 3445.99
14 1352.50 4049.24 1329.93 3997.31 1322.98 4021.53 1301.16 4025.04 1289.81 4017.01 1304.46 3998.45 1288.39 4012.48 1291.58 4000.99 1277.53 3990.91 1272.66 3983.24 1313.55 3918.83 1317.79 3900.74 1365.99 3928.59 1368.99 3962.44
8 1816.64 2066.95 1806.79 2100.19 1782.59 2070.08 1767.21 2074.56 1787.21 2065.12 1786.17 2041.79 1805.39 2037.11 1824.63 2058.93
7 2604.11 3160.44 2582.52 3159.95 2569.18 3186.06 2477.85 3149.36 2504.67 3141.53 2561.62 3087.52 2561.65 3118.62
14 1671.31 1920.46 1689.63 1934.60 1651.61 1947.47 1646.92 1943.19 1642.25 1933.58 1628.76 1935.67 1602.79 1957.40 1626.52 1924.33 1615.49 1874.36 1648.13 1870.00 1657.48 1870.04 1661.06 1883.73 1660.56 1898.86 1675.92 1898.85
10 2403.47 1803.72 2400.01 1814.98 2361.36 1800.10 2346.48 1797.17 2363.96 1764.27 2355.91 1745.68 2374.54 1745.01 2385.78 1760.16 2390.23 1746.07 2401.86 1749.36
10 1750.48 1365.14 1767.34 1376.39 1711.67 1369.20 1711.40 1365.50 1668.93 1390.86 1671.46 1355.30 1683.82 1329.64 1698.54 1335.69 1721.04 1276.68 1758.59 1317.07
7 521.49 2812.13 517.56 2797.75 495.88 2783.60 506.68 2763.62 511.99 2762.45 513.60 2754.34 532.18 2755.43
12 2997.06 1546.20 2974.43 1554.23 2955.39 1556.61 2966.28 1545.37 2949.67 1553.22 2935.96 1531.44 2957.38 1515.92 2970.33 1497.81 2974.28 1500.25 2974.45 1488.68 2994.43 1529.04 3023.66 1525.79
8 481.40 4666.22 440.62 4740.37 369.35 4699.69 376.10 4668.04 355.25 4663.64 376.17 4626.24 456.36 4598.65 462.98 4658.14
11 2358.69 4919.31 2346.84 4923.84 2349.47 4943.83 2334.73 4934.96 2340.66 4945.97 2294.82 4938.31 2266.26 4947.33 2300.59 4895.24 2323.47 4860.51 2341.24 4890.53 2360.21 4890.32
8 756.99 3914.20 787.75 3963.06 721.20 3987.62 709.44 3890.90 705.83 3884.24 713.39 3876.38 722.80 3884.07 786.24 3873.38
14 3800.16 913.76 3800.51 923.41 3785.24 916.48 3783.44 923.70 3788.39 933.93 3770.78 945.85 3744.72 923.72 3753.50 913.89 3717.46 919.02 3731.00 903.75 3729.40 872.60 3746.95 877.03 3745.94 865.23 3802.96 891.00
10 2447.26 2287.38 2446.82 2291.31 2444.02 2327.44 2400.37 2308.72 2385.67 2327.67 2365.60 2275.22 2385.53 2267.55 2391.72 2271.37 2387.31 2260.23 2456.45 2275.97
5 4020.40 2983.55 3956.95 2965.99 3954.98 2948.77 3992.61 2914.95 4032.12 2922.65
11 4192.74 3961.59 4114.56 3976.45 4099.94 4006.60 4086.44 4006.06 4056.78 3969.62 4013.97 3982.94 4052.39 3937.29 4078.18 3934.59 4062.29 3873.51 4099.87 3861.40 4144.51 3924.79
10 3308.67 4539.07 3283.96 4510.54 3282.77 4507.30 3286.87 4504.79 3286.17 4464.00 3294.28 4470.02 3304.36 4458.81 3315.88 4462.42 3325.71 4461.74 3322.08 4491.23
6 3358.32 4858.62 3336.98 4845.65 3336.92 4831.60 3365.46 4807.88 3372.85 4815.06 3391.90 4822.10
7 1089.99 1580.63 1090.75 1602.80 1049.34 1572.91 1047.37 1556.64 1069.56 1505.53 1069.78 1523.20 1068.30 1563.26
5 4851.08 2195.82 4869.55 2221.72 4857.57 2225.64 4846.92 2224.92 4818.24 2198.66
11 3603.60 3034.43 3590.53 3032.42 3570.73 3037.69 3555.32 3041.07 3509.17 3027.63 3517.37 2994.83 3551.72 3015.81 3544.56 2993.24 3555.27 2984.34 3570.17 3015.77 3612.67 3013.02
13 1157.52 3300.32 1165.75 3316.51 1152.26 3315.98 1151.27 3336.36 1123.93 3307.29 1093.51 3342.69 1097.81 3318.02 1098.93 3293.11 1112.84 3242.93 1121.98 3245.85 1138.91 3236.98 1144.58 3259.61 1177.40 3264.19
11 4666.73 4665.80 4677.93 4694.21 4670.83 4683.38 4639.03 4694.05 4650.81 4669.58 4628.62 4687.07 4611.41 4681.66 4639.34 4666.82 4651.11 4641.32 4705.86 4639.76 4678.73 4657.92
14 3740.30 4774.75 3764.47 4794.68 3736.83 4781.83 3741.88 4805.69 3726.74 4822.03 3724.13 4806.38 3722.81 4786.16 3710.50 4805.69 3708.55 4785.38 3681.94 4736.66 3711.08 4749.07 3705.56 4721.49 3728.13 4735.44 3744.04 4725.58
11 994.34 574.68 967.94 590.69 959.17 579.15 950.95 569.15 966.51 558.25 964.12 537.58 966.61 542.18 989.84 526.32 987.52 536.30 998.59 528.70 994.91 550.91
15 1435.29 3396.79 1457.32 3403.17 1425.84 3402.49 1428.89 3404.79 1413.37 3406.27 1409.67 3418.23 1391.58 3407.36 1363.17 3431.67 1386.34 3399.47 1391.04 3393.39 1395.98 3370.41 1397.30 3368.67 1412.97 3353.03 1418.44 3369.19 1431.07 3384.36
7 4768.39 3628.59 4731.62 3659.22 4725.77 3634.49 4701.57 3581.31 4725.24 3578.50 4747.25 3604.08 4782.57 3615.38
10 527.50 1080.70 493.55 1066.81 477.77 1056.02 457.98 1047.13 454.50 1040.27 490.72 1032.49 486.76 1010.75 497.79 1028.42 529.60 1019.16 536.50 1017.22
13 3088.45 3971.05 3106.91 3982.49 3060.09 3989.90 3020.74 3942.66 3016.96 3935.20 3041.75 3947.78 3073.34 3928.73 3085.11 3918.02 3094.48 3917.03 3077.00 3952.27 3102.50 3928.32 3106.19 3954.28 3128.61 3965.36
10 1335.18 2990.10 1289.20 3002.47 1285.14 3013.45 1239.93 2995.19 1249.66 2971.88 1259.17 2965.60 1234.35 2943.45 1239.07 2939.42 1264.28 2918.01 1363.22 2957.87
8 4704.54 1533.76 4683.44 1503.07 4675.47 1491.10 4649.04 1506.97 4665.83 1490.15 4649.09 1479.28 4668.21 1429.86 4701.08 1443.16
12 1677.69 4824.05 1651.60 4863.54 1616.15 4859.19 1591.76 4831.10 1614.97 4785.65 1630.10 4772.09 1634.70 4795.95 1635.14 4787.52 1670.26 4783.88 1649.60 4804.28 1657.41 4806.03 1677.81 4814.70
11 3710.06 798.37 3710.83 783.41 3680.77 790.56 3668.55 778.72 3663.23 776.94 3717.51 745.46 3719.31 742.72 3741.42 710.07 3748.06 680.74 3764.59 731.70 3802.89 742.43
5 274.45 2655.68 193.45 2644.19 182.41 2639.12 207.08 2610.69 225.83 2612.26
14 1258.39 2636.54 1260.75 2688.86 1253.65 2684.34 1214.23 2657.54 1207.01 2658.19 1202.28 2652.54 1175.88 2646.03 1203.61 2629.91 1175.86 2612.11 1175.89 2608.42 1189.47 2593.75 1215.96 2583.26 1217.36 2587.02 1285.47 2595.93
8 3552.18 4944.07 3571.55 4960.04 3485.54 4995.62 3493.53 4964.41 3457.74 4913.05 3465.48 4913.01 3523.24 4889.96 3571.94 4924.02
8 2127.20 2448.08 2132.95 2467.67 2112.36 2462.49 2029.70 2463.74 2058.70 2429.44 2082.80 2384.51 2121.62 2392.18 2129.93 2415.46
12 3722.56 3007.36 3719.71 3008.38 3749.82 3047.96 3677.91 3073.41 3662.78 3043.85 3678.94 3026.05 3645.14 3024.07 3685.27 2977.53 3670.27 2944.28 3696.04 2983.41 3750.40 2959.23 3762.76 2980.10
6 2457.75 1893.31 2476.37 1933.56 2353.68 1885.13 2383.20 1845.92 2442.69 1833.52 2493.88 1853.76
9 2452.42 4208.14 2451.99 4212.10 2427.01 4208.78 2425.37 4208.33 2415.83 4214.91 2367.04 4196.85 2428.79 4161.23 2411.16 4187.47 2442.41 4179.50
12 4613.68 3390.67 4602.90 3400.39 4592.64 3393.56 4581.85 3418.32 4547.38 3399.83 4513.84 3369.45 4552.16 3330.60 4563.54 3343.35 4555.08 3303.88 4621.01 3316.88 4600.96 3363.66 4616.24 3358.18
11 1183.00 3145.09 1202.35 3151.19 1190.56 3157.40 1166.38 3198.99 1106.71 3191.41 1085.93 3128.61 1126.00 3129.80 1118.39 3092.11 1135.03 3072.72 1165.53 3130.66 1208.92 3137.37
15 1968.56 4999.49 1945.24 5016.07 1940.64 5012.90 1933.78 5013.97 1920.58 5025.77 1922.44 4995.84 1929.70 4994.20 1912.97 4987.08 1927.34 4985.81 1927.33 4964.52 1936.08 4969.99 1940.13 4963.54 1944.40 4977.11 1953.74 4964.76 1970.46 4963.50
7 4439.64 2289.73 4456.43 2262.50 4418.48 2270.37 4418.87 2211.58 4491.38 2216.41 4500.88 2235.51 4528.37 2236.67
15 428.18 518.35 424.55 532.16 429.21 555.64 422.27 541.56 423.16 562.78 413.73 564.04 402.58 551.03 407.86 530.15 383.08 534.77 373.42 529.93 393.84 493.59 407.87 488.45 414.29 500.76 421.42 502.98 434.11 501.13
14 3346.00 2639.48 3330.49 2665.49 3317.14 2657.65 3310.49 2662.48 3306.25 2649.33 3296.32 2647.72 3267.12 2641.73 3278.98 2636.84 3271.24 2619.09 3290.21 2611.84 3326.76 2603.58 3345.96 2601.15 3345.83 2616.60 3334.61 2621.19
13 4926.95 3345.33 4904.17 3300.74 4894.94 3321.19 4865.85 3320.02 4869.55 3309.67 4856.95 3312.36 4839.78 3311.08 4896.28 3232.39 4922.31 3262.33 4971.37 3246.99 4954.46 3260.82 4956.29 3268.38 4936.32 3282.57
12 1138.62 555.13 1129.31 560.40 1123.31 571.00 1087.26 560.22 1049.67 571.48 1063.45 557.81 1089.94 533.53 1089.53 526.41 1078.07 479.01 1115.35 514.18 1138.45 522.44 1128.83 531.17
10 4116.05 276.02 4093.98 247.33 4077.29 248.32 4066.33 260.61 4005.97 237.70 4015.46 203.59 4063.92 209.53 4078.57 210.93 4094.16 213.03 4137.69 205.12
11 3408.51 4244.72 3425.45 4268.27 3351.76 4271.09 3330.88 4269.19 3348.43 4196.17 3367.78 4181.62 3401.13 4206.22 3424.20 4185.40 3443.44 4180.51 3462.11 4203.49 3443.33 4208.28
12 4087.25 3364.66 4059.51 3379.24 4059.86 3408.18 4040.91 3393.80 4016.45 3380.75 3998.40 3367.09 4008.13 3338.21 3989.69 3306.75 4043.60 3300.80 4057.80 3325.08 4086.72 3309.69 4098.39 3310.96
10 955.03 2381.32 947.76 2382.19 888.31 2357.44 919.21 2350.59 889.91 2318.62 931.82 2324.22 938.39 2314.81 953.93 2295.54 953.85 2320.04 957.90 2346.57
12 3938.18 4136.89 3939.88 4148.34 3917.24 4144.71 3898.59 4151.55 3887.77 4148.11 3885.78 4147.00 3880.80 4148.61 3887.66 4124.95 3882.83 4110.18 3916.59 4116.80 3914.89 4129.12 3935.95 4120.56
9 3554.95 953.72 3572.92 977.77 3540.27 979.35 3515.73 979.44 3509.77 983.88 3505.87 980.47 3502.46 939.76 3529.45 895.31 3579.44 948.18
12 2956.39 4152.17 2938.88 4171.78 2926.08 4157.56 2914.71 4173.12 2895.35 4152.42 2903.49 4147.21 2907.94 4145.35 2909.61 4142.15 2891.18 4135.47 2912.45 4126.87 2930.00 4132.51 2942.05 4117.78
10 2723.37 1341.64 2683.45 1342.50 2653.82 1287.22 2674.29 1261.09 2664.18 1212.54 2683.06 1251.48 2682.84 1229.92 2703.05 1231.39 2703.34 1247.77 2738.46 1256.01
15 960.17 4716.27 973.60 4723.13 969.74 4739.28 950.41 4722.67 940.65 4741.43 921.60 4728.31 927.82 4715.00 926.75 4694.40 938.79 4699.08 944.42 4699.94 950.60 4702.08 962.51 4672.19 954.31 4702.56 977.58 4698.37 964.53 4708.02
6 4805.40 2240.87 4786.76 2244.45 4756.54 2252.70 4735.74 2251.60 4711.08 2177.20 4792.38 2213.47
6 3573.69 1499.22 3498.77 1448.25 3554.44 1443.93 3575.45 1458.68 3592.43 1463.83 3608.45 1474.18
10 2979.10 3223.16 2985.93 3248.20 2963.50 3223.64 2947.96 3243.50 2949.49 3219.03 2926.61 3165.23 2938.08 3153.35 2959.80 3156.09 2959.67 3180.54 2964.90 3165.00
13 3353.65 3345.64 3334.53 3347.07 3364.40 3364.80 3353.91 3394.34 3314.26 3421.04 3305.53 3398.95 3245.39 3390.16 3274.43 3343.75 3235.59 3334.01 3259.01 3293.06 3291.91 3319.92 3330.32 3278.42 3377.30 3303.65
11 3210.90 422.21 3184.25 478.01 3145.19 432.95 3166.93 487.56 3133.60 438.88 3041.69 444.50 3040.83 441.18 3052.97 426.12 3070.12 412.27 3183.44 345.34 3150.53 389.25
5 1160.05 331.09 1109.74 336.62 1063.78 277.89 1082.59 272.71 1114.36 277.60
7 706.27 4290.69 705.16 4299.10 676.49 4294.03 656.16 4292.54 674.44 4284.40 682.94 4275.03 698.57 4251.13
7 3944.93 365.86 3901.89 360.70 3849.90 382.96 3834.03 383.45 3847.87 354.16 3915.07 286.71 3904.26 331.28
7 3939.74 4600.87 3971.58 4637.24 3948.42 4649.97 3904.76 4637.12 3868.55 4581.14 3893.73 4560.41 3968.85 4587.92
9 3176.34 2199.00 3122.36 2209.70 3128.00 2246.43 3087.48 2245.03 3065.03 2234.77 3067.10 2193.90 3089.88 2192.67 3116.30 2146.25 3123.70 2138.94
12 3637.28 4665.96 3636.97 4661.51 3602.54 4650.51 3597.26 4646.82 3631.86 4640.26 3624.25 4608.62 3638.81 4624.31 3644.78 4616.77 3649.17 4619.61 3646.36 4637.76 3648.01 4646.53 3648.29 4648.24
13 4208.28 441.96 4195.64 445.67 4231.65 463.87 4209.31 493.08 4156.52 476.63 4175.62 451.45 4140.29 472.64 4166.59 443.21 4146.26 442.68 4157.22 440.59 4182.84 424.58 4190.94 416.78 4235.45 440.39
11 3517.35 3986.06 3545.82 3994.54 3489.89 3983.17 3477.72 4049.15 3457.99 4033.91 3456.87 3994.60 3427.31 3959.35 3409.28 3950.10 3492.60 3946.17 3534.10 3958.12 3547.44 3976.43
8 3994.04 3716.47 3983.31 3715.67 3994.88 3741.87 3940.99 3710.05 3931.88 3695.97 3958.24 3697.59 3955.21 3677.07 3989.72 3697.02
14 427.99 310.19 417.08 333.50 405.18 333.48 384.02 334.25 348.90 338.54 336.53 307.39 309.62 300.50 309.14 298.29 307.54 293.19 334.61 297.32 359.41 260.87 355.28 230.69 396.48 259.41 429.05 257.00
5 2064.56 3547.88 1988.69 3502.55 1987.11 3467.49 2062.27 3413.03 2031.50 3465.94
15 3570.43 824.25 3544.95 828.87 3546.05 834.66 3537.70 831.50 3522.59 856.65 3526.61 843.99 3517.88 832.24 3502.21 829.75 3498.37 824.01 3499.55 817.96 3493.02 797.08 3547.91 778.89 3554.56 783.77 3558.55 803.40 3557.05 809.37
9 2365.33 2009.05 2331.66 2025.98 2315.89 2015.82 2322.24 1961.19 2366.45 1960.42 2370.19 1918.35 2392.98 1924.22 2430.96 1956.34 2394.39 1982.58
12 3292.50 1787.00 3279.01 1788.85 3280.56 1820.33 3263.29 1836.06 3230.18 1835.25 3224.56 1771.38 3223.71 1767.30 3261.01 1718.15 3263.60 1741.29 3297.55 1719.39 3280.58 1741.00 3284.90 1739.80
12 3273.83 900.58 3243.92 887.81 3263.11 900.72 3251.78 914.97 3230.34 892.95 3225.24 931.45 3220.70 923.66 3180.98 881.29 3174.84 878.58 3218.13 860.62 3231.75 836.64 3254.46 859.96
11 1125.02 1944.97 1088.04 1906.61 1058.58 1922.42 1037.80 1813.78 1096.67 1845.75 1084.58 1780.24 1123.34 1846.27 1175.33 1831.67 1136.69 1860.12 1203.92 1848.99 1187.20 1857.42
10 4733.91 4858.75 4714.75 4889.86 4695.37 4894.67 4688.98 4881.44 4689.56 4842.44 4687.61 4830.92 4716.28 4847.61 4720.73 4844.19 4733.85 4832.61 4750.14 4847.08
6 425.29 1540.41 401.43 1570.64 374.94 1555.88 344.50 1512.65 400.65 1474.13 401.26 1457.31
15 5035.22 5056.81 4987.22 5070.88 5003.14 5090.60 4998.83 5115.29 4910.70 5099.11 4941.74 5060.82 4891.23 5020.84 4905.16 5020.64 4925.59 5020.26 4934.37 4998.78 4920.13 4974.29 4947.34 4989.26 4980.64 5032.60 4984.15 5039.62 5014.39 5037.15
13 3374.32 5082.02 3323.08 5097.16 3316.90 5062.26 3319.98 5042.90 3277.74 5064.84 3269.15 5066.47 3338.01 4969.91 3355.93 5011.93 3353.03 5023.34 3364.81 5020.48 3361.06 5024.15 3366.02 5023.01 3417.74 5025.19
7 2909.80 2346.73 2861.31 2394.38 2817.18 2347.29 2859.63 2344.96 2869.82 2328.32 2915.57 2332.06 2939.78 2338.67
9 3780.19 3893.01 3791.47 3887.70 3767.36 3882.98 3763.96 3867.32 3782.50 3873.40 3788.39 3852.95 3794.30 3852.00 3847.75 3859.79 3839.51 3875.99
5 1344.99 1881.68 1330.50 1884.14 1290.39 1848.45 1302.54 1851.12 1328.13 1846.03
7 3216.65 1118.73 3175.46 1122.28 3111.36 1131.53 3177.67 1088.29 3185.10 1086.58 3178.94 1094.12 3184.56 1100.23
9 5047.56 1472.49 5056.16 1520.44 5039.49 1519.72 5022.61 1490.28 5007.83 1503.81 4994.12 1493.43 4973.63 1490.12 5012.13 1445.17 5036.76 1461.56
10 2534.38 3528.80 2500.99 3546.88 2493.61 3537.01 2487.98 3530.05 2475.73 3525.47 2441.58 3519.43 2445.37 3446.19 2459.63 3446.80 2545.80 3435.95 2528.64 3480.34
10 723.43 3019.13 705.27 3042.09 645.93 3042.54 670.08 3013.59 634.01 3017.56 652.97 2986.86 633.14 2973.05 663.18 2975.08 683.90 2954.82 685.32 2988.06
14 5061.16 1980.41 5068.79 1982.79 5085.17 1991.37 5063.37 2001.94 5073.56 2031.08 5040.36 1998.87 5039.44 2000.93 4997.02 1995.04 4991.23 1937.62 5004.95 1947.01 5015.83 1913.52 5014.86 1909.46 5051.55 1973.80 5069.53 1973.47
12 4547.62 3960.80 4548.45 3963.86 4544.23 3967.90 4528.95 3961.35 4553.87 4012.81 4516.09 3985.12 4489.91 3932.67 4459.94 3895.69 4510.71 3913.21 4522.81 3914.88 4527.42 3915.97 4543.10 3914.11
8 2631.22 584.95 2598.63 585.55 2602.59 592.18 2565.91 612.73 2557.06 576.75 2562.05 538.08 2581.96 567.11 2593.77 575.58
12 1898.32 1986.43 1894.74 1976.71 1864.04 1990.15 1814.46 1971.20 1864.87 1957.56 1834.51 1904.44 1830.36 1901.18 1878.51 1903.74 1897.94 1908.76 1934.24 1900.54 1966.92 1900.72 1958.06 1941.74
15 1126.42 4697.28 1105.50 4708.67 1096.28 4744.24 1098.24 4711.48 1089.67 4721.67 1058.05 4721.60 1084.76 4704.74 1080.88 4700.49 1069.42 4685.34 1072.10 4678.03 1082.91 4682.81 1081.14 4675.56 1105.51 4683.88 1110.85 4681.05 1151.53 4687.86
14 2624.34 1105.42 2599.69 1115.30 2568.13 1132.25 2572.43 1112.85 2577.11 1096.14 2562.86 1110.28 2548.40 1117.04 2560.03 1100.31 2550.56 1076.01 2533.50 1071.09 2566.36 1076.08 2545.11 1059.64 2567.19 1033.04 2632.07 1058.34
15 2704.78 4198.42 2687.23 4207.54 2698.43 4224.68 2687.48 4235.94 2666.54 4213.12 2656.88 4215.43 2635.38 4245.31 2607.03 4191.56 2599.12 4179.52 2596.20 4170.89 2597.93 4164.17 2608.68 4142.11 2618.99 4137.03 2670.99 4141.95 2732.42 4177.19
9 3569.68 3177.49 3551.80 3179.96 3539.37 3185.37 3532.14 3180.12 3532.43 3178.84 3513.61 3162.88 3518.64 3142.71 3551.75 3159.14 3553.37 3169.12
7 2389.67 3952.70 2401.60 3961.82 2345.76 4008.38 2352.99 3968.41 2308.59 3999.54 2289.96 3958.64 2423.99 3942.50
7 2994.60 356.71 2901.05 375.33 2904.75 355.65 2862.91 291.63 2898.66 299.68 2943.25 293.05 2943.15 300.51
13 1277.08 1166.40 1267.03 1179.49 1255.65 1174.63 1236.18 1197.14 1226.85 1216.59 1220.45 1167.63 1182.81 1173.65 1189.60 1134.77 1240.61 1130.93 1233.58 1108.86 1236.93 1108.50 1295.53 1085.81 1283.39 1135.41
9 2940.78 846.58 2979.63 868.52 2972.99 868.89 2928.87 896.34 2892.23 869.54 2861.00 873.17 2962.12 801.06 2937.14 826.72 2952.29 839.81
10 3028.37 3069.26 3019.73 3086.01 3022.47 3132.22 3012.38 3109.50 2936.82 3123.52 2921.32 3060.38 2971.08 3059.96 2988.92 3031.55 3069.85 2995.67 3028.29 3048.16
14 2001.46 1380.23 1989.68 1373.17 1977.46 1349.61 1971.57 1338.12 1974.92 1332.37 1977.85 1324.77 1967.44 1290.58 1986.93 1308.68 1995.41 1302.65 2000.82 1295.19 2016.89 1295.51 2004.85 1322.19 2022.04 1288.81 2011.53 1324.79
9 4956.29 4965.18 4944.25 4972.69 4933.79 4964.45 4923.60 4953.81 4904.32 4961.16 4899.06 4973.25 4886.52 4934.90 4905.63 4919.02 4948.54 4915.92
10 3648.29 941.81 3619.33 952.38 3605.55 961.82 3607.23 935.50 3618.51 920.16 3628.74 894.34 3612.54 873.04 3702.89 895.80 3685.31 905.73 3693.34 911.10
14 3939.69 2680.89 3950.46 2686.02 3928.23 2685.46 3938.77 2691.56 3931.49 2703.46 3908.25 2705.01 3900.27 2689.40 3881.55 2700.12 3899.13 2684.99 3876.57 2672.67 3900.61 2675.88 3878.13 2662.67 3933.59 2659.79 3936.11 2675.91
10 3665.56 4370.14 3661.72 4410.65 3631.23 4378.85 3582.56 4393.36 3571.98 4392.21 3608.53 4378.95 3612.29 4361.00 3611.42 4352.64 3593.25 4333.04 3665.14 4364.78
9 1232.08 2527.43 1220.97 2527.34 1220.14 2529.26 1190.13 2515.56 1219.31 2495.45 1213.37 2493.81 1192.46 2484.72 1209.38 2454.93 1209.86 2448.85
10 5053.25 1592.39 5034.66 1629.56 5013.44 1627.23 5001.88 1599.71 4968.85 1573.35 4941.48 1522.21 4958.69 1536.84 4998.30 1518.24 5008.19 1551.34 5050.50 1551.02
14 3211.23 3155.57 3188.70 3163.30 3192.16 3183.89 3183.00 3168.82 3163.14 3154.08 3166.04 3121.97 3189.40 3137.76 3188.37 3140.88 3194.91 3134.18 3198.34 3132.26 3199.92 3134.87 3186.23 3147.46 3207.55 3141.76 3211.20 3151.34
7 834.80 1622.92 809.52 1649.25 804.26 1609.86 786.07 1624.69 755.08 1572.45 858.28 1570.32 844.73 1579.38
11 3573.83 1645.24 3564.32 1642.59 3589.63 1661.42 3544.58 1650.17 3543.90 1647.81 3538.55 1626.36 3532.87 1601.21 3542.76 1612.45 3542.62 1605.00 3557.76 1607.57 3557.70 1614.05
6 2788.91 3797.27 2770.89 3770.40 2751.11 3725.27 2817.22 3706.88 2808.62 3743.75 2813.80 3740.73
8 2868.54 2503.85 2860.77 2484.37 2858.81 2501.53 2839.69 2532.00 2846.44 2480.69 2834.72 2412.95 2872.47 2402.04 2898.68 2436.52
14 3945.06 2263.82 3928.05 2265.60 3926.47 2275.82 3930.76 2287.52 3948.66 2333.59 3907.05 2317.33 3881.29 2294.42 3870.72 2289.19 3831.62 2234.24 3868.47 2240.60 3890.33 2212.03 3894.40 2208.85 3895.14 2204.30 3939.68 2185.19
14 2650.19 4900.14 2643.19 4903.44 2636.70 4904.72 2630.88 4923.23 2609.77 4920.48 2609.56 4904.26 2599.10 4904.93 2577.29 4872.79 2594.48 4859.45 2604.25 4871.16 2613.03 4880.97 2624.44 4841.14 2626.44 4878.45 2640.58 4861.02
14 1443.84 1608.32 1411.77 1612.01 1405.87 1624.57 1399.61 1620.60 1381.29 1631.16 1364.74 1601.16 1353.99 1601.44 1384.62 1572.60 1385.64 1566.42 1387.72 1540.06 1420.62 1542.49 1435.66 1545.22 1452.66 1576.77 1434.24 1591.53
9 4054.38 1691.86 4081.58 1707.59 3991.47 1733.17 4014.24 1688.08 4008.53 1664.76 4017.81 1649.06 4036.35 1639.62 4038.41 1634.31 4092.50 1667.12
8 4321.62 5016.83 4325.67 5017.76 4323.11 5030.51 4311.96 5024.66 4265.17 5004.37 4287.19 5000.99 4324.23 4991.49 4333.61 5004.21
11 4633.49 742.50 4630.16 719.30 4584.00 716.14 4581.03 674.06 4591.08 629.25 4589.76 610.00 4630.42 591.78 4648.93 597.64 4662.55 646.38 4671.31 652.92 4710.86 673.04
10 2424.53 1018.77 2413.80 1019.62 2414.47 1029.17 2429.86 1038.62 2388.26 1032.88 2368.73 1048.58 2364.92 1047.15 2362.52 1014.90 2374.11 1000.12 2400.63 967.08
8 2293.77 3184.77 2262.14 3186.96 2254.74 3213.56 2244.21 3174.87 2246.44 3172.29 2224.02 3140.32 2237.41 3133.98 2242.71 3127.66
13 1388.92 4311.29 1378.93 4316.34 1345.19 4326.55 1338.09 4343.02 1338.69 4347.88 1312.12 4351.70 1323.49 4314.04 1319.80 4308.00 1283.42 4280.73 1304.47 4285.35 1340.16 4263.08 1346.12 4252.34 1368.40 4266.00
10 4420.48 3120.03 4394.48 3117.11 4419.47 3178.03 4417.53 3183.63 4376.83 3162.75 4312.83 3120.56 4334.48 3104.67 4315.71 3046.49 4344.27 3028.52 4412.91 3092.22
14 1836.05 3168.74 1834.07 3168.58 1795.65 3190.38 1822.56 3161.58 1787.30 3185.86 1807.22 3165.73 1803.65 3151.89 1807.65 3129.68 1821.35 3120.16 1831.16 3102.04 1876.40 3128.18 1881.35 3140.54 1867.37 3149.83 1861.82 3153.29
14 2090.64 4685.26 2091.12 4686.37 2123.17 4718.33 2033.49 4693.76 2041.82 4683.40 1985.48 4670.50 2008.09 4636.51 2037.29 4634.94 2042.86 4614.89 2079.74 4610.53 2082.23 4635.31 2096.04 4635.07 2092.89 4660.68 2091.52 4665.32
9 3322.53 2453.46 3271.97 2451.55 3275.90 2429.10 3270.42 2425.05 3304.70 2413.37 3307.50 2431.96 3308.15 2432.42 3310.90 2431.35 3327.15 2435.05
8 1019.31 1567.21 1000.61 1573.79 947.20 1557.52 985.54 1545.05 954.62 1500.89 990.60 1534.33 1032.41 1509.89 1014.57 1549.37
12 3234.94 3869.70 3220.09 3875.36 3205.91 3878.17 3207.03 3881.62 3184.17 3874.47 3190.27 3913.77 3162.31 3883.09 3155.89 3870.17 3162.81 3861.97 3167.86 3849.69 3172.14 3846.77 3208.99 3800.75
9 4555.96 3854.06 4539.93 3865.00 4526.65 3872.61 4482.64 3868.14 4487.45 3860.40 4479.36 3833.81 4501.40 3835.88 4519.38 3824.46 4557.98 3852.58
7 3907.01 2779.64 3920.77 2811.18 3910.15 2814.58 3855.58 2750.22 3889.13 2738.96 3917.31 2760.44 3935.81 2751.90
12 2530.62 4348.26 2528.03 4380.12 2488.50 4369.57 2478.47 4364.00 2478.88 4357.94 2490.25 4328.76 2497.82 4328.89 2499.90 4299.26 2507.36 4304.12 2507.50 4297.13 2526.60 4334.97 2532.30 4337.84
5 335.27 615.68 296.90 629.03 253.63 587.41 232.84 523.58 245.56 488.73
12 3087.56 3560.61 3050.53 3583.96 3008.76 3563.73 3000.32 3555.77 3006.17 3536.72 2998.48 3540.32 3009.21 3514.18 2983.93 3461.11 3026.78 3485.13 3030.59 3474.22 3048.36 3486.92 3090.59 3514.75
11 2559.74 2715.95 2550.92 2697.90 2521.95 2695.71 2527.03 2667.11 2500.27 2678.58 2493.90 2641.62 2524.81 2649.22 2490.64 2611.01 2541.24 2598.96 2583.64 2638.33 2593.41 2641.85
6 4588.61 372.59 4526.55 455.84 4499.35 424.79 4521.20 394.12 4488.94 387.22 4478.02 384.09
7 4286.81 4392.73 4250.78 4370.70 4218.39 4383.02 4240.61 4355.54 4290.87 4302.01 4288.23 4306.46 4309.78 4340.49
10 2331.28 2557.48 2334.61 2568.83 2255.64 2556.69 2255.50 2540.04 2276.36 2535.57 2285.17 2489.99 2313.00 2477.57 2339.79 2515.11 2364.91 2506.37 2337.35 2527.58
9 4280.63 2144.52 4241.03 2131.39 4245.27 2081.97 4306.12 2046.26 4298.67 2094.40 4339.60 2079.12 4326.77 2087.90 4301.25 2106.74 4342.59 2087.31
6 273.19 1428.25 287.60 1446.53 250.41 1427.64 162.50 1403.08 185.89 1394.61 190.59 1364.93
15 1400.03 2366.65 1362.67 2376.65 1353.64 2411.35 1311.08 2362.49 1322.11 2359.38 1324.92 2358.82 1296.78 2351.99 1286.45 2348.34 1339.13 2327.40 1341.61 2326.61 1348.69 2290.00 1379.60 2308.07 1381.87 2325.07 1391.68 2342.80 1407.47 2355.28
12 4566.58 1455.15 4582.24 1511.99 4546.03 1485.86 4545.23 1466.02 4467.74 1496.46 4522.33 1455.09 4514.91 1451.23 4494.37 1370.59 4506.96 1356.57 4523.84 1388.41 4549.07 1408.68 4564.60 1418.65
13 3315.56 4188.94 3316.00 4191.73 3269.76 4222.93 3272.42 4205.35 3271.26 4201.97 3259.76 4205.49 3252.58 4204.45 3265.97 4190.24 3271.39 4185.84 3255.67 4171.47 3264.19 4150.53 3281.60 4152.25 3298.47 4149.84
9 4550.73 2597.80 4529.27 2544.67 4553.94 2546.59 4554.06 2544.60 4559.83 2536.51 4564.22 2535.66 4570.38 2542.61 4592.97 2547.46 4590.65 2553.79
9 4187.47 1549.70 4142.60 1540.21 4103.83 1527.05 4074.00 1517.87 4109.92 1499.63 4138.55 1447.05 4139.19 1463.12 4154.71 1471.15 4159.57 1474.43
5 283.01 3938.09 235.29 3947.16 273.30 3915.26 304.59 3873.81 307.99 3886.22
12 1665.11 3031.00 1635.18 3043.51 1628.33 3039.63 1606.14 3021.52 1611.64 3006.68 1643.47 2997.21 1652.04 2960.79 1660.59 2969.09 1665.23 2965.32 1664.54 3002.01 1704.52 2995.80 1706.51 3007.22
13 1264.96 4186.03 1268.05 4187.37 1216.07 4183.52 1208.61 4198.17 1198.79 4215.11 1173.41 4206.34 1194.97 4183.95 1171.78 4196.40 1192.09 4171.67 1180.52 4164.53 1220.20 4115.92 1232.56 4158.72 1234.25 4166.24
11 2666.81 3773.36 2631.41 3767.25 2611.92 3793.29 2577.07 3809.20 2576.53 3754.58 2575.44 3663.47 2604.52 3712.48 2621.55 3682.16 2626.64 3712.49 2681.09 3694.64 2637.93 3732.18
