Medium_250_B
557.01 716.16
3091.02 264.39
4 0.00 0.00 6400.00 0.00 6400.00 6400.00 0.00 6400.00
250
7 5353.50 5356.69 5295.97 5358.31 5292.87 5346.66 5294.98 5316.45 5324.01 5310.15 5335.39 5333.11 5346.84 5339.43
8 5109.30 4186.06 5093.86 4088.10 5094.32 4063.54 5119.58 4055.43 5148.20 4054.94 5182.96 4066.08 5222.92 4102.60 5225.69 4144.70
15 5995.11 3908.92 5954.38 3928.41 5904.13 3927.25 5900.90 3920.72 5912.76 3914.68 5909.10 3896.06 5931.23 3895.86 5937.95 3898.14 5932.62 3890.33 5916.53 3874.85 5930.10 3860.75 5966.47 3891.77 5977.65 3887.79 5997.20 3885.84 5999.21 3897.35
9 3228.13 5050.13 3212.36 4995.02 3232.98 4949.50 3251.51 4937.87 3264.01 4934.75 3316.65 4951.69 3337.54 4964.94 3331.74 5046.08 3312.43 5071.70
9 4915.55 1397.50 4994.52 1453.22 4990.11 1534.31 4981.07 1555.22 4946.01 1586.89 4884.79 1582.40 4849.27 1560.53 4850.20 1455.82 4871.39 1416.82
15 5839.84 4890.24 5812.63 4869.63 5810.64 4868.18 5805.78 4866.91 5800.37 4874.96 5789.85 4875.28 5762.29 4889.75 5771.88 4828.75 5777.91 4821.78 5785.09 4808.43 5798.06 4812.18 5792.79 4776.08 5804.48 4817.78 5828.36 4790.25 5872.10 4842.64
7 4339.81 1559.03 4306.22 1565.04 4297.09 1561.77 4311.00 1540.57 4282.04 1542.20 4291.73 1509.80 4326.78 1498.97
10 5168.17 6130.62 5181.90 6071.87 5269.90 6110.35 5294.33 6164.00 5287.91 6205.43 5268.60 6234.46 5239.71 6242.49 5216.92 6242.97 5198.02 6230.11 5180.81 6191.26
7 4460.30 3810.29 4467.90 3834.17 4443.85 3762.86 4452.54 3772.93 4455.52 3757.18 4470.79 3780.05 4493.22 3779.94
10 6058.31 5873.21 6046.50 5908.98 6028.35 5915.40 6016.40 5914.30 5982.82 5898.86 5976.72 5863.33 5976.66 5853.98 5993.97 5838.82 6016.64 5834.01 6048.49 5860.81
14 3942.98 4956.64 3921.60 4972.27 3916.87 4995.30 3886.94 4985.97 3884.41 4981.70 3882.72 4966.40 3878.56 4968.72 3862.01 4978.66 3874.95 4941.92 3870.76 4926.26 3885.96 4902.57 3893.82 4923.24 3921.22 4926.58 3902.97 4946.64
10 3010.08 1720.05 2984.48 1702.96 2962.20 1711.32 2940.02 1722.40 2933.91 1692.20 2949.75 1681.39 2991.86 1674.73 2989.95 1686.01 3008.84 1677.68 2993.27 1693.11
9 2981.81 1488.39 2968.85 1554.36 2940.45 1561.83 2924.65 1564.83 2843.48 1557.57 2844.26 1553.22 2868.59 1498.60 2886.79 1459.16 2923.59 1462.52
6 3258.92 1654.71 3257.13 1715.16 3209.47 1634.54 3242.66 1596.12 3279.28 1613.34 3307.19 1619.41
9 680.52 4182.58 694.04 4128.91 736.23 4134.28 804.83 4165.61 820.88 4179.43 818.18 4193.15 789.99 4220.52 766.62 4231.72 712.02 4231.45
11 6132.27 2727.54 6195.66 2758.80 6158.48 2745.36 6154.69 2760.96 6115.49 2763.97 6078.86 2756.47 6062.14 2722.55 6085.89 2681.21 6115.00 2675.34 6144.40 2641.13 6152.21 2672.85
8 5947.32 810.90 5929.61 762.89 5951.39 734.21 5966.28 731.25 6018.34 754.66 6018.91 773.46 6017.16 783.64 6002.46 803.33
8 3636.00 2142.55 3689.99 2102.83 3735.08 2148.68 3764.93 2194.73 3742.51 2226.55 3709.30 2241.09 3658.89 2204.03 3654.34 2199.50
5 5320.03 2479.47 5379.79 2575.60 5341.32 2645.46 5255.16 2589.01 5267.12 2553.60
7 827.40 2009.25 826.98 2028.15 818.32 2019.70 794.31 2032.30 756.98 2033.36 796.21 1961.49 809.89 1975.18
8 944.57 2464.63 879.43 2593.83 814.83 2548.12 806.23 2539.08 790.12 2485.09 796.83 2474.57 830.79 2448.64 878.89 2427.00
5 4073.32 6147.35 4056.97 6088.42 4095.85 6030.44 4183.44 6081.41 4157.27 6143.48
8 2222.22 267.26 2245.32 250.29 2257.48 256.60 2262.52 323.23 2255.77 332.51 2233.58 339.52 2203.78 340.35 2208.28 321.58
11 4616.13 4555.84 4609.95 4517.76 4626.45 4494.90 4659.22 4482.79 4701.37 4477.31 4705.02 4479.12 4718.39 4486.10 4716.70 4520.49 4714.03 4567.31 4713.62 4574.38 4677.31 4569.24
5 3337.42 995.11 3355.26 1012.80 3324.49 1005.74 3332.79 1043.86 3243.20 1003.57
14 3607.98 1419.07 3594.83 1429.16 3573.18 1446.76 3542.93 1443.19 3552.51 1425.53 3532.59 1436.78 3553.81 1385.28 3563.57 1398.21 3564.06 1398.83 3571.97 1385.49 3594.44 1377.04 3595.97 1387.13 3611.33 1376.91 3595.71 1392.43
7 3566.48 2721.00 3602.89 2659.00 3645.54 2664.67 3655.65 2672.51 3665.58 2760.97 3645.00 2777.61 3607.64 2765.17
7 1515.45 3374.47 1555.35 3327.52 1572.37 3329.73 1628.22 3456.24 1597.36 3472.91 1547.56 3467.05 1523.14 3449.41
13 3510.48 5581.37 3497.68 5585.40 3493.30 5573.81 3492.40 5583.68 3473.12 5584.04 3486.04 5568.18 3478.13 5566.75 3469.97 5544.74 3478.81 5536.69 3489.04 5554.01 3485.54 5521.53 3515.48 5548.78 3524.29 5556.35
8 3032.86 4781.24 3100.39 4822.00 3094.37 4846.03 3050.55 4862.80 3021.71 4856.71 3014.37 4854.46 2989.21 4841.31 2995.20 4808.85
7 4654.90 5337.14 4696.82 5294.68 4763.26 5324.94 4762.29 5339.04 4731.39 5398.36 4708.85 5409.14 4667.21 5397.13
10 4034.00 3540.95 4059.99 3553.73 4032.27 3559.46 4007.55 3562.38 3966.92 3541.47 3964.15 3532.95 4002.03 3469.12 4051.41 3521.24 4043.64 3524.59 4077.51 3535.03
7 2556.53 3807.13 2525.99 3844.43 2470.43 3835.82 2490.05 3804.35 2516.14 3765.56 2534.84 3772.77 2552.47 3765.98
7 1948.75 6270.45 1946.75 6229.75 1946.77 6204.19 2028.38 6210.77 2032.59 6218.72 2037.49 6253.05 2014.97 6258.04
11 2824.38 3049.40 2835.82 3056.31 2825.86 3074.36 2812.21 3079.90 2809.52 3057.03 2804.81 3051.80 2789.58 3037.70 2788.11 3002.92 2813.70 3032.84 2820.78 3007.52 2848.81 3009.05
15 3366.38 934.31 3336.98 941.99 3348.41 965.31 3306.70 970.14 3300.65 958.15 3270.78 949.88 3281.63 934.44 3260.69 922.68 3248.08 895.68 3288.08 906.75 3291.84 903.35 3308.57 874.98 3340.31 865.82 3330.25 890.07 3343.42 918.73
12 4676.54 2673.44 4673.04 2672.83 4701.39 2733.90 4630.66 2674.87 4611.85 2654.84 4595.80 2635.12 4672.05 2590.34 4659.58 2651.13 4665.87 2643.38 4689.01 2632.90 4691.74 2650.60 4689.59 2668.36
10 369.90 3146.15 351.22 3101.72 302.24 3107.55 265.38 3114.65 314.10 3055.79 283.06 3031.75 272.78 3014.97 329.29 3057.79 339.55 3021.80 374.01 3043.16
14 717.14 5498.35 727.24 5503.07 700.04 5516.03 732.23 5541.18 676.23 5520.95 639.78 5527.96 632.92 5528.17 621.39 5523.51 654.79 5497.90 637.42 5469.15 659.72 5485.38 639.45 5443.12 667.44 5441.75 686.96 5448.48
7 6064.82 480.16 6037.00 413.95 6032.03 395.24 6040.12 330.25 6067.33 336.27 6076.44 342.32 6085.23 374.89
12 403.12 3785.59 391.91 3781.50 372.23 3743.22 359.23 3715.42 361.46 3669.27 401.84 3642.36 422.98 3649.74 466.42 3671.52 498.67 3691.36 503.66 3695.56 448.12 3775.90 405.71 3785.18
7 3372.31 4474.65 3324.63 4545.38 3263.86 4538.42 3251.52 4495.67 3259.07 4458.04 3292.04 4419.43 3341.16 4423.67
13 2096.95 1885.00 2088.68 1883.97 2062.97 1902.41 2070.74 1879.51 2045.05 1902.89 2059.72 1879.11 2042.66 1875.35 2029.82 1848.93 2055.38 1834.77 2062.08 1844.06 2074.63 1856.58 2096.55 1822.91 2113.73 1856.96
8 4940.49 1387.59 4870.32 1346.61 4870.53 1304.51 4870.93 1301.62 4918.28 1262.02 5004.18 1311.92 5010.64 1364.85 4976.10 1391.44
9 3167.63 374.10 3203.79 318.20 3294.44 320.98 3325.23 348.12 3290.17 438.23 3246.10 468.64 3226.37 480.30 3203.85 453.92 3185.40 424.70
9 2887.36 4378.15 2849.41 4326.29 2861.61 4298.12 2880.16 4288.32 2934.61 4271.10 2950.78 4271.26 2986.59 4300.31 2967.94 4370.38 2958.07 4390.98
10 4546.04 3760.83 4551.14 3708.25 4589.75 3690.92 4607.86 3692.43 4639.74 3715.44 4636.89 3742.51 4619.59 3773.92 4602.50 3801.38 4557.15 3784.92 4550.23 3772.15
13 5173.03 3802.86 5177.28 3806.65 5176.90 3811.94 5169.29 3804.04 5168.10 3809.16 5170.75 3817.56 5149.43 3792.35 5154.12 3819.34 5126.98 3797.55 5133.80 3743.12 5152.98 3771.38 5168.33 3763.42 5185.98 3770.30
11 2142.61 5598.94 2186.89 5580.41 2207.13 5580.88 2224.40 5589.46 2262.91 5635.68 2276.21 5699.65 2263.05 5726.44 2234.44 5719.73 2222.94 5712.61 2138.69 5628.53 2139.89 5607.66
8 1830.92 1100.45 1785.70 1031.37 1821.02 985.15 1860.30 962.05 1899.93 973.14 1932.67 1032.06 1891.15 1068.67 1889.59 1069.62
9 2215.08 4548.66 2193.23 4514.44 2202.97 4490.53 2215.46 4477.04 2265.75 4443.57 2288.26 4453.95 2322.27 4486.48 2317.20 4542.79 2261.64 4560.01
10 4342.70 6041.37 4319.48 6059.87 4319.31 6027.24 4309.02 6028.87 4316.20 6007.83 4320.61 5999.30 4331.54 6009.79 4338.07 6008.89 4339.30 6007.89 4339.11 6010.80
8 4886.04 2931.45 4889.70 2887.64 4898.32 2864.87 4967.31 2871.48 4989.19 2892.39 4984.57 2927.48 4919.40 2973.73 4898.30 2958.25
7 2853.93 1813.76 2871.06 1738.55 2946.83 1762.40 2948.74 1768.86 2948.45 1823.66 2878.96 1840.78 2871.73 1838.03
14 301.99 3859.61 274.43 3870.96 279.81 3902.12 266.86 3862.61 255.25 3857.21 244.51 3856.16 210.16 3849.50 219.99 3841.33 227.93 3772.44 267.61 3764.37 271.61 3815.00 286.81 3800.82 286.33 3822.28 285.38 3831.86
15 5458.18 1950.89 5418.38 1994.94 5409.26 1938.65 5403.94 1945.68 5390.79 1992.71 5388.05 1969.63 5369.09 1991.20 5377.46 1968.24 5390.74 1920.78 5375.02 1908.56 5370.72 1886.69 5366.34 1871.57 5420.44 1863.85 5451.30 1853.72 5420.48 1906.75
8 2314.43 3177.98 2348.54 3152.83 2428.09 3157.04 2441.39 3180.76 2427.60 3207.00 2395.17 3241.68 2344.39 3256.18 2333.67 3252.35
10 695.43 1648.83 680.63 1670.09 573.42 1684.08 622.36 1642.55 578.31 1655.61 561.08 1626.02 595.87 1615.61 690.81 1570.02 655.80 1621.58 676.90 1612.24
8 2532.31 280.81 2477.30 206.75 2488.29 172.11 2545.10 123.70 2630.73 138.61 2666.04 192.56 2659.16 245.85 2583.61 276.63
7 3058.28 581.45 3020.49 497.62 3059.95 467.48 3111.83 456.56 3143.22 451.94 3145.09 471.83 3135.29 573.81
9 2310.67 5100.40 2294.69 5118.37 2281.50 5134.78 2271.20 5107.28 2243.54 5107.30 2269.12 5094.08 2279.59 5048.05 2288.94 5083.29 2299.86 5092.44
6 2176.93 4823.59 2133.42 4828.65 2061.37 4854.05 2053.18 4821.86 2099.08 4765.00 2154.11 4778.68
8 2302.10 1890.93 2296.85 1892.36 2296.84 1896.66 2298.56 1921.52 2237.06 1888.80 2248.57 1879.92 2288.65 1869.41 2305.91 1841.61
13 3759.16 3467.18 3736.80 3492.35 3727.33 3495.10 3712.43 3489.71 3676.02 3466.28 3664.99 3458.45 3659.40 3428.07 3656.08 3396.93 3661.49 3386.09 3667.63 3380.07 3716.31 3385.10 3732.49 3392.46 3754.98 3451.56
8 1928.31 2261.42 1868.56 2310.63 1849.80 2309.36 1845.19 2303.81 1824.14 2267.11 1807.10 2225.46 1814.54 2209.25 1910.54 2230.80
9 2374.20 2708.62 2335.95 2715.93 2307.20 2729.97 2333.63 2698.36 2333.48 2694.89 2329.52 2684.10 2356.55 2668.81 2363.88 2668.89 2386.23 2679.27
9 1237.35 2845.16 1208.54 2780.02 1247.18 2740.60 1290.78 2723.76 1351.94 2732.37 1363.58 2753.07 1376.62 2793.29 1364.70 2832.10 1339.46 2854.09
8 3091.51 5328.93 3032.27 5331.39 3045.67 5254.32 3076.60 5232.12 3089.41 5230.86 3126.25 5231.65 3127.31 5241.99 3102.58 5318.32
8 2051.55 3724.40 1976.06 3734.33 1937.93 3729.48 1971.10 3713.20 1950.15 3671.94 2018.05 3662.54 2029.16 3699.54 2035.97 3711.30
6 5254.10 1240.59 5229.43 1206.39 5259.60 1175.45 5302.88 1156.36 5320.86 1170.40 5356.44 1202.14
11 5827.14 6054.68 5812.21 6026.43 5794.34 6032.27 5771.05 6007.40 5787.07 6002.07 5787.01 5988.36 5824.49 5998.75 5829.29 5965.27 5862.24 5973.21 5868.10 5996.65 5857.99 6008.00
12 2106.89 401.85 2124.59 407.21 2132.81 422.10 2054.33 438.67 2026.14 412.10 2040.65 408.35 2040.07 399.37 2058.05 397.34 2045.95 393.90 2072.56 390.83 2078.21 383.29 2131.98 392.17
13 205.57 5583.43 189.74 5583.17 217.10 5612.21 161.60 5600.26 160.58 5598.99 160.04 5599.10 115.88 5614.86 114.16 5598.33 127.12 5574.24 144.80 5566.85 152.19 5544.04 152.14 5541.64 197.38 5547.90
8 6250.77 5105.47 6149.01 5052.25 6146.31 5045.42 6161.66 5011.12 6207.02 5012.50 6211.70 5041.72 6225.22 5056.90 6273.27 5054.24
10 4770.24 1118.70 4766.74 1116.93 4766.41 1124.22 4771.70 1139.45 4726.01 1111.42 4751.61 1091.08 4756.29 1092.24 4756.97 1075.71 4759.07 1094.15 4782.63 1098.69
6 4075.37 373.83 4051.25 477.04 4032.93 473.26 3972.70 422.01 3998.81 359.69 4013.47 362.36
9 5236.97 4103.94 5216.28 4076.87 5216.37 4066.51 5229.18 4041.32 5250.08 4034.91 5286.51 4053.36 5285.13 4097.93 5281.88 4104.26 5247.76 4111.55
9 1266.54 2046.38 1246.54 2017.20 1250.60 1996.04 1260.07 1956.62 1281.97 1946.76 1320.18 1949.54 1325.08 1957.10 1342.45 2007.88 1335.50 2021.53
7 5812.12 1932.85 5778.37 1900.43 5785.26 1873.25 5829.27 1844.86 5849.82 1857.57 5864.18 1887.33 5857.63 1913.54
9 3740.46 695.75 3696.20 640.11 3727.52 588.83 3791.32 566.92 3813.60 565.07 3879.57 593.26 3886.72 623.12 3863.66 683.79 3799.22 709.87
5 2452.33 215.58 2412.77 258.55 2394.81 252.68 2387.49 213.34 2404.82 176.06
13 4497.48 3273.83 4459.35 3269.26 4484.19 3274.98 4458.99 3290.20 4444.55 3290.18 4445.31 3316.72 4411.18 3303.83 4418.89 3260.44 4413.99 3240.93 4410.56 3224.19 4440.93 3249.89 4442.74 3239.76 4467.47 3220.92
9 3797.12 2243.12 3816.20 2275.35 3807.73 2297.32 3797.31 2318.45 3780.48 2328.83 3752.13 2321.25 3732.01 2304.22 3721.87 2290.80 3723.18 2284.43
8 3609.13 2011.13 3587.07 1992.47 3580.05 2032.02 3563.41 1986.32 3538.79 1954.28 3505.52 1936.94 3554.32 1920.74 3613.33 1938.46
8 1061.85 3722.13 1079.68 3732.45 1037.85 3742.10 1017.46 3718.91 994.44 3694.74 986.37 3683.53 1019.96 3680.38 1013.15 3660.82
6 3351.85 4020.09 3329.65 4009.69 3302.28 4002.63 3312.34 3999.26 3336.14 3958.14 3354.79 3955.49
12 3388.70 3273.93 3426.59 3299.29 3363.48 3307.85 3353.92 3349.06 3344.48 3312.53 3280.34 3288.81 3277.72 3240.16 3304.10 3225.19 3325.61 3235.21 3338.91 3206.03 3357.22 3236.22 3406.51 3239.02
8 5699.89 3569.98 5664.52 3656.73 5608.83 3649.73 5553.64 3611.44 5559.41 3568.19 5572.85 3521.92 5633.38 3505.13 5684.35 3540.81
10 855.81 1816.72 910.41 1752.95 941.94 1750.63 978.21 1756.03 997.75 1789.34 989.94 1821.90 977.23 1861.99 962.04 1863.00 880.04 1868.09 865.05 1847.16
10 2946.89 366.59 2959.65 384.17 2956.09 399.27 2914.93 355.25 2879.30 356.92 2879.46 343.01 2891.47 288.30 2914.19 285.67 2952.51 290.59 3011.17 329.66
12 1041.85 3015.82 1046.42 3030.26 987.93 3055.02 988.44 3046.02 978.31 3035.40 961.17 3010.93 960.37 3001.89 944.90 2976.71 961.43 2969.71 996.78 2972.50 1003.65 2971.25 1021.98 2968.55
12 919.75 1637.10 892.47 1642.61 873.92 1688.01 849.83 1695.51 811.33 1705.55 831.64 1627.51 827.82 1573.97 836.23 1592.27 843.77 1588.30 857.90 1584.33 857.80 1610.97 879.03 1626.67
8 4614.76 1367.85 4569.24 1400.53 4554.63 1387.30 4562.44 1367.79 4565.57 1363.86 4605.81 1322.77 4625.35 1329.59 4634.77 1329.57
11 2823.84 3930.88 2843.65 3899.46 2884.84 3886.48 2927.18 3896.02 2952.04 3920.12 2953.09 3965.65 2928.22 3987.53 2875.76 3994.28 2840.32 3972.81 2838.87 3971.16 2828.63 3952.09
6 4061.66 2645.53 4051.62 2577.08 4069.99 2574.57 4103.67 2586.47 4116.11 2618.89 4103.87 2625.24
7 4823.92 3963.71 4852.24 3926.12 4937.83 3902.14 4948.97 3923.44 4940.48 3985.04 4933.14 3991.72 4838.71 3979.30
7 1743.39 4498.88 1716.60 4506.85 1671.74 4532.66 1670.17 4474.74 1642.19 4471.30 1656.67 4406.52 1685.69 4379.44
9 4853.59 2833.21 4832.03 2827.09 4795.28 2845.08 4793.51 2815.15 4774.67 2785.55 4842.08 2758.19 4835.50 2796.18 4850.17 2803.59 4852.97 2803.60
11 2704.03 1014.02 2638.74 1023.36 2613.36 1043.90 2616.26 1016.39 2604.30 982.71 2629.91 980.33 2620.85 962.65 2626.01 966.50 2644.42 990.95 2655.26 972.13 2696.00 992.40
14 2325.23 2560.79 2317.18 2554.01 2301.52 2551.97 2295.98 2575.24 2293.03 2552.52 2245.22 2568.49 2246.46 2563.50 2279.21 2538.39 2262.48 2517.48 2278.55 2520.89 2295.11 2511.40 2297.77 2513.08 2312.55 2495.75 2349.10 2517.63
9 3689.26 1300.48 3712.86 1242.36 3744.92 1233.07 3772.80 1232.90 3791.76 1261.90 3788.65 1283.82 3772.82 1335.26 3714.95 1339.68 3701.37 1321.90
11 664.44 1369.37 655.17 1360.78 629.83 1355.46 599.48 1323.79 618.91 1332.23 603.21 1321.93 650.12 1316.91 650.87 1335.86 676.50 1335.60 687.69 1334.07 683.10 1340.02
14 1895.22 5839.53 1893.16 5845.85 1908.36 5873.86 1904.37 5873.02 1869.70 5848.57 1859.75 5903.80 1852.97 5853.66 1842.32 5875.36 1846.34 5857.90 1804.07 5814.71 1840.50 5820.23 1870.96 5764.31 1862.32 5802.42 1906.83 5785.81
8 2725.52 3429.51 2731.41 3445.53 2717.52 3433.54 2712.54 3449.51 2671.66 3432.61 2690.41 3382.51 2694.16 3374.81 2708.33 3403.89
11 2179.92 4993.28 2228.80 5063.38 2202.54 5111.07 2194.41 5116.40 2108.79 5138.15 2056.90 5095.86 2045.24 5084.74 2048.15 5032.46 2056.61 4993.83 2076.39 4984.68 2156.97 4978.94
10 5985.59 1852.70 5954.36 1848.42 5966.74 1866.03 5959.76 1875.43 5891.84 1837.37 5918.10 1830.19 5928.28 1806.19 5936.37 1820.70 5996.75 1812.50 5994.26 1843.01
11 4908.78 5115.45 4902.50 5079.06 4909.69 5032.51 4964.18 5000.77 5012.53 4989.64 5045.21 5009.47 5062.90 5043.41 5051.49 5078.56 5031.97 5135.13 5010.68 5142.74 4971.83 5155.63
11 582.70 2602.68 498.68 2587.91 479.96 2580.02 518.37 2487.98 561.02 2464.68 563.30 2468.30 565.74 2474.68 565.07 2482.03 566.13 2482.70 630.44 2506.41 630.99 2542.64
8 2915.00 694.74 2857.41 710.05 2814.35 693.36 2795.46 630.99 2812.62 615.46 2833.68 613.50 2872.67 615.16 2907.10 636.06
11 466.82 2782.76 508.26 2740.65 533.89 2742.48 561.60 2747.59 572.07 2750.66 574.04 2833.54 572.54 2849.67 558.08 2858.73 555.22 2858.79 506.81 2832.89 478.17 2804.21
5 5480.20 3609.84 5473.38 3616.92 5483.15 3581.46 5509.31 3574.73 5517.41 3573.01
11 1787.94 794.53 1783.94 797.54 1790.65 827.36 1760.78 795.78 1732.03 800.44 1705.09 794.98 1717.67 782.16 1738.34 756.68 1827.73 730.45 1828.85 729.91 1832.66 735.61
5 657.06 6252.81 541.06 6286.78 539.01 6174.86 621.04 6147.45 619.16 6178.05
8 5727.39 4070.75 5699.68 4066.07 5721.48 4095.30 5688.68 4072.97 5699.22 4123.79 5688.13 4094.00 5618.80 4039.84 5633.01 4020.18
7 4139.94 5495.45 4092.34 5453.56 4106.72 5427.46 4123.94 5412.07 4170.16 5402.11 4178.93 5414.23 4183.91 5456.93
8 1486.11 2109.88 1518.82 2056.15 1554.25 2068.25 1590.56 2118.58 1579.26 2156.26 1573.06 2166.76 1502.15 2170.48 1493.32 2147.79
13 6023.24 2330.00 6033.71 2279.45 6048.83 2276.20 6068.88 2274.19 6089.96 2273.08 6102.34 2287.36 6104.56 2295.74 6103.39 2324.48 6102.88 2331.51 6079.58 2348.62 6059.76 2347.88 6038.24 2345.87 6032.76 2342.73
14 5885.80 250.23 5851.89 283.54 5858.99 253.56 5845.94 285.35 5813.01 266.34 5795.56 219.05 5805.62 218.19 5823.39 155.98 5871.50 194.51 5895.38 183.29 5885.07 206.21 5902.53 205.92 5949.81 204.21 5932.15 209.69
8 5054.05 340.08 5019.90 301.36 5044.17 251.27 5052.50 245.00 5104.37 256.60 5117.11 287.64 5098.26 316.84 5076.38 331.90
12 3662.39 5639.04 3664.51 5619.48 3681.09 5597.02 3705.24 5597.16 3720.02 5603.53 3734.96 5614.88 3744.59 5626.54 3748.90 5669.83 3726.52 5688.31 3691.52 5682.68 3673.67 5671.74 3664.50 5659.80
7 3860.01 2852.73 3881.03 2799.69 3934.92 2809.87 3935.23 2842.41 3930.61 2861.65 3903.39 2880.97 3876.28 2866.62
10 5411.98 6281.96 5367.30 6308.83 5380.30 6257.61 5355.24 6244.71 5381.97 6227.99 5369.40 6221.12 5375.81 6206.50 5398.59 6211.58 5427.79 6158.63 5442.24 6226.69
11 5765.42 3209.25 5740.16 3227.35 5743.61 3266.41 5735.32 3251.84 5723.87 3216.69 5732.17 3260.42 5683.15 3249.14 5672.85 3200.27 5689.22 3197.06 5677.53 3170.54 5738.73 3191.14
10 4506.80 5602.84 4505.53 5539.14 4507.00 5528.90 4542.46 5497.67 4578.48 5485.55 4619.06 5516.35 4654.05 5571.99 4604.09 5628.60 4592.75 5636.63 4574.48 5636.73
10 2677.59 3253.66 2654.59 3258.90 2610.34 3281.22 2570.61 3255.32 2573.79 3251.95 2576.43 3213.23 2574.09 3209.58 2589.91 3182.12 2665.91 3207.74 2692.05 3202.58
7 3732.82 5514.80 3684.55 5434.43 3707.60 5389.32 3733.93 5385.54 3771.67 5395.08 3821.67 5466.37 3791.55 5508.34
10 3944.01 5456.01 3918.65 5417.46 3919.12 5411.01 3927.02 5402.12 3979.39 5371.45 4008.62 5405.76 4013.59 5413.88 4001.96 5458.99 3992.12 5471.00 3970.53 5473.51
7 4052.32 1038.03 4063.96 1082.60 4010.63 1079.47 4006.14 1091.09 3966.17 1054.41 3967.09 1038.84 3973.25 946.28
8 3805.36 4618.98 3682.97 4630.40 3665.24 4607.77 3656.97 4560.68 3670.12 4550.60 3742.14 4509.90 3783.10 4521.60 3804.53 4586.54
10 2320.63 5587.67 2329.75 5565.04 2365.06 5545.80 2378.93 5541.52 2406.49 5553.84 2423.69 5614.60 2417.75 5631.93 2385.30 5652.13 2363.67 5650.25 2332.85 5619.26
10 2583.62 3126.28 2566.54 3123.64 2530.41 3097.81 2521.68 3088.56 2525.13 3036.84 2553.37 3010.72 2589.38 3005.47 2686.89 3004.88 2699.77 3018.29 2695.11 3068.76
12 4919.56 3269.05 4909.15 3223.17 4920.20 3204.56 4946.51 3182.90 4997.10 3209.18 5009.05 3218.01 5008.71 3248.86 5001.01 3264.19 4978.78 3283.84 4973.67 3285.74 4949.25 3288.73 4944.90 3287.00
12 4364.75 4155.15 4407.23 4173.54 4372.75 4192.85 4361.17 4197.45 4312.31 4195.06 4275.78 4174.23 4261.71 4174.84 4255.46 4098.77 4307.51 4102.12 4340.90 4058.03 4353.28 4136.72 4358.81 4137.92
12 3347.35 4216.56 3321.31 4199.13 3312.59 4218.70 3287.59 4200.89 3293.01 4196.11 3293.68 4180.02 3270.02 4165.63 3298.49 4170.28 3311.62 4155.76 3317.85 4151.91 3337.55 4110.37 3353.75 4129.61
5 4057.39 3845.62 4085.32 3926.32 4055.43 3918.94 4034.62 3880.87 4041.33 3858.13
11 370.28 2492.20 398.62 2519.11 360.95 2488.57 358.08 2508.28 319.74 2532.87 314.19 2524.49 299.14 2451.60 312.11 2415.17 303.26 2378.85 389.34 2401.71 413.56 2462.12
11 3818.96 6257.61 3776.21 6257.60 3787.83 6280.04 3792.12 6294.92 3776.76 6313.56 3676.94 6307.33 3656.64 6272.25 3655.53 6230.93 3667.91 6232.80 3661.36 6229.42 3760.69 6244.50
11 1684.05 2798.87 1663.42 2747.55 1665.87 2736.22 1730.42 2721.21 1743.29 2748.19 1745.23 2762.93 1745.01 2770.43 1736.52 2783.65 1715.05 2804.65 1698.50 2804.85 1688.12 2801.38
5 2294.33 684.29 2309.96 613.95 2394.10 629.24 2426.43 732.96 2345.42 764.24
9 5374.42 330.76 5349.81 330.99 5330.89 337.30 5260.03 323.92 5304.77 303.65 5297.90 274.99 5332.46 230.82 5368.34 265.23 5386.95 275.54
12 5402.99 1359.82 5388.43 1357.44 5381.25 1362.43 5362.92 1383.36 5351.45 1398.83 5334.52 1343.06 5358.81 1344.88 5336.53 1326.59 5342.88 1304.33 5380.44 1325.93 5380.78 1331.69 5411.44 1347.49
11 4062.45 3703.11 4037.35 3642.07 4040.85 3609.52 4093.27 3561.87 4128.62 3551.04 4173.94 3574.81 4184.77 3583.37 4215.94 3617.48 4210.24 3671.04 4163.99 3708.89 4126.65 3716.01
9 1292.30 5013.69 1268.46 5011.43 1238.85 5023.65 1220.94 5038.22 1233.21 4993.36 1207.00 4961.26 1248.59 4927.73 1259.89 4982.39 1302.34 4956.77
8 2605.70 1936.32 2613.51 1999.84 2599.68 2029.20 2568.33 2046.70 2512.14 2038.58 2483.93 1989.87 2477.60 1950.74 2532.00 1910.89
12 5998.22 3054.40 5985.79 3090.17 5976.89 3081.23 5938.05 3084.49 5941.63 3074.36 5931.22 3067.59 5941.59 3042.66 5948.69 3033.12 5922.21 3016.09 5960.42 3015.09 5972.72 3025.57 5998.85 3026.81
10 4499.66 3537.18 4485.43 3473.55 4525.89 3407.21 4565.10 3398.82 4584.49 3407.28 4607.33 3421.26 4619.75 3449.01 4614.44 3480.47 4578.02 3541.58 4535.07 3545.56
8 1761.49 2440.90 1774.04 2384.59 1832.67 2377.68 1819.44 2476.65 1819.07 2477.24 1809.80 2492.09 1795.10 2493.04 1767.91 2467.07
8 2240.64 4044.31 2216.48 4019.29 2220.58 4001.11 2256.83 3955.44 2278.32 3947.37 2279.13 3947.84 2302.06 3967.98 2304.00 3980.20
9 3673.69 3109.56 3649.35 3053.62 3667.72 3032.82 3733.09 3041.39 3750.06 3045.15 3747.92 3049.91 3738.87 3062.78 3705.41 3104.48 3691.92 3108.92
12 1202.91 529.38 1164.69 524.63 1095.04 568.94 1126.57 535.74 1123.21 526.28 1127.76 513.42 1124.28 510.64 1123.48 509.36 1106.06 478.42 1149.74 500.42 1203.05 492.23 1200.98 500.64
12 736.81 1398.25 775.83 1445.45 766.16 1476.96 744.35 1509.06 676.34 1493.49 671.31 1490.54 656.79 1472.78 654.84 1457.33 653.90 1437.95 673.39 1414.24 681.53 1409.75 703.30 1403.64
9 2630.21 591.42 2643.24 637.58 2608.92 677.46 2569.28 647.32 2553.45 632.10 2549.19 626.06 2554.31 595.49 2563.15 593.61 2572.07 592.18
8 5189.39 2899.66 5117.90 2860.97 5131.88 2809.83 5149.01 2789.38 5172.66 2781.60 5216.46 2802.74 5232.37 2853.91 5210.07 2894.07
8 3316.89 1494.57 3348.21 1442.67 3431.13 1449.01 3451.15 1474.31 3448.16 1513.67 3436.73 1542.12 3402.86 1551.98 3349.77 1546.11
6 3264.14 2608.75 3226.01 2597.35 3155.98 2581.55 3224.59 2561.87 3238.98 2545.49 3253.79 2574.91
8 4896.79 962.35 4961.76 871.25 5007.79 878.19 5016.54 902.85 5017.32 932.38 5000.26 970.29 4965.82 981.44 4937.12 976.45
9 4910.33 818.11 4888.27 772.35 4888.67 766.75 4909.78 744.06 4938.30 749.36 4955.10 760.95 4962.25 793.25 4941.21 817.02 4936.56 817.57
6 3055.19 3546.51 3127.98 3572.87 3158.12 3643.36 3086.95 3687.26 3079.38 3691.09 3055.81 3580.27
15 3099.69 3487.24 3126.72 3505.80 3123.68 3524.33 3085.42 3491.72 3085.80 3494.06 3085.36 3499.38 3078.83 3497.71 3075.64 3497.62 3071.15 3491.77 3066.53 3481.93 3061.32 3475.85 3043.70 3470.66 3023.62 3460.02 3067.62 3446.47 3080.24 3442.37
14 503.29 4714.65 508.44 4735.19 516.96 4750.90 492.08 4754.90 489.34 4739.67 481.49 4752.96 483.24 4736.91 476.97 4735.40 464.08 4736.17 469.00 4726.41 443.24 4676.21 489.08 4697.01 506.89 4655.40 522.70 4687.44
8 1554.47 1323.62 1526.43 1320.91 1510.73 1356.99 1475.38 1321.27 1411.80 1335.74 1438.00 1276.75 1431.92 1272.53 1512.91 1267.07
11 5423.25 3579.64 5403.69 3578.95 5413.07 3587.78 5386.88 3582.19 5372.83 3594.16 5366.86 3569.83 5361.47 3558.77 5389.42 3534.37 5397.70 3565.60 5406.29 3564.84 5403.80 3570.56
10 3953.99 3399.00 3941.56 3402.05 3951.37 3428.63 3893.94 3394.15 3916.28 3386.32 3914.54 3384.30 3938.39 3358.96 3951.52 3372.39 3938.77 3385.98 3937.81 3388.53
11 1268.15 3925.65 1259.43 3899.56 1257.93 3895.07 1251.60 3907.02 1232.55 3915.81 1244.43 3892.27 1225.76 3895.13 1230.05 3878.42 1220.68 3863.42 1241.43 3855.84 1286.55 3869.15
11 4908.72 5710.95 4881.48 5665.11 4870.63 5644.12 4865.62 5631.20 4867.98 5601.43 4869.18 5592.14 4916.63 5562.31 4989.82 5577.03 5002.21 5596.02 5016.77 5627.54 5007.26 5692.07
11 5726.36 603.77 5684.24 575.82 5684.41 570.11 5688.98 515.09 5722.65 501.43 5725.96 500.47 5747.06 502.62 5765.64 521.51 5778.45 543.27 5778.54 564.66 5776.61 567.63
12 5057.26 3030.66 5032.82 3029.76 5046.76 3043.21 5022.25 3052.32 5015.94 3052.84 4981.49 3044.99 4998.86 3028.67 5010.08 3024.40 5019.21 3011.31 5026.20 3020.25 5050.45 3003.21 5030.84 3024.80
9 2026.38 284.45 1996.21 258.24 1997.00 230.38 2005.73 215.21 2038.67 209.54 2050.67 213.22 2069.20 248.91 2067.87 256.94 2057.27 265.11
9 2186.05 538.79 2161.70 447.06 2174.64 402.78 2257.75 375.03 2282.77 394.07 2333.03 464.47 2333.64 495.49 2303.04 530.48 2215.26 546.44
6 3448.97 814.00 3418.16 763.84 3423.76 735.15 3469.37 715.63 3492.77 718.62 3509.39 786.32
10 2539.39 2520.35 2532.23 2524.61 2504.10 2557.75 2501.25 2548.11 2502.34 2532.97 2500.84 2513.83 2486.31 2496.62 2485.01 2491.43 2516.68 2484.37 2519.58 2506.11
13 1164.54 2360.90 1179.44 2371.16 1156.76 2366.57 1136.72 2365.26 1130.19 2366.36 1100.25 2362.44 1124.30 2352.73 1128.54 2351.73 1104.78 2340.71 1145.06 2323.11 1155.29 2323.07 1165.75 2336.13 1182.96 2336.67
6 1366.17 6086.27 1297.84 6094.67 1300.23 6048.90 1333.39 6042.61 1364.00 6071.12 1366.12 6081.69
12 4475.51 312.99 4472.29 325.15 4457.90 318.66 4454.24 322.32 4450.62 331.07 4439.69 332.85 4419.61 310.75 4450.47 297.44 4441.25 276.75 4452.01 289.45 4485.62 290.48 4493.37 295.06
6 4888.19 5965.28 4849.56 5961.84 4854.63 5914.24 4875.12 5920.08 4888.06 5954.09 4902.25 5957.29
9 5425.82 3418.70 5443.16 3396.32 5479.84 3374.06 5536.05 3394.24 5536.19 3470.39 5512.03 3497.35 5501.27 3497.49 5446.70 3484.13 5446.05 3483.53
9 3266.99 6196.61 3214.87 6119.83 3269.53 6064.97 3309.42 6059.47 3316.10 6060.71 3366.17 6086.62 3358.31 6129.15 3332.92 6173.49 3320.39 6178.27
12 3548.70 3945.56 3524.65 3974.77 3483.72 3966.66 3458.51 3955.44 3443.83 3937.94 3432.53 3871.08 3445.64 3858.27 3467.98 3838.70 3487.47 3829.06 3548.53 3863.66 3565.82 3897.12 3560.39 3922.33
8 4757.97 1260.98 4804.06 1245.60 4841.44 1253.51 4847.35 1268.33 4852.58 1312.17 4830.52 1325.57 4816.04 1323.39 4767.55 1284.06
9 843.43 5820.72 786.14 5823.05 777.57 5815.59 774.27 5802.30 775.97 5782.56 810.59 5757.18 816.42 5781.73 822.49 5756.39 835.79 5793.87
11 1456.70 1196.83 1460.69 1201.62 1442.62 1198.63 1437.50 1211.33 1435.45 1241.74 1396.47 1184.50 1413.94 1174.68 1413.72 1174.43 1431.22 1165.79 1435.05 1176.19 1443.83 1164.14
14 738.68 2231.60 764.51 2264.02 782.81 2278.34 746.88 2270.32 688.33 2299.74 683.26 2295.09 647.39 2257.34 649.57 2195.84 668.48 2192.00 703.17 2140.04 741.02 2150.09 725.78 2189.04 750.04 2162.09 729.99 2205.01
10 1466.51 1552.76 1422.05 1549.68 1430.00 1601.57 1403.62 1562.02 1394.84 1540.41 1376.88 1553.17 1382.41 1538.77 1400.32 1508.20 1471.35 1481.17 1461.68 1489.40
5 4831.22 1473.89 4796.84 1529.52 4743.12 1531.12 4755.98 1361.69 4825.65 1389.21
5 2032.90 2320.80 2028.55 2294.42 2026.73 2291.90 2046.09 2276.91 2095.21 2269.15
9 4615.06 942.28 4665.13 983.99 4655.51 1008.05 4644.00 1019.11 4628.43 1028.08 4598.05 1021.06 4592.61 1019.37 4580.44 995.08 4587.82 967.16
10 2776.17 1765.72 2726.91 1717.56 2727.87 1670.87 2739.40 1655.68 2784.47 1631.70 2801.17 1624.14 2852.92 1638.24 2872.41 1701.21 2857.22 1737.59 2840.75 1754.59
10 4824.65 482.45 4815.70 453.01 4822.37 441.59 4829.88 430.63 4861.74 422.51 4874.35 424.23 4895.09 449.74 4886.21 469.67 4878.74 486.29 4845.25 494.31
9 3929.75 1717.67 3927.71 1678.46 3954.53 1614.35 4029.70 1613.02 4044.40 1618.38 4086.50 1671.75 4089.67 1690.69 4046.41 1747.71 4016.67 1767.18
10 2384.98 2141.69 2362.25 2111.73 2356.81 2079.96 2352.70 2043.58 2384.59 2017.89 2402.55 2010.45 2450.78 2033.24 2479.86 2049.23 2475.42 2077.32 2431.26 2140.88
13 4995.21 2757.19 4958.81 2756.77 4920.13 2776.85 4911.03 2760.92 4908.83 2761.65 4900.60 2771.12 4893.48 2755.99 4895.51 2743.48 4886.17 2683.30 4907.85 2691.45 4905.05 2671.31 4980.87 2675.30 5011.53 2717.90
11 575.13 518.34 541.31 503.11 570.03 524.62 570.63 547.73 536.50 509.02 529.56 514.61 480.06 493.08 505.82 437.10 527.66 480.13 540.09 444.76 538.35 484.40
8 4610.72 1897.47 4643.07 1942.94 4640.20 1949.27 4604.38 1978.53 4583.44 1987.32 4558.79 1976.24 4541.79 1945.46 4583.17 1902.72
7 1533.35 4870.56 1563.46 4796.03 1648.28 4813.60 1666.38 4860.69 1656.47 4914.39 1615.68 4932.72 1541.02 4895.62
8 2760.62 4905.27 2777.26 4880.61 2795.57 4883.62 2816.85 4900.15 2824.79 4907.69 2810.01 4940.61 2779.77 4949.71 2768.80 4925.16
5 867.96 4425.24 840.66 4413.80 827.89 4404.66 829.07 4376.69 855.24 4354.13
9 6057.50 2046.16 6024.20 2063.75 6022.01 2055.63 6000.21 2060.44 6024.66 2030.79 6029.24 2030.74 6029.59 2006.95 6043.25 2024.54 6082.09 2025.58
11 4417.10 4035.99 4468.39 4020.81 4477.06 4027.87 4487.57 4054.90 4482.55 4074.04 4476.26 4078.34 4460.01 4084.54 4428.57 4084.36 4416.46 4071.71 4410.73 4065.13 4412.54 4052.77
10 2967.39 5900.34 2966.68 5871.98 3009.25 5823.19 3019.24 5817.91 3069.82 5849.12 3105.02 5876.41 3103.42 5894.03 3096.82 5902.40 3059.40 5941.49 2998.71 5944.78
7 4450.98 5032.65 4403.37 5045.13 4430.56 5088.18 4402.87 5116.16 4372.62 5038.16 4343.17 5027.27 4395.37 4985.28
9 1543.42 2467.02 1541.45 2478.71 1533.53 2509.66 1513.77 2502.22 1508.79 2513.93 1508.13 2480.93 1498.89 2459.42 1534.68 2446.47 1562.53 2438.37
10 917.30 1420.69 869.17 1396.92 853.93 1349.45 851.06 1308.36 855.21 1298.72 869.05 1285.08 911.60 1272.97 995.60 1313.56 999.22 1347.61 971.21 1378.90
10 4291.67 1291.50 4317.42 1294.70 4286.07 1305.32 4293.25 1331.64 4291.13 1337.27 4282.94 1321.06 4269.81 1313.39 4263.70 1286.46 4267.53 1273.70 4301.47 1244.61
8 5866.71 2373.76 5875.14 2319.76 5939.99 2279.69 6000.75 2364.49 6003.98 2373.57 5969.12 2414.06 5940.87 2436.60 5897.90 2434.54
7 3242.10 1354.71 3209.64 1370.70 3218.46 1349.80 3202.92 1329.92 3260.83 1305.38 3291.37 1311.61 3267.06 1335.39
6 2043.30 3160.55 2083.98 3145.49 2099.56 3149.69 2100.75 3207.64 2074.48 3204.36 2055.52 3193.24
10 4286.64 1927.67 4267.42 1948.66 4239.93 1935.97 4260.41 1904.42 4226.13 1924.62 4255.90 1867.88 4282.12 1812.28 4293.22 1854.96 4322.14 1832.37 4341.59 1859.24
8 936.73 869.64 934.92 877.00 920.04 891.08 918.38 901.20 911.38 862.14 892.12 848.77 908.60 822.50 946.45 849.78
10 3999.32 5986.38 3991.63 6047.33 3944.85 6044.07 3930.86 6032.94 3930.60 6019.77 3931.46 6009.75 3944.35 5988.94 3952.08 5978.37 3968.17 5970.69 3994.58 5979.64
5 5463.38 1901.07 5451.68 1880.55 5455.08 1874.62 5506.59 1834.94 5505.99 1841.70
8 5131.46 2114.25 5095.58 2192.91 5006.28 2188.83 4993.87 2168.65 4958.19 2092.93 5019.21 2040.06 5047.45 2044.23 5103.73 2077.42
8 2712.95 5270.49 2746.54 5218.37 2755.29 5216.65 2825.73 5234.52 2836.14 5245.63 2818.41 5348.05 2805.04 5367.91 2734.31 5351.66
11 858.65 351.25 779.60 401.53 727.35 363.91 709.62 350.49 695.42 335.29 716.23 298.12 760.57 258.24 794.32 244.73 804.86 249.33 843.35 274.16 852.88 291.18
6 4078.04 4042.49 4012.11 4024.38 4021.25 3968.81 4035.49 3954.93 4094.33 3981.04 4120.07 4003.33
8 5458.22 1680.02 5494.90 1731.57 5471.97 1755.47 5449.07 1768.29 5444.38 1770.20 5401.78 1748.21 5395.69 1723.13 5416.48 1685.62
9 1190.41 1890.08 1183.67 1843.78 1237.80 1804.40 1243.14 1804.55 1270.29 1810.61 1277.43 1818.55 1265.61 1901.61 1245.91 1908.74 1220.81 1901.91
9 5346.81 5153.11 5338.76 5158.70 5329.65 5158.96 5321.10 5163.61 5322.05 5175.56 5298.38 5174.79 5301.55 5142.39 5301.95 5121.61 5305.90 5112.77
13 2868.90 3161.86 2877.66 3189.47 2871.60 3195.07 2868.97 3190.92 2857.86 3166.05 2849.66 3157.89 2834.56 3140.79 2823.98 3133.36 2853.08 3120.45 2868.88 3113.81 2880.59 3116.57 2873.79 3138.81 2875.88 3144.41
8 5966.41 3367.28 5987.27 3313.53 6009.94 3325.99 6047.26 3349.88 6033.80 3365.41 6020.25 3379.88 6000.87 3390.50 5970.17 3374.57
8 673.37 203.20 604.00 273.56 600.59 216.57 576.72 247.46 584.57 209.64 526.87 213.28 563.14 183.21 573.32 127.62
14 3088.98 3158.76 3057.46 3188.89 3041.01 3173.65 3045.31 3163.56 3043.89 3164.01 3015.94 3164.16 3032.87 3093.51 3091.92 3114.83 3085.56 3129.52 3075.83 3140.00 3113.87 3101.04 3123.84 3114.42 3114.24 3125.52 3139.17 3126.31
5 3398.57 840.29 3346.95 840.52 3319.58 787.07 3332.60 790.39 3404.95 759.69
8 421.82 2105.55 404.86 2119.26 401.61 2119.36 405.25 2092.66 390.73 2096.93 396.77 2077.02 408.90 2071.63 411.57 2064.78
5 1555.94 1128.26 1489.71 1142.32 1489.42 1098.44 1518.55 1079.05 1535.64 1104.97
13 3881.33 4549.32 3889.55 4568.08 3875.70 4555.45 3858.10 4569.68 3831.10 4508.17 3830.64 4499.45 3837.84 4499.27 3840.27 4501.02 3853.27 4491.61 3854.43 4493.14 3888.39 4506.33 3882.63 4514.98 3892.39 4527.53
11 5228.26 1730.81 5223.89 1767.45 5210.57 1764.93 5187.94 1774.50 5199.06 1725.42 5194.89 1696.90 5212.31 1688.74 5225.38 1707.92 5216.94 1720.89 5240.67 1697.24 5258.39 1728.01
11 506.06 1063.41 534.27 1001.57 555.41 969.73 652.58 974.96 681.12 1023.36 692.60 1055.37 678.76 1076.61 654.03 1094.72 627.10 1111.29 609.61 1108.10 581.06 1101.52
9 5292.67 2245.32 5261.14 2252.57 5236.99 2296.58 5212.49 2196.21 5190.94 2182.24 5233.91 2195.58 5215.80 2146.72 5238.72 2163.67 5292.23 2181.00
11 4407.48 518.78 4392.35 489.27 4380.93 495.98 4341.44 496.30 4376.79 477.27 4365.16 466.91 4384.24 435.32 4400.43 442.88 4411.44 446.83 4400.44 463.96 4402.74 469.88
9 5984.60 3598.76 5946.08 3607.77 5932.95 3618.14 5925.65 3631.14 5932.47 3607.32 5926.55 3573.16 5929.05 3569.04 5950.35 3547.82 5977.83 3563.06
10 6068.45 634.82 6046.49 672.83 6062.42 639.09 6036.47 642.70 6007.19 655.28 6027.68 625.78 6049.56 583.87 6091.26 591.30 6112.38 574.77 6147.22 588.14
13 1583.03 4472.06 1526.18 4485.02 1508.45 4465.23 1513.28 4458.27 1527.32 4454.74 1536.64 4433.06 1546.47 4424.89 1548.21 4433.20 1555.49 4447.44 1562.23 4441.32 1568.05 4437.58 1563.09 4447.45 1566.06 4450.24
7 1802.62 5464.20 1878.20 5526.90 1873.13 5626.81 1867.29 5632.43 1753.26 5623.89 1726.81 5570.95 1766.61 5494.86
15 1071.71 4618.37 1054.32 4613.78 1036.54 4623.52 1007.45 4635.64 1012.48 4628.77 992.63 4644.85 1003.02 4623.46 980.79 4582.64 1025.29 4582.82 1015.58 4566.05 1025.00 4545.88 1046.47 4562.71 1062.90 4586.55 1053.64 4594.94 1098.56 4587.99
10 3864.89 195.54 3834.77 202.88 3805.85 188.46 3801.48 162.26 3830.04 121.41 3844.57 171.78 3847.15 140.94 3850.25 172.64 3872.15 150.07 3863.14 172.49
6 249.14 4783.38 188.48 4787.87 201.07 4736.85 217.33 4734.48 249.07 4719.66 259.58 4698.84
6 504.79 834.43 450.81 833.34 479.27 807.79 498.63 816.32 511.57 812.66 510.48 815.46
9 1644.87 1510.95 1573.72 1467.28 1578.73 1432.72 1592.80 1396.91 1599.63 1390.36 1665.71 1383.76 1726.10 1388.04 1740.53 1435.80 1715.77 1490.51
15 917.04 942.55 907.12 940.59 894.65 937.55 893.72 948.12 868.60 950.04 807.63 962.20 804.93 957.14 841.04 934.27 840.49 927.73 798.12 902.95 847.26 915.65 844.46 892.58 851.81 891.32 903.10 885.77 897.90 920.06
15 738.91 577.27 730.56 596.30 726.94 589.53 723.93 597.46 714.37 598.72 716.72 587.58 703.87 596.64 696.47 587.05 698.23 582.85 675.72 581.33 697.79 543.65 714.10 540.43 725.03 540.43 738.83 568.15 731.62 571.76
9 3241.93 244.16 3255.57 201.11 3278.92 186.06 3304.93 196.76 3340.41 234.15 3330.49 257.62 3305.58 276.60 3261.87 283.73 3253.32 277.77
9 1801.79 4570.62 1747.38 4570.61 1742.72 4558.13 1734.81 4515.05 1755.93 4505.61 1788.24 4491.61 1810.05 4500.57 1815.20 4505.64 1805.15 4567.87
9 721.06 5122.68 721.98 5089.06 781.63 5062.37 823.30 5087.41 857.35 5116.84 840.49 5150.97 812.07 5168.74 803.78 5172.27 794.79 5172.25
12 1685.81 4275.40 1668.70 4291.39 1647.28 4287.02 1644.22 4302.69 1615.31 4292.39 1614.85 4276.49 1601.93 4277.01 1603.36 4268.59 1613.91 4264.52 1627.80 4256.07 1638.43 4258.65 1638.60 4226.83
6 3096.82 2972.34 3062.62 2980.90 3078.54 2954.29 3036.00 2957.42 3033.43 2952.65 3143.98 2890.75
9 5635.90 5297.96 5639.82 5268.43 5619.05 5204.43 5631.99 5199.27 5651.37 5212.58 5664.04 5177.36 5662.28 5212.59 5683.60 5202.20 5721.72 5202.14
5 6234.68 5505.42 6171.68 5477.43 6194.91 5446.64 6281.95 5427.32 6275.24 5473.59
12 5589.99 3661.02 5592.04 3676.86 5579.04 3718.05 5544.59 3730.06 5519.94 3718.67 5504.54 3696.17 5506.02 3682.40 5509.32 3665.42 5511.44 3663.69 5559.35 3638.67 5568.57 3638.41 5570.52 3640.12
11 3829.61 253.86 3765.30 327.60 3720.99 323.10 3735.17 258.63 3710.13 261.91 3693.33 196.78 3711.90 208.91 3732.95 170.36 3745.77 178.59 3782.72 212.10 3789.89 226.89
5 2663.29 3890.87 2643.59 3945.66 2636.33 3933.88 2622.77 3945.01 2612.46 3893.75
