Medium_150_A
4943.23 2474.36
692.09 276.81
4 0.00 0.00 5200.00 0.00 5200.00 5200.00 0.00 5200.00
150
8 2865.41 2840.44 2791.82 2741.67 2829.63 2687.03 2865.01 2673.67 2870.56 2676.98 2901.30 2698.47 2932.06 2722.43 2933.66 2728.55
9 2703.76 4406.06 2708.96 4380.16 2727.96 4372.25 2781.38 4387.93 2791.60 4392.60 2797.68 4424.39 2777.72 4457.04 2739.97 4451.80 2732.57 4449.89
9 3645.47 1087.93 3610.04 1007.21 3610.97 1001.25 3652.98 954.61 3737.76 947.22 3761.54 985.73 3752.94 1031.99 3745.69 1043.89 3721.27 1060.74
7 3665.28 4604.22 3766.91 4656.72 3763.91 4697.59 3751.45 4738.59 3685.78 4754.04 3601.36 4706.95 3607.22 4655.45
6 2453.84 3094.75 2425.99 3058.76 2443.56 3037.57 2494.98 3038.38 2503.62 3068.86 2486.16 3093.99
9 3348.94 4502.28 3315.42 4440.36 3341.58 4405.68 3376.47 4408.27 3404.72 4418.55 3455.24 4460.66 3445.97 4489.53 3424.44 4515.52 3386.59 4527.43
12 363.29 4362.62 401.65 4357.80 415.97 4360.47 446.98 4375.89 466.50 4387.67 468.95 4424.23 454.85 4447.82 426.13 4456.61 380.20 4464.56 355.29 4432.43 352.82 4422.81 353.99 4408.32
11 2496.26 4202.63 2463.42 4126.31 2477.55 4096.00 2560.89 4065.44 2619.74 4111.78 2641.51 4145.01 2640.09 4161.53 2627.21 4202.97 2596.63 4212.75 2572.83 4217.21 2513.78 4221.75
10 3497.27 3294.97 3444.79 3212.82 3463.16 3179.50 3502.59 3172.80 3522.57 3170.30 3540.89 3178.09 3564.60 3196.56 3573.20 3208.54 3535.24 3286.56 3531.70 3289.91
11 3946.25 4785.87 3928.66 4747.72 3946.42 4720.04 3952.51 4715.48 3961.04 4713.04 3987.17 4718.87 4010.53 4757.60 4007.50 4765.93 4003.84 4775.85 3989.67 4779.83 3969.71 4785.27
8 404.36 2757.69 418.30 2741.01 470.15 2717.87 492.76 2750.57 525.76 2801.04 492.56 2847.95 435.92 2843.66 415.45 2789.30
8 3877.49 3779.06 3858.10 3667.96 3886.83 3655.56 3915.96 3656.09 3953.85 3660.83 3970.61 3674.93 3967.26 3764.25 3938.66 3788.57
7 1585.60 1324.10 1623.95 1292.72 1652.36 1293.96 1664.18 1332.24 1638.61 1352.98 1624.54 1363.15 1589.60 1337.09
9 3127.19 1790.26 3037.55 1837.78 3002.07 1822.64 2969.20 1807.47 2963.66 1759.73 2982.05 1701.00 3023.04 1681.52 3097.54 1685.52 3119.30 1731.48
7 472.28 3867.79 541.80 3818.92 575.41 3853.69 571.64 3928.88 558.48 3965.91 513.98 3964.09 475.02 3918.12
8 4866.75 3289.92 4870.17 3334.80 4845.72 3349.76 4824.90 3357.56 4815.31 3327.53 4802.71 3287.67 4818.37 3276.34 4826.78 3277.81
6 2468.63 4703.70 2395.09 4698.83 2405.97 4654.07 2430.75 4613.30 2464.20 4625.24 2480.90 4645.37
11 1969.54 4344.42 1945.92 4344.45 1934.50 4335.68 1923.58 4320.88 1921.62 4310.86 1919.87 4290.69 1931.80 4284.60 1976.84 4273.54 1982.90 4283.29 1993.57 4320.18 1991.40 4326.14
8 4500.50 363.04 4471.12 388.01 4423.23 381.54 4413.75 352.77 4424.23 313.57 4451.85 305.45 4476.66 310.74 4492.30 338.56
7 1767.14 412.77 1752.08 480.05 1682.43 464.59 1663.89 405.34 1701.34 337.36 1720.88 335.65 1753.50 363.96
11 1913.99 4738.26 1918.58 4726.46 1975.23 4733.12 1981.69 4755.57 1973.24 4800.51 1966.05 4804.71 1929.90 4807.05 1922.94 4796.17 1911.05 4769.53 1911.97 4755.60 1913.49 4742.44
10 2634.85 1697.31 2657.04 1622.43 2713.40 1593.57 2722.85 1593.39 2755.05 1616.62 2795.27 1656.01 2795.86 1704.11 2747.32 1767.04 2730.89 1772.52 2646.28 1727.47
10 3511.21 4939.97 3555.53 5069.22 3504.02 5098.09 3497.81 5097.81 3441.18 5085.75 3434.87 5081.15 3419.64 5057.87 3421.80 4996.36 3428.73 4957.19 3477.58 4941.54
8 2737.85 2623.43 2684.52 2618.72 2660.06 2597.90 2644.63 2555.82 2662.62 2547.20 2707.35 2529.30 2762.23 2552.94 2746.99 2597.50
5 663.02 875.18 727.83 842.09 774.94 897.12 778.99 947.94 669.60 938.30
10 1130.46 2675.90 1108.86 2712.02 1057.91 2717.34 1021.80 2689.13 1023.16 2671.14 1034.33 2627.97 1039.92 2618.34 1066.54 2615.22 1086.93 2616.13 1119.12 2624.29
7 235.95 4181.63 222.01 4117.20 254.99 4064.49 292.27 4060.78 322.74 4093.85 311.66 4177.18 273.71 4181.49
10 303.54 1086.57 374.90 1011.62 395.74 1018.56 411.39 1032.48 426.72 1055.71 428.98 1101.60 410.67 1132.66 353.44 1141.78 324.23 1135.29 305.64 1127.22
7 4479.80 1927.62 4371.59 2016.45 4338.04 1990.27 4317.97 1965.80 4308.44 1884.62 4324.77 1862.03 4340.54 1862.35
11 3395.29 1249.44 3394.73 1204.74 3403.79 1166.43 3477.73 1136.73 3507.54 1134.66 3522.39 1140.30 3548.78 1207.10 3551.72 1215.68 3504.74 1286.83 3476.31 1302.73 3431.34 1285.60
6 2991.10 4443.50 3031.64 4508.05 2989.40 4552.03 2977.53 4545.91 2927.24 4505.30 2933.50 4444.32
7 671.86 1680.75 640.65 1790.12 552.45 1765.26 551.12 1725.56 573.52 1660.04 584.43 1655.75 650.68 1662.41
7 979.60 147.59 1014.65 197.96 1006.38 239.39 969.47 274.96 937.92 262.87 947.61 170.27 949.84 155.34
11 3322.74 1006.17 3333.18 1032.36 3329.28 1041.73 3284.67 1084.79 3219.08 1076.94 3211.56 1072.14 3204.09 1024.33 3204.19 1023.62 3218.90 972.46 3251.12 954.21 3285.36 940.29
7 835.32 2307.90 863.85 2338.11 860.83 2371.37 832.48 2394.89 812.20 2377.48 800.18 2346.16 808.49 2329.79
8 1922.92 3249.57 1846.79 3184.24 1891.22 3136.00 1897.22 3134.99 1922.35 3138.74 1944.83 3166.40 1964.57 3210.43 1955.16 3228.85
8 940.38 1365.78 915.44 1392.01 859.90 1373.89 852.94 1342.64 862.05 1322.74 914.14 1300.80 933.98 1327.19 939.68 1343.77
8 507.03 1803.35 476.94 1836.35 454.60 1824.20 447.96 1820.44 434.68 1797.10 435.59 1785.42 479.67 1753.05 503.99 1781.84
13 3130.15 3967.52 3109.57 3962.10 3060.33 3908.89 3055.88 3888.61 3074.39 3848.51 3084.25 3834.92 3123.44 3821.20 3154.75 3834.04 3177.32 3875.78 3185.72 3896.94 3170.71 3928.30 3168.57 3932.64 3137.98 3966.26
8 5098.33 1893.16 5052.54 1971.36 5029.65 1968.48 4976.59 1942.21 5001.40 1890.39 5039.12 1846.05 5045.93 1843.92 5061.37 1849.94
9 2605.35 527.75 2548.02 504.19 2539.33 490.58 2529.15 473.61 2552.49 455.37 2572.42 447.20 2633.86 458.77 2639.08 471.42 2629.16 514.61
10 4136.40 2825.70 4088.61 2817.67 4046.03 2774.91 4027.96 2738.97 4035.94 2720.57 4039.27 2713.67 4120.85 2670.42 4153.98 2677.97 4176.97 2709.29 4168.17 2797.96
10 2423.64 593.01 2416.36 535.55 2446.02 498.84 2478.36 501.55 2516.54 531.95 2533.82 551.54 2533.68 577.80 2509.34 604.65 2496.63 618.17 2464.72 623.13
10 2446.99 1907.65 2450.94 1895.62 2484.68 1860.94 2521.92 1863.63 2537.14 1894.75 2538.84 1898.56 2536.03 1913.82 2530.48 1929.94 2521.90 1938.45 2472.89 1942.74
6 3710.42 3775.92 3818.20 3765.09 3840.94 3826.97 3820.84 3895.03 3763.43 3927.16 3714.19 3799.06
8 3444.84 1906.89 3493.06 1941.00 3478.71 1984.52 3461.10 2014.52 3442.68 2034.28 3413.52 2038.87 3387.42 2040.08 3435.05 1909.00
8 1955.75 1463.32 1967.15 1509.10 1963.92 1517.22 1945.27 1541.59 1881.13 1553.50 1869.05 1516.03 1879.78 1471.59 1926.25 1466.33
8 4654.27 1090.19 4645.34 1138.65 4585.53 1116.54 4555.68 1096.41 4554.92 1089.54 4561.56 1058.93 4580.17 1051.19 4647.57 1057.70
8 3674.91 2104.85 3674.65 2087.79 3717.65 2058.54 3765.12 2057.02 3775.73 2072.61 3807.93 2124.83 3780.03 2165.14 3749.32 2188.25
9 1052.74 1496.38 1009.85 1447.62 1026.59 1430.85 1078.44 1406.35 1086.75 1408.36 1095.08 1418.76 1097.42 1422.50 1109.45 1461.91 1064.23 1496.64
8 4387.29 2878.08 4424.52 2815.56 4459.55 2825.50 4469.46 2829.82 4478.97 2859.56 4479.06 2873.91 4462.39 2908.46 4419.44 2903.55
9 501.03 3561.75 470.29 3532.91 477.10 3485.34 491.11 3460.34 525.56 3448.82 557.26 3456.34 595.23 3509.46 585.24 3533.66 575.92 3539.95
10 4145.34 4629.11 4144.11 4606.48 4147.24 4584.43 4163.86 4555.63 4207.83 4552.76 4208.98 4552.95 4260.01 4563.49 4236.60 4658.74 4197.65 4668.52 4193.39 4666.46
7 4288.55 2397.68 4383.27 2483.46 4301.18 2565.03 4268.82 2560.91 4205.09 2492.81 4207.05 2472.46 4244.45 2408.24
7 4157.63 2964.70 4149.74 2925.78 4154.17 2889.42 4195.37 2867.14 4215.73 2881.43 4218.42 2925.78 4199.75 2942.33
7 4963.26 3744.03 5015.95 3712.59 5033.67 3720.84 5064.68 3857.03 5052.28 3878.89 5006.34 3878.85 4966.26 3811.10
9 3039.06 4906.56 3072.72 4947.81 3051.39 4992.80 2999.66 5000.71 2976.36 4975.18 2964.37 4937.91 2974.17 4925.67 2984.35 4917.65 3008.41 4910.07
11 968.48 3159.57 988.75 3201.06 982.50 3208.14 958.26 3230.89 942.34 3230.43 921.02 3211.25 914.63 3201.37 911.70 3186.46 932.20 3165.03 937.78 3161.28 947.54 3159.55
8 4072.25 745.07 4076.61 737.09 4119.92 669.85 4204.21 687.59 4240.63 736.35 4210.42 792.25 4127.29 812.80 4079.53 794.78
10 1719.13 4260.80 1692.20 4245.64 1679.36 4176.41 1677.77 4159.62 1689.19 4149.40 1722.78 4136.94 1735.78 4138.86 1783.11 4188.65 1786.01 4199.26 1742.95 4256.94
8 1676.71 4925.65 1639.47 4880.79 1654.15 4823.92 1727.21 4813.91 1734.43 4813.29 1736.10 4826.27 1741.74 4885.38 1723.43 4924.80
9 2896.68 935.86 2861.13 904.19 2865.21 878.75 2884.02 837.92 2923.00 818.90 2943.85 824.83 2969.36 838.16 2982.84 886.15 2966.10 907.62
8 4702.56 3171.22 4779.55 3250.13 4757.56 3294.04 4712.17 3341.33 4679.83 3329.85 4602.43 3227.67 4618.36 3208.24 4646.14 3191.30
7 4173.61 2106.31 4224.45 2065.75 4267.87 2078.97 4282.78 2148.93 4227.53 2178.68 4176.12 2153.90 4174.81 2133.37
8 4902.33 3934.15 4884.77 3872.70 4910.77 3858.99 4961.10 3852.44 4978.04 3879.51 4991.41 3904.52 4976.42 3937.04 4935.98 3966.47
10 4461.94 4484.84 4461.25 4466.05 4467.24 4447.08 4473.95 4432.74 4497.65 4432.60 4529.05 4446.29 4533.28 4461.03 4520.69 4491.41 4491.23 4507.39 4465.06 4488.85
10 3801.59 1718.04 3700.35 1625.28 3759.42 1564.35 3766.26 1563.97 3833.86 1567.05 3849.17 1577.98 3880.90 1629.60 3869.27 1667.68 3847.67 1695.26 3834.91 1703.86
10 3672.81 2693.54 3638.58 2663.16 3648.13 2618.69 3653.36 2615.24 3661.67 2611.96 3676.67 2608.87 3694.48 2618.18 3703.47 2636.18 3708.78 2677.73 3705.62 2683.64
9 3691.48 2404.07 3703.77 2374.05 3717.95 2362.09 3766.54 2375.45 3777.91 2405.88 3772.05 2423.96 3761.32 2434.02 3731.38 2439.57 3705.68 2421.68
8 4775.46 1846.36 4790.47 1919.95 4786.54 1925.47 4722.34 1943.36 4679.11 1921.55 4682.59 1877.46 4685.88 1843.10 4719.01 1826.72
8 2707.01 2717.16 2714.58 2701.39 2742.00 2687.84 2769.14 2703.98 2782.66 2730.53 2765.86 2756.50 2724.62 2752.72 2716.62 2745.67
7 4490.68 4917.57 4487.32 4893.54 4509.07 4873.50 4521.25 4870.19 4538.24 4869.70 4555.44 4882.71 4577.63 4948.67
5 4877.24 2238.53 4871.70 2144.20 4896.33 2116.20 4950.00 2120.95 4966.54 2220.34
5 807.68 3417.58 910.01 3419.32 893.52 3456.31 861.32 3501.79 817.24 3486.31
9 1197.00 3058.55 1248.88 3116.85 1230.99 3167.82 1211.59 3198.21 1179.93 3192.61 1109.32 3165.19 1107.23 3109.00 1142.85 3072.61 1143.47 3072.19
8 3855.63 2252.67 3932.68 2279.81 3908.17 2313.11 3899.78 2320.98 3858.83 2350.32 3814.28 2337.28 3815.69 2263.15 3817.31 2259.20
12 4100.53 3844.45 4111.25 3773.52 4143.55 3749.58 4168.85 3750.01 4200.12 3755.28 4243.17 3808.07 4253.15 3842.17 4253.58 3846.80 4234.22 3906.11 4202.76 3917.94 4161.54 3902.62 4113.14 3868.67
6 832.36 1804.72 759.22 1759.93 779.58 1685.33 838.06 1666.49 870.04 1674.23 884.44 1754.58
9 4634.44 1409.46 4618.64 1360.00 4637.87 1322.39 4663.73 1300.61 4696.92 1305.05 4718.11 1335.04 4711.36 1400.25 4708.98 1415.15 4661.01 1421.47
8 302.78 3552.04 247.53 3612.90 174.16 3585.54 158.30 3572.95 151.17 3512.84 181.75 3478.98 251.48 3500.26 275.63 3510.66
9 3740.21 2942.84 3753.75 2908.66 3790.51 2906.57 3825.70 2915.89 3833.53 2928.72 3822.62 2989.44 3784.34 2995.64 3746.12 2966.60 3743.52 2964.34
10 2651.46 746.19 2671.69 717.46 2692.66 718.46 2719.42 747.61 2695.13 796.30 2687.77 800.29 2651.98 795.22 2642.95 785.66 2641.92 770.08 2642.24 763.48
9 1337.90 1014.25 1382.42 1054.58 1329.27 1141.04 1308.70 1156.61 1265.14 1117.76 1254.74 1091.09 1250.39 1042.03 1274.19 1023.54 1315.42 1012.32
8 4728.11 2311.17 4756.27 2291.54 4815.18 2269.85 4821.80 2278.13 4859.61 2345.74 4819.03 2384.05 4805.30 2392.16 4743.87 2349.62
10 1721.45 1630.41 1688.46 1604.08 1682.98 1586.57 1681.62 1513.34 1702.41 1491.15 1782.15 1493.06 1814.91 1495.00 1855.31 1540.39 1856.33 1553.63 1813.50 1600.39
7 3105.93 4385.70 3093.38 4361.33 3098.66 4323.01 3141.75 4307.42 3166.16 4322.86 3173.87 4368.25 3172.43 4376.56
8 1904.34 2825.03 1958.98 2878.33 1946.35 2917.45 1938.26 2928.59 1860.20 2962.05 1845.15 2958.98 1831.52 2921.26 1873.94 2861.53
11 3101.57 3332.63 3133.14 3323.53 3143.26 3325.72 3164.74 3348.92 3166.38 3361.31 3158.07 3372.32 3117.42 3395.91 3108.51 3389.84 3098.80 3380.33 3082.79 3358.60 3088.57 3343.39
9 1311.90 2722.30 1309.29 2715.89 1316.81 2693.30 1327.17 2685.78 1352.37 2689.02 1380.46 2693.76 1422.38 2718.28 1405.93 2755.81 1385.04 2797.91
10 1978.12 4497.33 1940.43 4482.49 1904.66 4455.72 1904.24 4449.55 1922.90 4408.37 1932.05 4401.65 2006.58 4415.75 2019.90 4429.47 2015.33 4460.59 1992.64 4484.66
10 2326.92 3836.08 2300.71 3784.88 2304.18 3721.13 2317.67 3695.50 2398.32 3687.22 2429.42 3698.35 2446.69 3734.83 2441.67 3821.68 2431.52 3846.33 2349.62 3840.90
8 4599.15 2019.43 4557.46 2009.17 4557.85 2004.36 4567.59 1948.91 4578.80 1932.36 4628.97 1948.79 4638.22 1965.34 4636.53 1977.56
10 827.63 2093.66 799.84 2069.41 814.78 2037.24 835.42 2015.64 847.81 2004.65 887.92 2002.99 897.59 2034.88 892.16 2079.49 887.21 2091.30 861.92 2105.65
8 1035.58 2457.17 1027.89 2435.37 1027.91 2419.30 1074.70 2405.22 1092.13 2413.14 1103.89 2434.53 1103.27 2458.41 1084.36 2481.51
6 4916.65 314.55 4959.29 217.98 5013.44 245.62 5067.97 313.20 5005.11 370.94 4936.08 362.80
11 4922.54 599.63 4993.85 540.22 5010.90 549.54 5050.12 603.66 5053.11 609.16 5056.94 618.77 5051.01 685.98 4998.22 720.13 4978.15 713.16 4888.38 664.35 4907.50 627.31
7 2127.75 3787.68 2107.09 3849.26 2099.28 3845.97 2076.54 3821.64 2082.89 3778.99 2104.99 3777.94 2126.34 3783.35
8 4777.51 3839.42 4715.15 3775.69 4735.68 3685.80 4740.69 3675.19 4773.30 3658.00 4819.09 3657.50 4878.33 3751.37 4881.01 3806.16
10 201.15 481.81 197.95 404.07 221.17 376.86 259.90 362.30 292.12 371.92 322.93 385.00 344.01 443.19 341.32 473.13 320.21 498.96 246.86 508.71
8 2081.22 663.60 2026.14 572.60 2038.28 557.87 2134.67 537.20 2150.61 541.98 2161.90 564.32 2171.48 627.63 2106.76 658.23
6 3216.80 2300.85 3244.57 2274.58 3284.93 2300.80 3285.37 2323.24 3267.11 2342.84 3226.27 2339.37
7 3967.78 2157.48 3960.95 2181.12 3865.48 2142.53 3845.94 2111.95 3894.91 2059.69 3939.10 2055.00 3954.18 2061.85
7 1139.24 4170.60 1128.43 4218.06 1101.00 4219.65 1097.33 4212.34 1083.18 4161.47 1096.55 4147.11 1115.30 4151.64
9 3152.67 788.47 3099.15 749.23 3100.16 733.41 3114.54 683.91 3145.29 671.09 3201.79 681.97 3222.90 696.69 3215.05 752.34 3202.90 789.35
7 3773.54 4245.23 3844.64 4210.83 3875.97 4219.72 3886.73 4269.27 3874.78 4308.19 3839.49 4350.65 3788.91 4319.24
9 3035.48 1077.00 3016.30 997.89 3089.17 945.02 3104.50 948.37 3156.15 961.78 3183.19 1011.40 3190.47 1042.20 3181.65 1072.22 3097.62 1115.51
11 4532.63 4234.48 4542.01 4191.85 4570.36 4148.89 4610.80 4150.17 4641.34 4169.83 4646.59 4182.23 4646.21 4202.86 4645.53 4229.18 4630.25 4241.72 4573.28 4271.08 4559.91 4260.75
5 1490.77 1506.54 1521.09 1427.81 1602.63 1466.05 1597.87 1517.15 1535.25 1527.80
7 3556.70 274.08 3526.09 233.32 3535.82 174.92 3605.66 187.40 3600.87 220.21 3594.22 260.51 3587.58 264.11
10 1116.62 3947.28 1166.27 3998.87 1142.94 4037.17 1133.22 4045.57 1107.68 4062.47 1063.04 4036.47 1053.14 4019.86 1055.54 3993.41 1075.15 3971.24 1098.95 3952.47
5 4807.62 1174.04 4866.26 1098.59 4900.23 1176.01 4893.04 1188.83 4824.90 1200.81
9 3979.15 2291.16 4039.58 2275.79 4055.91 2294.03 4070.27 2339.55 4038.00 2394.74 4000.61 2400.59 3949.10 2361.25 3948.45 2349.35 3963.65 2309.30
7 4430.81 4572.73 4344.24 4548.43 4350.88 4520.21 4353.05 4515.89 4361.94 4498.76 4383.98 4464.37 4447.76 4467.55
7 5038.60 1225.84 5007.54 1317.78 4877.83 1292.58 4876.11 1216.55 4901.88 1205.60 4951.32 1188.38 4964.38 1185.10
9 3569.06 3452.01 3556.21 3483.76 3531.41 3482.94 3526.05 3479.32 3510.55 3466.80 3512.17 3458.17 3520.65 3432.04 3543.50 3426.33 3563.98 3437.83
7 3106.90 437.93 3154.21 320.28 3202.47 322.08 3250.22 334.39 3262.60 390.93 3243.60 427.57 3170.26 481.20
9 4035.48 1654.37 4065.71 1580.26 4099.73 1588.03 4119.68 1615.08 4113.73 1653.89 4112.70 1658.84 4103.46 1664.69 4089.20 1666.91 4057.13 1663.79
11 192.31 736.82 229.41 777.58 218.63 811.50 201.21 850.32 163.48 862.21 153.96 862.98 140.21 851.01 116.69 795.37 116.16 790.82 122.34 779.53 152.06 750.49
10 2261.22 3419.66 2204.67 3370.24 2230.58 3274.77 2262.61 3263.01 2302.52 3272.83 2358.89 3298.35 2366.89 3317.98 2369.13 3346.39 2365.40 3367.10 2325.81 3388.31
11 4645.01 3511.65 4615.37 3532.58 4586.90 3517.14 4566.04 3485.83 4586.07 3453.73 4601.38 3445.47 4608.00 3445.14 4625.80 3445.20 4637.32 3459.47 4640.24 3470.34 4640.80 3473.23
8 3359.62 3142.37 3298.41 3059.16 3308.94 3022.35 3378.68 2987.95 3391.83 2989.86 3430.15 3016.44 3450.50 3037.91 3432.03 3068.71
7 1992.56 4019.84 2042.40 3956.74 2089.48 3983.61 2110.37 4010.11 2110.37 4020.48 2043.31 4076.32 2015.89 4068.25
10 350.41 235.01 372.04 268.27 358.48 295.02 343.93 313.19 313.34 309.48 309.14 308.31 289.54 288.26 285.95 273.35 302.40 243.83 312.34 239.65
8 662.96 3844.44 643.86 3792.61 697.41 3737.03 740.45 3739.32 800.40 3798.08 810.11 3828.88 787.46 3870.98 709.31 3909.32
5 3228.10 3352.61 3149.62 3272.06 3178.73 3214.68 3320.88 3252.15 3276.54 3335.51
8 1152.12 1244.00 1118.57 1351.36 1093.99 1349.10 1061.42 1337.86 1010.02 1265.23 1030.81 1242.52 1081.59 1207.67 1100.56 1216.84
8 3955.11 1800.87 3953.32 1743.20 3996.32 1723.00 4021.58 1730.37 4031.73 1763.82 4028.92 1770.15 4015.09 1788.68 4000.25 1806.59
10 1354.66 1485.81 1381.82 1514.09 1371.55 1558.80 1363.84 1567.72 1346.54 1567.76 1335.94 1567.57 1317.00 1561.10 1308.92 1532.04 1308.02 1521.96 1309.15 1510.37
6 3219.33 4116.73 3250.30 4003.07 3311.90 4019.77 3328.94 4061.53 3335.94 4113.05 3276.47 4129.15
8 1338.91 3764.05 1346.04 3724.76 1380.68 3693.75 1385.17 3703.24 1392.60 3723.29 1397.44 3754.48 1384.83 3762.51 1355.96 3768.57
10 2073.78 3341.25 2066.32 3307.62 2103.05 3276.34 2104.77 3275.08 2123.03 3284.05 2156.56 3305.83 2158.98 3332.44 2158.76 3335.31 2147.77 3361.82 2099.33 3368.94
10 3193.94 670.19 3166.28 649.48 3155.73 630.88 3154.08 605.97 3171.73 587.81 3193.61 583.21 3212.87 599.45 3235.38 625.08 3235.21 641.74 3210.63 666.44
8 1432.32 3687.39 1367.29 3634.37 1382.02 3571.28 1461.50 3567.18 1487.91 3573.17 1498.31 3576.01 1493.82 3623.00 1481.22 3643.43
9 2254.63 5077.44 2226.79 5020.18 2231.87 5005.43 2260.56 4958.33 2271.36 4957.32 2297.34 4957.89 2316.49 4981.01 2337.66 5056.45 2283.67 5079.59
8 3305.06 3721.91 3395.37 3685.46 3406.60 3690.37 3409.98 3692.41 3434.24 3735.69 3444.56 3792.71 3390.86 3818.26 3306.48 3790.51
7 2038.69 4924.37 2014.12 4957.22 1983.65 4940.73 1959.92 4859.97 1984.14 4860.95 2007.24 4865.39 2031.10 4877.62
14 1493.59 3431.98 1493.48 3467.67 1467.09 3499.98 1456.50 3512.22 1430.88 3522.17 1405.30 3518.69 1377.96 3488.75 1355.98 3438.58 1349.43 3414.07 1357.08 3400.53 1379.72 3388.69 1417.84 3397.53 1427.89 3400.33 1464.28 3412.92
8 202.05 4773.54 262.91 4796.99 245.86 4835.87 194.22 4895.99 148.87 4883.22 111.74 4833.56 107.29 4810.71 132.05 4795.17
9 1892.27 433.45 1855.66 517.89 1823.62 485.64 1795.18 450.42 1799.50 435.63 1805.50 424.37 1826.57 397.40 1844.56 395.62 1877.12 401.63
6 2339.96 2084.03 2324.34 2044.84 2335.20 2019.79 2350.42 2018.45 2407.29 2022.16 2387.52 2081.63
8 1179.67 902.52 1183.41 844.31 1190.46 828.18 1214.29 832.62 1255.99 876.11 1249.14 898.92 1209.01 914.66 1189.61 907.89
7 3486.65 4648.55 3454.00 4718.55 3384.46 4709.95 3360.88 4700.73 3355.67 4683.23 3349.02 4616.24 3481.96 4615.82
8 1297.18 595.70 1311.68 623.16 1283.29 655.99 1273.01 667.11 1245.83 675.68 1241.64 671.74 1215.32 612.00 1248.33 594.16
6 2250.02 3194.09 2235.66 3162.12 2256.53 3136.83 2277.23 3135.73 2317.63 3158.64 2315.16 3170.62
8 229.84 2429.86 225.69 2409.86 273.62 2388.41 309.69 2393.15 343.70 2415.94 347.22 2458.42 258.30 2501.61 247.91 2504.57
10 3274.26 2059.29 3188.94 2043.20 3170.75 2029.28 3155.69 1980.21 3165.61 1965.27 3210.94 1904.77 3231.53 1901.87 3296.38 1915.09 3325.13 1976.35 3311.59 2023.56
10 4685.36 4239.60 4759.46 4236.26 4775.29 4264.12 4791.81 4295.66 4797.69 4321.27 4766.63 4340.44 4735.32 4354.10 4676.73 4311.91 4669.96 4299.25 4676.97 4261.99
8 283.59 2863.70 185.72 2937.07 111.71 2883.58 104.01 2851.08 116.27 2791.96 149.14 2756.19 176.45 2766.49 227.52 2800.22
7 3063.61 4772.12 3050.12 4735.49 3093.11 4695.81 3112.15 4695.42 3133.67 4705.57 3142.43 4720.01 3142.17 4746.26
9 1831.71 2651.79 1815.45 2628.31 1817.74 2590.62 1845.68 2561.81 1885.91 2568.00 1912.08 2585.78 1908.84 2626.46 1897.09 2658.21 1858.13 2673.32
