Medium_350_B
1275.84 1123.10
2976.32 5882.72
4 0.00 0.00 7600.00 0.00 7600.00 7600.00 0.00 7600.00
350
8 2963.25 3307.87 3006.07 3295.73 3020.39 3312.29 3029.90 3329.07 3029.98 3341.65 3006.34 3356.82 2976.37 3350.05 2967.67 3344.15
8 6253.41 6877.24 6244.68 6841.42 6273.29 6777.05 6296.04 6773.13 6328.01 6793.95 6331.19 6866.88 6310.46 6878.64 6296.96 6884.69
9 1845.11 6383.48 1818.37 6410.57 1791.99 6421.18 1754.23 6381.81 1743.56 6362.32 1771.45 6338.24 1797.22 6356.62 1813.21 6360.82 1826.33 6365.11
11 3907.86 4126.97 3973.30 4215.97 3952.70 4256.77 3913.18 4276.16 3890.77 4275.46 3858.82 4265.59 3817.80 4215.29 3813.32 4188.12 3813.21 4175.32 3831.88 4138.69 3873.28 4128.88
15 5594.00 3419.71 5562.56 3432.07 5563.28 3443.84 5541.23 3460.25 5508.52 3441.94 5516.96 3432.26 5538.60 3403.78 5530.66 3400.36 5538.94 3386.42 5485.23 3354.24 5537.51 3382.39 5493.20 3343.57 5561.12 3357.60 5608.64 3362.09 5586.48 3391.83
11 6978.33 5002.41 6989.15 4979.08 7037.28 4913.60 7068.40 4925.08 7077.29 4931.99 7135.83 4982.32 7125.92 5015.06 7095.73 5051.76 7078.15 5061.06 7037.30 5071.60 6986.79 5048.24
5 1658.13 1865.69 1647.30 1899.04 1629.41 1858.21 1624.08 1839.53 1679.81 1847.50
8 2913.48 455.08 2967.13 543.93 2948.78 582.89 2888.93 597.94 2876.24 593.95 2838.96 579.41 2840.54 495.39 2899.57 455.38
5 241.05 7394.38 249.50 7410.24 208.80 7400.11 211.81 7390.03 283.90 7370.19
10 1590.17 4856.91 1547.98 4867.67 1540.57 4901.81 1529.78 4863.55 1523.13 4846.56 1521.95 4820.45 1495.17 4787.91 1511.24 4791.50 1539.67 4770.69 1585.75 4805.13
12 2104.41 2678.74 2102.10 2678.51 2089.22 2681.77 2090.34 2688.48 2086.58 2694.01 2046.29 2647.52 2065.89 2631.34 2096.71 2632.28 2093.98 2648.75 2103.23 2647.69 2098.95 2658.63 2099.46 2664.32
5 5256.44 745.92 5239.61 710.55 5214.94 697.30 5266.32 667.49 5274.81 668.29
12 6616.72 6580.02 6617.02 6584.28 6613.66 6591.81 6608.40 6598.58 6597.39 6591.25 6582.06 6609.96 6578.77 6606.86 6576.83 6591.65 6562.05 6583.30 6572.17 6538.04 6591.10 6527.07 6610.70 6566.18
8 6091.38 2700.14 6078.97 2634.17 6158.96 2613.07 6163.21 2613.37 6195.95 2633.91 6193.90 2662.78 6159.94 2703.46 6158.37 2703.40
11 2289.54 5861.77 2246.92 5829.98 2251.12 5807.56 2259.35 5785.99 2286.46 5779.09 2294.39 5780.94 2323.00 5789.79 2342.64 5819.54 2332.62 5833.15 2316.85 5852.74 2298.86 5860.18
7 6739.07 3500.99 6758.99 3493.45 6761.55 3494.00 6797.23 3512.91 6780.65 3541.66 6755.02 3553.17 6741.41 3521.20
7 4036.51 3038.73 4080.31 3084.26 4075.51 3134.66 4059.00 3215.06 3968.13 3200.16 3940.61 3175.32 3978.95 3086.18
15 4922.53 5098.79 4911.53 5100.38 4902.85 5123.35 4911.97 5130.74 4889.54 5123.01 4874.31 5134.36 4788.30 5097.05 4828.91 5089.32 4829.06 5050.15 4846.74 5074.99 4851.25 5039.43 4867.97 5031.18 4885.23 5041.73 4871.45 5090.82 4901.79 5096.23
15 3062.51 5943.96 3036.67 5937.33 3040.60 5984.51 3027.86 5966.58 3008.37 5991.45 3003.75 5951.13 2994.81 5951.05 2944.35 6001.70 2960.70 5962.76 2970.31 5954.23 2974.34 5949.59 2922.96 5917.84 2959.95 5916.37 2930.58 5906.27 3009.09 5892.83
13 824.37 5316.66 812.10 5330.27 801.80 5347.88 793.24 5330.72 781.47 5361.06 763.99 5366.61 773.04 5337.52 772.59 5328.37 757.26 5333.58 730.58 5317.86 752.55 5273.85 767.11 5284.78 806.35 5290.21
11 6803.78 7261.67 6816.50 7236.43 6873.01 7207.34 6955.80 7227.65 6974.09 7287.83 6982.00 7316.92 6969.98 7326.17 6915.04 7351.34 6893.39 7361.12 6831.47 7354.17 6810.54 7306.86
10 1886.86 397.64 1937.37 364.53 1986.05 385.73 2002.29 413.19 2000.04 443.02 1957.14 503.53 1906.23 509.74 1894.82 495.81 1879.68 474.17 1883.28 420.00
5 6489.94 6602.48 6456.76 6627.33 6442.20 6614.84 6427.57 6597.59 6425.76 6565.97
6 7097.85 5845.58 7072.24 5796.64 7085.38 5762.79 7152.70 5759.07 7163.58 5768.10 7152.02 5784.70
9 5998.15 1713.40 5966.86 1634.49 5984.03 1614.23 6034.25 1597.09 6071.95 1622.05 6084.50 1667.47 6083.88 1678.71 6072.28 1714.81 6012.00 1724.38
14 5106.90 5603.41 5084.44 5595.58 5086.75 5640.92 5068.86 5622.78 5050.58 5621.36 5051.13 5615.87 5026.58 5580.66 4996.97 5566.79 5029.12 5524.71 5053.66 5564.22 5060.36 5550.25 5065.43 5557.93 5066.89 5565.01 5075.54 5561.92
9 2905.39 5461.62 2865.14 5528.47 2850.05 5523.61 2822.72 5513.35 2798.63 5485.09 2789.50 5470.73 2784.73 5452.97 2824.74 5407.50 2881.07 5411.13
8 1487.17 6198.22 1476.54 6187.77 1436.80 6211.34 1422.00 6177.80 1408.30 6167.73 1466.37 6139.73 1503.89 6144.93 1505.34 6152.16
5 7074.46 2284.27 7015.57 2292.65 7015.94 2275.06 7012.53 2258.46 7043.90 2263.46
7 5730.54 2382.02 5650.37 2296.49 5671.07 2271.94 5737.66 2229.18 5760.67 2233.40 5810.57 2326.66 5768.44 2378.83
10 1116.31 3516.24 1066.41 3522.19 1062.64 3498.88 1085.99 3487.41 1074.04 3472.41 1075.84 3436.68 1123.71 3470.85 1133.95 3484.24 1186.06 3481.47 1176.25 3486.65
10 6515.51 7124.86 6543.76 7090.60 6570.06 7084.18 6587.34 7099.74 6604.62 7124.59 6604.71 7168.47 6598.72 7170.95 6561.60 7184.94 6534.19 7179.20 6519.25 7148.39
12 5787.50 5437.23 5798.29 5454.72 5781.34 5445.90 5779.28 5453.84 5771.88 5456.63 5762.94 5475.55 5747.29 5442.80 5741.13 5441.79 5746.10 5408.35 5754.11 5410.94 5759.74 5393.31 5807.21 5417.78
10 3224.16 3573.65 3237.18 3598.95 3220.99 3598.80 3228.94 3636.91 3158.10 3606.92 3146.86 3585.04 3120.47 3570.96 3133.33 3540.16 3145.54 3535.91 3184.56 3554.01
10 5056.02 6477.16 5070.03 6419.44 5093.21 6415.32 5139.59 6416.24 5157.59 6421.41 5160.87 6431.18 5184.76 6519.65 5175.97 6538.77 5070.57 6516.41 5059.86 6499.05
11 3617.70 2197.86 3631.54 2165.26 3669.44 2147.13 3701.94 2151.03 3712.73 2196.50 3715.30 2211.20 3713.63 2219.46 3696.41 2245.68 3682.53 2249.03 3642.27 2238.30 3625.05 2227.99
6 4601.23 5147.62 4620.02 5041.56 4690.32 5083.86 4698.56 5138.29 4661.94 5158.92 4642.90 5163.33
11 2448.34 2980.90 2480.42 2992.01 2483.94 3000.67 2442.45 2986.86 2438.33 2999.03 2434.72 3031.28 2420.21 3004.29 2409.16 2982.41 2406.16 2976.64 2388.02 2956.32 2465.01 2954.68
7 4968.84 329.82 4886.01 364.77 4872.39 354.93 4855.71 321.11 4868.78 266.22 4906.24 233.78 4968.79 271.37
9 3070.19 2471.45 3095.87 2427.91 3122.73 2426.80 3146.61 2431.07 3173.37 2481.69 3144.16 2497.17 3125.21 2507.09 3096.14 2506.90 3081.64 2495.05
12 2158.80 4956.61 2185.25 4989.49 2180.13 5012.94 2172.21 5023.22 2170.12 5024.47 2156.37 5032.40 2132.50 5026.20 2096.53 5010.25 2097.55 4982.20 2099.67 4971.63 2113.75 4958.76 2148.85 4949.34
5 1652.09 228.92 1649.45 90.73 1697.67 107.19 1780.40 147.83 1716.49 224.04
8 3507.77 7063.77 3482.56 7023.09 3485.93 7007.89 3508.12 6985.64 3553.07 6979.90 3566.37 6993.98 3566.79 7029.18 3554.19 7052.88
7 3128.93 5579.21 3111.15 5539.95 3128.72 5524.86 3189.50 5536.67 3178.52 5575.43 3166.48 5590.14 3144.93 5583.94
7 4501.56 4465.68 4446.22 4429.31 4446.36 4377.00 4512.16 4353.68 4552.71 4392.05 4530.64 4444.41 4507.95 4465.43
12 1400.78 4072.44 1392.14 4109.26 1388.70 4090.25 1387.84 4115.67 1358.17 4105.04 1373.69 4083.30 1377.72 4077.93 1390.22 4043.34 1402.01 4028.78 1407.85 4038.71 1409.93 4057.23 1411.19 4066.82
9 1036.43 1292.77 1090.78 1370.80 1087.50 1408.31 1073.47 1425.16 1045.79 1425.05 990.94 1414.85 972.41 1410.01 941.93 1378.69 970.38 1339.62
9 1814.39 7192.12 1748.18 7111.06 1801.50 7041.94 1852.95 7058.98 1872.57 7073.12 1896.66 7104.74 1893.43 7114.02 1880.82 7129.28 1836.47 7178.67
8 4012.36 404.59 4068.99 354.53 4111.87 354.46 4126.27 367.34 4161.42 444.14 4119.71 478.96 4054.25 481.10 4013.94 411.36
11 2247.45 3847.60 2249.88 3816.85 2251.07 3805.72 2215.54 3799.41 2225.90 3792.07 2245.25 3771.66 2251.42 3777.31 2256.20 3760.64 2292.70 3779.30 2299.82 3789.65 2303.20 3796.44
9 6235.30 416.20 6165.43 455.85 6151.98 450.37 6087.52 416.95 6073.30 362.69 6102.15 310.38 6165.25 294.16 6211.93 323.82 6230.73 346.63
5 1376.51 6394.47 1349.22 6400.15 1390.52 6367.54 1395.77 6373.26 1423.02 6378.62
7 2855.86 1078.02 2788.63 1107.79 2734.82 1150.32 2703.27 1133.57 2716.32 1068.71 2734.30 1065.79 2815.84 1041.88
10 3532.69 2530.61 3528.86 2544.35 3495.39 2593.27 3468.52 2556.94 3453.97 2550.13 3383.04 2533.03 3425.36 2515.91 3461.41 2442.03 3466.22 2442.45 3466.53 2499.56
6 5645.54 1103.30 5596.24 1177.29 5551.74 1153.97 5499.32 1052.17 5578.68 1045.15 5596.13 1024.83
8 3845.32 1133.67 3803.11 1130.98 3810.97 1104.52 3825.99 1079.63 3836.86 1064.27 3860.27 1088.71 3870.91 1104.39 3860.63 1124.02
8 593.20 2384.73 579.77 2355.18 580.45 2335.72 626.35 2303.78 652.06 2312.98 673.86 2344.72 663.79 2368.43 639.74 2410.51
11 1947.97 6096.18 1984.13 6081.21 2015.82 6093.00 2048.05 6133.02 2044.80 6166.21 2011.94 6192.08 1995.49 6198.42 1965.41 6209.39 1927.88 6182.32 1929.97 6164.09 1934.93 6128.12
7 6992.72 1421.79 6971.73 1344.23 7026.78 1316.22 7076.04 1339.05 7107.83 1365.18 7106.11 1408.70 7088.70 1421.01
9 3805.89 1757.87 3896.27 1687.97 3911.19 1685.44 3937.29 1711.74 3946.79 1728.52 3951.23 1807.38 3943.33 1844.98 3862.61 1856.56 3819.21 1834.04
12 1422.52 2488.11 1473.47 2444.91 1492.24 2447.17 1553.49 2486.64 1554.82 2521.16 1550.00 2554.43 1519.45 2577.04 1488.32 2596.14 1446.70 2594.72 1423.71 2568.77 1416.47 2542.78 1417.99 2523.11
15 6885.65 3926.31 6897.99 3968.56 6873.85 3968.41 6844.82 3937.85 6835.59 3943.77 6809.30 3910.23 6798.21 3883.67 6824.77 3890.76 6853.21 3903.39 6832.02 3871.69 6882.27 3848.10 6885.35 3851.51 6882.68 3906.58 6933.62 3913.74 6919.83 3919.44
5 529.90 3832.96 406.12 3810.64 436.86 3814.87 453.93 3813.16 482.00 3747.51
7 388.61 2960.18 445.01 2904.36 464.69 2943.04 474.42 2971.89 463.87 2988.21 432.86 3010.29 399.82 2986.37
8 4339.48 1134.22 4299.84 1103.76 4309.24 1064.97 4317.80 1057.57 4365.39 1046.05 4382.46 1072.88 4377.90 1099.72 4366.81 1126.55
10 6972.31 6027.73 7018.44 5981.26 7096.07 5997.43 7118.27 6006.57 7123.78 6032.55 7122.15 6050.87 7084.96 6099.60 7058.16 6104.06 7043.01 6102.37 6986.62 6089.06
15 5286.48 1936.35 5280.72 1941.33 5253.80 1935.03 5256.95 1958.08 5245.16 1939.89 5248.64 1957.51 5225.96 1972.71 5226.21 1960.13 5233.91 1939.82 5211.31 1949.41 5201.87 1953.08 5211.18 1945.50 5219.81 1914.16 5224.87 1906.09 5239.61 1897.44
11 7093.90 6765.77 7100.01 6771.28 7072.48 6782.73 7061.87 6780.22 7012.88 6804.76 7030.32 6769.03 7025.60 6744.36 7044.67 6744.53 7065.16 6738.44 7095.64 6734.28 7070.17 6760.03
8 6647.99 5131.87 6640.70 5145.84 6611.17 5135.45 6627.48 5169.16 6595.49 5160.68 6594.57 5156.69 6578.71 5116.39 6586.39 5097.40
6 741.37 6644.83 776.57 6551.15 815.27 6561.43 819.61 6564.22 847.31 6614.46 822.91 6651.62
7 1598.98 4062.19 1647.82 4113.40 1629.90 4207.16 1506.98 4215.74 1483.72 4177.35 1505.80 4120.15 1558.64 4072.17
14 5415.70 5076.11 5422.59 5102.02 5378.53 5128.12 5361.72 5122.04 5384.39 5091.81 5372.74 5086.93 5353.10 5070.25 5388.31 5061.25 5355.89 5027.95 5396.08 5055.22 5391.22 5041.64 5389.31 5028.67 5448.45 5042.69 5462.79 5047.91
7 545.78 2220.86 509.39 2253.71 447.15 2199.10 432.62 2174.12 483.64 2141.79 512.53 2130.79 545.26 2209.19
6 1729.17 4996.18 1668.13 5052.89 1657.12 5040.87 1647.82 4989.54 1684.30 4962.57 1720.79 4976.57
8 3139.60 3431.19 3157.60 3366.31 3203.92 3360.53 3258.21 3391.67 3277.53 3477.84 3272.67 3479.06 3211.80 3477.75 3145.41 3456.40
12 1625.70 2658.94 1643.43 2604.34 1758.31 2616.27 1765.72 2618.92 1780.80 2636.59 1780.24 2639.44 1752.84 2687.99 1715.13 2731.15 1685.23 2733.09 1673.75 2724.35 1657.15 2709.20 1628.39 2680.33
11 3796.08 4120.93 3789.11 4128.57 3741.10 4125.84 3709.37 4099.92 3754.55 4086.77 3752.58 4075.35 3769.48 4073.96 3779.34 4063.07 3788.85 4046.78 3824.09 4034.43 3806.81 4075.92
9 2803.53 483.59 2800.56 527.94 2705.85 501.42 2699.83 474.11 2707.80 467.58 2751.27 436.02 2794.06 444.87 2796.64 447.80 2802.30 469.63
7 5713.10 4815.93 5767.06 4851.84 5766.21 4918.32 5702.30 4946.07 5646.32 4924.36 5641.41 4892.73 5704.79 4824.44
8 6340.76 6402.60 6303.17 6403.50 6291.82 6402.86 6276.67 6409.70 6290.68 6395.01 6272.52 6387.19 6293.33 6373.42 6309.12 6386.74
6 3715.98 5187.13 3759.00 5203.43 3735.68 5201.72 3724.58 5239.52 3685.95 5208.21 3667.94 5174.53
15 5154.35 4377.44 5151.90 4387.39 5143.55 4396.39 5108.36 4398.18 5108.05 4404.03 5106.80 4404.40 5101.08 4383.67 5083.61 4379.92 5079.57 4378.64 5094.31 4372.66 5098.83 4358.15 5123.70 4326.80 5135.23 4357.90 5128.33 4368.29 5133.59 4368.90
5 3731.13 6066.25 3713.12 6088.15 3672.36 6067.85 3711.39 6040.70 3743.19 6043.86
7 2727.37 3999.95 2730.63 4067.69 2705.20 4075.97 2656.65 4041.91 2673.54 4006.35 2684.83 3993.23 2697.90 3990.48
9 5473.89 471.19 5491.00 435.84 5530.40 415.70 5557.99 425.93 5586.52 440.75 5594.29 478.98 5562.34 526.34 5509.25 527.76 5481.62 499.72
15 3358.77 4759.68 3344.59 4766.68 3333.24 4764.00 3341.33 4798.87 3315.02 4800.87 3307.79 4787.05 3277.36 4781.73 3269.01 4764.99 3307.06 4743.48 3311.14 4744.84 3311.41 4740.85 3329.24 4717.45 3333.93 4737.11 3335.61 4741.90 3362.71 4742.17
10 300.59 1261.65 325.17 1287.99 313.35 1342.50 308.35 1356.85 275.06 1353.85 259.18 1342.05 247.98 1333.66 240.34 1326.25 236.98 1294.28 239.86 1284.66
12 2149.62 232.66 2167.46 257.35 2171.80 272.55 2137.95 249.35 2115.16 254.45 2067.84 240.40 2050.92 224.26 2056.45 209.33 2081.76 171.00 2080.37 149.45 2104.36 198.21 2130.23 204.95
8 213.39 1952.73 272.21 1865.25 321.58 1873.74 349.69 1882.08 371.99 1915.18 366.12 1935.75 289.36 1996.84 233.57 1979.15
8 3724.42 2677.98 3662.29 2613.96 3662.40 2592.22 3695.09 2528.19 3698.33 2528.65 3735.88 2546.95 3797.98 2581.72 3792.31 2646.08
10 1879.47 3868.76 1874.83 3815.40 1879.07 3798.72 1927.43 3762.21 1930.99 3761.68 1965.44 3784.34 1999.39 3825.63 1991.95 3849.36 1984.35 3861.01 1933.00 3902.79
10 3679.46 3801.41 3650.72 3851.12 3616.70 3854.93 3576.88 3845.58 3565.59 3840.06 3573.37 3792.38 3585.24 3753.85 3626.64 3742.43 3640.62 3740.38 3671.03 3768.55
8 5295.51 2577.20 5263.48 2577.89 5259.08 2611.25 5257.03 2583.92 5221.44 2589.96 5212.61 2570.58 5244.82 2542.03 5292.40 2540.39
13 273.83 6420.29 241.05 6433.05 255.56 6449.13 250.08 6453.66 232.91 6478.28 227.30 6472.51 176.59 6441.51 155.63 6399.59 182.02 6353.35 203.14 6396.01 204.19 6365.97 245.60 6392.89 241.05 6403.62
14 3096.43 601.12 3101.30 610.07 3096.28 604.65 3103.15 621.24 3085.38 599.52 3057.64 609.31 3068.29 593.34 3071.51 586.89 3082.82 570.61 3085.37 571.67 3088.34 574.58 3105.07 564.50 3108.04 570.04 3102.55 582.24
12 6491.83 1159.05 6453.58 1141.48 6428.14 1106.07 6425.69 1075.11 6461.38 1033.00 6481.91 1019.11 6513.05 1025.05 6529.11 1039.28 6541.96 1051.54 6546.63 1067.67 6548.33 1100.63 6544.53 1148.16
13 1937.15 1240.74 1933.84 1291.86 1881.68 1265.19 1865.00 1317.12 1829.22 1265.64 1806.61 1254.53 1799.90 1241.96 1801.33 1190.24 1850.84 1217.68 1846.01 1206.12 1838.21 1193.08 1878.57 1193.48 1895.89 1186.74
11 3009.25 2096.94 2999.65 2105.97 2920.97 2108.13 2930.79 2054.85 2955.20 2044.18 2962.17 2034.24 2974.44 2034.15 2986.84 2048.18 2993.31 2052.56 3001.00 2068.00 3020.02 2059.00
9 2888.31 2119.81 2859.37 2114.97 2876.05 2136.96 2873.88 2146.39 2841.47 2143.16 2816.95 2124.02 2799.38 2068.30 2866.33 2064.50 2896.74 2108.52
11 2434.04 3817.66 2463.52 3856.57 2463.31 3872.84 2446.84 3900.88 2433.87 3909.93 2397.64 3900.87 2387.11 3895.75 2372.36 3869.74 2366.58 3844.87 2377.70 3831.42 2404.73 3817.37
11 7148.45 7168.44 7148.05 7133.49 7166.66 7118.52 7215.02 7105.19 7227.36 7108.43 7232.97 7114.97 7255.13 7177.29 7228.71 7205.54 7181.41 7213.29 7179.82 7212.33 7155.17 7181.42
10 2353.90 5450.81 2362.15 5466.26 2356.07 5488.30 2352.46 5495.45 2311.05 5505.22 2297.61 5495.76 2299.74 5464.79 2301.85 5452.60 2325.74 5441.71 2336.34 5438.79
7 433.78 6034.18 383.78 6068.95 356.14 6056.28 357.19 6027.28 374.71 6006.44 382.90 5988.49 413.21 6015.12
13 237.10 2535.96 228.93 2549.77 231.52 2557.77 225.47 2581.17 192.39 2570.76 192.12 2568.67 186.76 2536.71 178.45 2517.00 194.80 2495.81 210.14 2519.81 203.45 2485.71 241.40 2503.12 250.94 2496.93
8 2987.60 5145.80 3046.37 5100.84 3079.88 5110.11 3089.35 5132.06 3091.61 5140.62 3098.45 5187.24 3078.83 5197.11 3034.29 5214.90
7 4832.25 5353.01 4832.80 5326.75 4883.55 5333.02 4893.83 5383.17 4884.13 5397.28 4858.18 5393.02 4844.12 5388.06
12 7382.53 5814.92 7392.87 5826.58 7362.61 5812.89 7348.34 5834.14 7345.81 5827.61 7344.63 5820.18 7343.62 5774.71 7356.75 5780.80 7359.91 5762.90 7372.53 5763.93 7387.24 5789.02 7388.91 5798.59
9 6819.42 6706.18 6869.87 6652.99 6909.70 6667.44 6921.11 6741.39 6920.41 6751.51 6913.02 6764.82 6874.49 6773.21 6853.49 6763.01 6830.43 6729.87
7 4687.84 1997.29 4670.46 1984.38 4654.16 2007.33 4638.85 1986.14 4602.79 1942.76 4658.03 1918.46 4693.82 1933.53
7 7021.97 3080.96 6991.09 3125.43 6969.85 3121.94 6955.06 3113.20 6925.38 3045.69 6960.50 3020.41 7018.67 3041.27
5 5432.80 6542.86 5534.93 6481.73 5572.36 6576.18 5523.71 6611.41 5449.30 6580.18
14 4142.71 2593.40 4128.80 2624.25 4116.77 2606.86 4125.22 2652.26 4118.11 2648.75 4059.19 2626.09 4065.35 2620.93 4056.12 2621.36 4050.84 2615.98 4084.63 2589.40 4085.01 2565.64 4135.41 2525.98 4126.23 2579.81 4160.60 2559.14
14 941.40 2647.19 910.95 2703.90 894.57 2669.49 882.06 2660.22 864.38 2658.39 825.00 2659.97 844.33 2653.88 838.54 2599.78 916.07 2582.39 922.43 2571.91 910.47 2622.31 941.12 2571.58 969.30 2609.50 932.56 2640.37
13 4801.59 2951.91 4802.11 2956.21 4809.88 2965.46 4766.47 2947.11 4815.35 2975.44 4807.85 2971.37 4694.27 2953.02 4702.91 2930.22 4721.52 2926.64 4756.60 2918.13 4795.96 2903.10 4804.93 2919.77 4828.29 2932.72
7 1680.84 7427.20 1643.75 7473.21 1630.88 7472.96 1606.89 7448.71 1609.70 7410.65 1635.11 7394.57 1667.62 7408.74
8 6233.81 6466.37 6170.54 6478.31 6152.71 6478.83 6146.45 6399.32 6178.84 6425.81 6193.40 6421.72 6218.32 6408.37 6193.30 6433.17
7 2612.80 1374.83 2598.87 1289.32 2645.23 1273.49 2704.27 1305.64 2688.60 1339.12 2667.16 1383.50 2633.58 1378.36
10 2285.49 4556.16 2229.46 4552.59 2194.46 4523.52 2175.81 4498.13 2200.78 4431.34 2245.96 4407.50 2325.81 4430.91 2334.06 4455.41 2333.70 4517.62 2325.72 4540.97
8 5074.13 5157.85 5109.25 5225.80 5079.87 5248.32 5066.47 5253.87 5042.84 5255.62 5013.52 5234.03 5014.05 5222.48 5036.94 5160.81
7 7071.52 736.45 7035.22 724.36 7004.13 710.61 7051.66 670.21 7055.70 676.32 7083.81 647.46 7110.55 670.94
13 6328.91 6003.41 6309.31 5984.88 6305.45 6010.89 6291.42 6002.04 6271.82 5994.14 6270.93 5957.14 6277.16 5949.91 6291.69 5951.26 6288.10 5929.53 6306.83 5942.90 6321.51 5936.94 6335.72 5945.79 6352.69 5969.30
9 6977.28 3218.68 6942.48 3248.52 6907.46 3241.53 6888.23 3231.82 6879.92 3205.94 6900.49 3155.49 6915.56 3153.52 6975.39 3177.03 6976.26 3181.68
13 7358.83 1163.16 7369.68 1173.98 7321.60 1171.79 7309.21 1162.08 7278.33 1148.12 7279.18 1128.65 7323.24 1149.91 7333.51 1101.43 7341.63 1076.23 7342.09 1113.17 7350.93 1116.81 7360.09 1123.49 7397.94 1140.69
9 1403.68 2824.92 1461.33 2860.52 1473.29 2893.28 1476.03 2959.93 1387.86 2969.95 1356.55 2950.70 1352.45 2929.16 1375.85 2846.67 1382.34 2840.84
7 6621.94 2843.86 6640.68 2906.81 6633.62 2917.95 6620.52 2912.53 6536.87 2869.73 6546.34 2849.98 6572.16 2809.80
11 4591.70 3922.03 4583.83 3936.21 4567.78 3956.75 4580.04 3926.94 4573.39 3903.09 4580.81 3899.09 4569.49 3868.49 4581.76 3893.22 4586.60 3899.09 4598.18 3867.24 4596.33 3874.98
14 1116.01 2771.14 1084.40 2819.53 1037.57 2827.15 1026.46 2818.54 1012.13 2844.63 989.59 2825.28 1012.42 2786.45 1004.52 2779.51 1017.83 2720.04 1032.39 2710.12 1048.49 2725.59 1053.12 2707.73 1061.03 2767.43 1060.80 2768.27
9 1270.59 3581.64 1223.71 3578.13 1223.02 3545.94 1234.58 3533.22 1229.62 3512.72 1234.57 3508.01 1236.50 3494.10 1289.63 3533.83 1268.07 3548.01
5 5607.96 3884.88 5589.81 3898.86 5546.25 3867.24 5507.24 3839.51 5567.42 3839.78
6 4276.36 5202.47 4325.88 5123.33 4398.02 5187.00 4422.23 5210.15 4400.74 5257.00 4316.06 5256.90
15 3906.78 3710.22 3895.43 3704.88 3850.40 3726.12 3845.22 3699.26 3831.58 3723.42 3841.48 3684.39 3800.99 3697.31 3810.19 3683.31 3799.99 3683.72 3837.15 3670.37 3823.65 3653.62 3824.12 3638.29 3849.99 3647.37 3840.27 3605.02 3860.26 3594.75
11 5848.82 425.90 5839.51 447.08 5807.69 428.54 5786.51 468.61 5786.88 443.57 5754.57 414.64 5783.05 394.28 5779.55 366.63 5791.53 379.58 5856.11 371.33 5833.92 405.88
11 6240.69 4310.64 6241.91 4360.08 6207.42 4313.49 6176.10 4314.52 6196.76 4288.51 6216.87 4274.22 6242.18 4280.34 6265.85 4268.40 6261.03 4272.93 6274.67 4274.34 6263.35 4281.22
9 2177.57 6296.31 2173.97 6276.50 2193.56 6219.51 2268.63 6229.58 2277.42 6233.65 2310.84 6264.19 2326.32 6303.17 2315.44 6354.60 2273.19 6388.70
14 334.37 5500.88 306.06 5484.12 327.52 5540.49 290.60 5486.10 295.27 5554.24 212.89 5479.85 199.94 5426.92 237.67 5398.00 322.41 5377.78 321.20 5421.14 314.22 5442.67 305.92 5449.65 371.41 5419.01 322.85 5450.21
8 2204.18 2388.81 2212.31 2427.07 2202.63 2431.07 2175.00 2413.38 2144.73 2370.68 2140.01 2333.74 2206.19 2303.69 2206.97 2363.17
9 7007.93 7020.49 7013.21 6954.74 7067.60 6963.27 7080.55 6971.67 7089.76 6985.29 7097.35 7017.61 7089.14 7054.28 7066.22 7060.37 7021.44 7052.87
15 2364.04 2727.74 2403.70 2758.42 2335.52 2753.22 2323.84 2740.70 2278.72 2789.93 2298.40 2744.50 2246.41 2763.45 2291.94 2724.60 2284.41 2708.27 2303.85 2692.35 2296.88 2649.13 2315.43 2694.39 2360.73 2646.32 2361.43 2673.64 2406.17 2695.67
10 6701.79 2058.45 6707.53 2100.31 6676.76 2068.85 6655.52 2090.98 6655.83 2071.10 6624.95 2056.05 6679.54 1951.24 6681.58 1992.51 6702.37 2005.93 6750.65 2025.98
12 1641.69 991.01 1593.70 966.45 1586.30 970.83 1574.05 1014.09 1565.71 959.68 1511.84 960.90 1539.00 893.74 1602.91 876.06 1605.79 895.18 1634.86 901.53 1623.21 921.71 1655.99 911.62
7 2041.25 5829.02 2031.30 5939.78 1948.38 5952.85 1916.77 5911.65 1916.21 5830.01 1947.53 5799.41 1957.04 5796.45
9 2459.61 3096.56 2436.26 3076.46 2448.88 3098.69 2402.55 3094.16 2396.81 3062.00 2414.10 3055.43 2403.60 3026.79 2430.62 3046.09 2472.71 3049.85
9 6206.25 3447.56 6210.78 3455.66 6167.62 3466.38 6115.32 3486.71 6123.15 3451.74 6162.36 3440.10 6136.84 3389.68 6189.68 3391.74 6189.77 3430.87
8 5324.14 2166.90 5257.72 2150.44 5277.42 2128.95 5253.06 2115.03 5271.49 2109.95 5259.32 2089.75 5299.37 2095.79 5316.47 2099.87
12 345.49 717.77 352.67 639.04 357.28 635.89 386.32 616.64 438.24 623.30 460.81 629.10 480.86 653.97 481.11 668.18 473.74 695.11 434.96 725.08 363.95 733.69 355.46 728.21
10 916.39 2929.14 925.91 2878.82 943.52 2870.71 964.71 2872.01 980.58 2883.83 981.38 2920.01 981.42 2943.37 950.01 2945.24 931.12 2946.17 920.32 2933.99
5 3302.00 6401.00 3252.90 6357.45 3272.96 6368.69 3305.84 6356.00 3279.14 6374.09
7 5594.30 5330.48 5576.59 5371.41 5524.00 5373.21 5497.45 5313.92 5491.24 5299.05 5517.62 5284.85 5570.25 5304.95
11 6066.70 7199.17 6078.15 7245.45 6066.87 7269.47 6040.67 7277.40 6026.04 7275.98 6009.47 7249.48 5993.64 7216.75 5999.82 7207.26 6001.36 7205.78 6026.44 7195.84 6062.88 7188.81
9 6391.32 4127.51 6389.22 4061.71 6420.75 4039.62 6484.03 4040.61 6520.16 4051.25 6501.43 4121.24 6496.37 4133.02 6482.56 4146.63 6408.29 4140.59
11 7344.31 2576.13 7302.88 2617.09 7254.22 2602.00 7229.99 2648.42 7215.79 2601.75 7191.47 2563.18 7231.76 2564.17 7218.75 2541.32 7259.19 2537.90 7298.76 2529.74 7313.65 2570.95
10 209.27 3908.95 250.90 3866.86 269.46 3872.38 279.05 3875.70 304.67 3897.47 309.25 3969.32 305.62 3976.83 267.47 4008.48 245.79 4007.79 215.06 3960.40
9 907.11 3757.95 923.67 3715.81 1020.58 3709.95 1036.83 3725.39 1039.23 3737.97 1019.61 3774.45 994.50 3810.70 977.51 3811.10 930.76 3782.89
11 4010.96 6074.26 3961.29 6062.16 3950.28 6073.87 3937.34 6064.97 3947.31 6038.42 3934.15 6000.72 3964.16 6016.75 3997.17 5974.72 4014.07 6007.62 4012.76 6035.96 4040.23 6040.83
9 6278.38 5190.04 6274.59 5115.58 6337.74 5073.45 6379.73 5072.08 6405.00 5095.55 6441.96 5156.38 6438.12 5169.89 6415.97 5209.79 6297.73 5214.47
12 4879.63 1718.89 4853.45 1722.98 4845.02 1735.22 4837.74 1721.69 4816.16 1732.16 4803.94 1728.46 4814.01 1714.72 4799.89 1710.29 4818.26 1712.33 4837.30 1700.43 4845.10 1706.03 4845.24 1704.62
5 6686.11 1683.28 6667.53 1697.01 6679.54 1702.84 6589.43 1700.12 6608.59 1641.80
9 5091.58 4516.34 5089.18 4469.24 5111.74 4454.36 5149.82 4444.27 5166.07 4451.84 5188.73 4493.27 5186.31 4512.43 5163.93 4544.32 5134.45 4533.23
14 4959.33 3702.56 4954.08 3702.67 4935.25 3732.38 4928.37 3728.80 4934.04 3707.54 4932.50 3703.70 4912.93 3715.05 4927.24 3687.92 4929.91 3666.55 4939.33 3664.89 4945.50 3667.26 4953.71 3685.11 4965.55 3677.23 4979.97 3674.62
8 2890.93 1296.53 2933.23 1233.94 3000.21 1233.93 3010.32 1239.96 3037.93 1273.23 2995.32 1336.45 2973.59 1344.69 2898.78 1315.59
10 7282.49 7039.60 7281.27 7062.76 7255.57 7052.05 7252.54 7055.84 7223.80 7024.99 7225.48 7016.62 7239.89 6981.11 7263.65 7005.17 7277.69 6998.06 7303.45 7008.18
12 5373.62 4695.49 5415.20 4681.30 5437.56 4716.15 5439.79 4720.06 5442.99 4726.44 5441.56 4742.07 5440.48 4750.78 5391.36 4777.20 5364.67 4770.36 5354.88 4753.20 5355.91 4737.25 5370.03 4703.19
13 858.35 6819.37 886.35 6826.55 845.73 6826.95 812.38 6846.37 800.11 6857.21 792.52 6867.50 805.98 6838.12 806.46 6833.73 790.16 6803.54 798.60 6781.51 843.96 6787.57 848.06 6793.89 864.07 6810.44
8 5405.12 3792.97 5377.42 3820.39 5295.50 3812.47 5346.43 3721.83 5362.36 3728.79 5379.38 3729.90 5369.75 3746.43 5431.14 3756.04
9 7381.46 1299.73 7358.23 1335.55 7318.41 1333.17 7307.03 1320.56 7302.61 1295.26 7308.47 1285.50 7322.38 1266.82 7333.23 1267.91 7379.67 1296.21
10 4938.26 7304.95 4989.82 7266.55 5024.87 7284.67 5062.71 7335.58 5053.50 7356.01 5018.01 7414.61 4949.37 7406.31 4939.96 7396.62 4922.20 7360.23 4924.04 7344.59
10 6771.72 441.28 6735.98 454.71 6727.16 469.62 6705.03 465.56 6675.99 440.51 6714.63 414.02 6715.58 395.32 6720.24 422.85 6730.66 401.52 6756.10 432.41
9 2545.81 4592.88 2535.63 4589.41 2503.80 4592.35 2506.90 4577.51 2485.93 4565.78 2520.21 4551.11 2520.77 4538.33 2564.58 4561.58 2556.08 4573.30
8 1802.97 6903.29 1810.30 6877.97 1822.12 6838.33 1909.00 6851.29 1917.76 6910.09 1860.17 6964.56 1824.00 6962.61 1805.33 6932.20
10 1565.28 3587.55 1595.93 3474.13 1626.91 3454.81 1646.85 3443.49 1673.83 3487.90 1692.75 3549.61 1689.37 3582.83 1655.67 3600.46 1630.27 3603.49 1599.94 3601.43
8 117.22 1951.36 112.43 1913.72 125.34 1903.56 153.40 1886.83 196.11 1912.48 196.60 1913.69 181.54 1953.43 144.77 1968.58
10 7114.09 3553.38 7127.36 3505.80 7136.72 3503.75 7150.97 3504.70 7177.92 3519.87 7189.93 3532.87 7191.57 3537.63 7173.51 3567.83 7160.94 3573.77 7139.08 3569.63
10 6072.19 945.29 6063.54 978.81 6044.40 998.51 6034.37 992.58 6025.40 986.29 5997.19 960.24 5996.50 956.39 6006.83 941.69 6033.46 927.42 6052.15 933.42
7 5931.57 4216.35 5972.43 4251.89 5970.59 4275.99 5941.13 4344.20 5928.08 4343.74 5874.28 4286.94 5889.77 4234.22
8 887.25 5031.24 870.64 5019.11 900.17 4948.66 905.38 4940.53 963.18 4948.75 988.73 4964.59 999.30 4975.80 1001.60 5022.25
7 1284.10 3639.60 1331.55 3675.60 1328.87 3690.01 1314.87 3715.05 1300.76 3722.96 1263.08 3686.36 1272.93 3646.44
10 2891.57 4269.71 2857.57 4231.08 2893.08 4178.72 2900.62 4178.42 2931.85 4177.46 2940.19 4177.45 2966.25 4207.88 2967.61 4228.38 2953.19 4252.65 2908.43 4269.08
6 5602.90 194.06 5674.64 308.48 5655.81 325.22 5566.04 317.14 5566.10 208.69 5567.36 196.73
8 3847.42 3906.71 3827.08 3935.42 3788.33 3906.88 3772.26 3888.28 3755.75 3845.57 3773.40 3817.71 3834.61 3844.89 3841.17 3856.90
13 4867.00 3367.79 4862.02 3376.28 4836.16 3384.13 4848.50 3416.64 4845.88 3411.28 4795.87 3399.77 4783.96 3373.54 4806.95 3345.96 4810.12 3345.79 4811.22 3337.21 4805.19 3299.86 4837.77 3344.93 4856.47 3356.76
9 6523.87 3527.81 6440.69 3575.56 6392.45 3546.15 6386.59 3515.16 6400.52 3450.95 6440.25 3436.63 6487.86 3430.65 6506.68 3463.24 6510.67 3474.32
7 908.68 2148.84 933.18 2198.59 906.76 2241.76 880.12 2264.33 837.14 2226.44 825.79 2199.18 849.77 2164.39
12 3573.16 5327.23 3579.99 5333.55 3582.78 5352.01 3562.04 5349.37 3528.33 5344.14 3524.68 5308.86 3536.32 5303.07 3543.95 5303.54 3542.42 5276.73 3556.74 5270.79 3569.60 5260.77 3599.19 5282.18
8 587.66 3508.05 543.48 3508.30 494.02 3502.89 527.27 3477.73 527.76 3467.64 542.49 3431.54 552.20 3449.19 593.84 3444.71
8 6345.21 6324.72 6357.19 6345.37 6349.96 6360.22 6337.54 6331.94 6344.87 6349.85 6280.97 6336.59 6258.63 6307.45 6299.63 6265.89
9 7174.42 3043.07 7137.97 3080.19 7154.49 3025.05 7157.65 3025.22 7154.72 2997.25 7164.05 3004.08 7173.34 2980.39 7194.87 2974.72 7186.22 3027.16
7 6220.67 666.98 6288.88 634.13 6333.20 686.41 6353.55 736.64 6307.63 749.97 6256.85 760.86 6227.69 748.63
14 3909.09 587.54 3886.89 590.90 3850.34 590.27 3853.39 600.36 3870.21 647.92 3830.39 645.85 3808.88 659.35 3806.95 597.65 3772.50 560.77 3768.45 543.89 3797.12 506.45 3804.48 501.41 3836.45 505.04 3895.94 574.23
8 5561.51 7062.48 5539.07 6989.55 5548.27 6945.45 5589.71 6942.00 5653.48 6947.74 5662.82 7012.27 5658.34 7025.42 5616.05 7061.91
6 1546.62 1235.84 1540.63 1276.03 1512.50 1267.05 1479.53 1278.08 1476.67 1238.41 1510.94 1186.98
8 6962.11 1261.21 6976.16 1238.35 7020.01 1246.56 7040.27 1264.48 7024.42 1293.29 6989.17 1307.74 6978.13 1292.89 6976.25 1289.99
11 4886.24 5610.07 4905.75 5607.33 4926.19 5609.04 4931.15 5623.16 4941.43 5652.45 4939.50 5662.23 4911.45 5679.73 4892.18 5688.44 4868.84 5669.36 4854.97 5649.18 4870.79 5623.95
15 4287.82 5279.26 4237.02 5284.20 4260.73 5312.76 4207.10 5307.62 4166.46 5281.12 4167.46 5260.38 4180.26 5225.74 4233.72 5179.29 4228.19 5215.45 4215.40 5241.23 4243.62 5213.41 4233.29 5239.90 4225.63 5245.97 4269.35 5219.50 4227.94 5248.70
5 5443.10 3002.83 5405.51 3007.65 5325.35 2958.71 5357.05 2949.53 5446.58 2976.47
14 7217.80 4016.45 7236.64 4040.30 7224.55 4070.14 7200.31 4023.03 7203.09 4053.36 7190.09 4047.78 7145.34 4031.87 7153.98 4018.87 7167.57 4003.07 7189.75 3993.46 7193.53 3983.22 7258.78 3990.67 7244.72 4001.13 7243.57 4007.78
11 6521.22 3087.40 6549.09 3107.44 6528.02 3131.12 6497.91 3100.64 6504.71 3133.90 6484.61 3152.60 6451.16 3001.29 6487.51 2987.57 6489.21 3040.46 6492.16 3049.13 6569.37 3040.35
7 3683.92 3596.67 3685.68 3580.88 3753.13 3587.65 3767.74 3592.65 3758.26 3632.59 3740.62 3657.63 3705.05 3622.67
11 3599.16 437.15 3627.05 454.73 3607.48 477.25 3582.43 436.84 3574.88 451.77 3540.54 449.78 3551.42 409.38 3561.07 383.10 3587.38 398.27 3590.99 402.86 3587.50 415.66
8 5721.29 7063.88 5709.58 7015.29 5692.80 6995.63 5736.02 6985.26 5756.69 6956.57 5787.16 6990.82 5815.53 6993.26 5826.83 6994.61
5 5882.36 5104.05 5862.25 5043.84 5870.36 5055.10 5896.20 5068.45 5922.13 5076.73
9 4300.27 3224.86 4304.45 3251.43 4294.40 3233.91 4258.13 3236.70 4257.15 3232.96 4255.79 3188.20 4264.20 3187.74 4290.73 3196.17 4291.53 3207.09
7 5299.05 6862.24 5330.46 6977.99 5311.34 6986.68 5247.17 7012.70 5233.25 6995.16 5219.25 6891.17 5262.80 6865.69
8 6208.81 2026.56 6206.47 1930.38 6216.03 1904.86 6310.48 1896.62 6320.80 1945.80 6321.66 1992.84 6317.59 2039.13 6236.19 2045.61
9 6282.03 7139.70 6250.45 7237.20 6225.66 7227.09 6194.30 7204.88 6189.74 7199.07 6174.74 7161.78 6221.29 7101.10 6267.39 7100.93 6280.53 7115.18
7 1669.06 3156.51 1707.08 3179.91 1679.86 3183.62 1637.83 3190.88 1593.45 3150.58 1611.72 3139.14 1709.69 3127.96
13 3235.17 6647.66 3234.62 6659.51 3164.58 6640.93 3189.83 6611.98 3170.56 6592.41 3183.23 6597.64 3199.12 6592.17 3202.99 6599.20 3215.70 6602.41 3216.81 6571.95 3231.87 6571.99 3227.67 6592.31 3242.49 6584.43
7 3422.24 688.46 3327.87 696.93 3312.31 656.87 3320.08 652.58 3313.09 632.89 3302.41 592.77 3395.69 668.26
8 3150.77 5786.08 3212.46 5718.65 3235.99 5703.50 3293.02 5744.09 3314.20 5790.16 3290.27 5830.51 3230.45 5861.32 3188.25 5839.97
9 7215.03 4550.04 7205.11 4492.44 7221.46 4472.84 7272.84 4453.71 7306.80 4473.31 7341.33 4511.29 7334.50 4559.31 7291.77 4578.90 7245.53 4585.31
10 3038.19 3107.69 3015.95 3040.73 3024.66 3012.97 3038.53 3003.67 3083.28 2977.93 3143.87 2991.29 3149.99 3020.15 3152.79 3048.54 3135.27 3125.10 3063.61 3127.20
8 515.63 2711.70 498.17 2740.81 476.60 2653.09 491.19 2691.19 489.21 2658.13 502.51 2669.23 518.87 2657.46 553.34 2687.82
8 1092.27 3014.34 1089.54 2960.64 1120.02 2950.86 1175.25 2938.88 1216.64 2943.19 1197.57 3019.47 1193.50 3029.01 1171.12 3075.15
6 5973.41 2459.85 5895.52 2441.67 5876.59 2425.50 5957.46 2382.08 5971.37 2411.44 5988.22 2405.61
10 6656.44 6470.66 6644.94 6469.90 6651.74 6520.86 6616.89 6480.34 6608.88 6504.01 6550.24 6514.70 6570.74 6458.17 6553.39 6461.38 6542.01 6440.66 6600.91 6408.37
10 2379.10 5923.10 2374.14 5885.09 2386.91 5850.11 2428.32 5817.16 2504.20 5811.73 2552.70 5862.21 2538.52 5901.44 2518.24 5943.20 2504.62 5963.70 2426.47 5945.63
8 2706.59 4560.81 2726.21 4652.58 2702.95 4653.59 2612.47 4646.37 2573.64 4602.44 2627.20 4545.71 2641.53 4530.54 2685.67 4536.80
6 6476.15 7174.46 6462.97 7178.49 6432.49 7210.96 6421.56 7193.28 6402.44 7179.45 6418.70 7165.00
13 622.63 6916.69 600.17 6882.70 596.82 6887.21 584.61 6902.35 585.41 6887.59 572.68 6910.57 532.17 6868.09 547.07 6836.67 565.49 6820.47 581.93 6826.01 598.92 6849.11 614.99 6826.16 622.82 6862.94
9 3753.25 4611.20 3744.82 4601.44 3765.45 4565.31 3836.53 4528.32 3860.54 4527.71 3908.99 4567.20 3917.42 4601.44 3852.34 4665.26 3819.80 4677.15
10 4825.79 2664.32 4843.63 2696.18 4838.08 2707.44 4809.15 2694.39 4801.76 2727.73 4786.59 2677.90 4778.98 2599.33 4851.27 2643.85 4846.95 2647.32 4847.08 2651.73
8 2010.70 1031.98 2000.97 1103.07 1962.31 1048.56 1923.00 1056.28 1918.81 1019.46 1988.93 990.11 2012.48 979.10 2035.16 991.09
11 1158.73 276.18 1122.52 321.45 1105.52 301.59 1090.68 361.55 1070.70 309.66 1054.84 276.75 1071.12 264.50 1076.93 261.61 1130.22 205.49 1129.58 230.33 1137.69 261.58
7 677.84 1202.27 659.68 1211.27 578.14 1206.46 604.45 1161.95 643.96 1124.14 644.12 1131.89 656.22 1132.45
9 2050.45 6373.70 2006.71 6411.63 1950.08 6393.17 1940.58 6363.93 1941.20 6346.56 1945.02 6285.52 1969.00 6277.97 2014.23 6275.17 2048.49 6333.56
9 3552.98 7243.89 3545.20 7299.01 3523.99 7295.75 3500.83 7291.76 3492.72 7289.56 3483.16 7256.44 3494.65 7241.45 3509.67 7239.42 3549.42 7234.38
5 2275.25 430.50 2253.02 419.13 2281.50 401.35 2297.32 352.94 2352.88 407.69
10 2720.57 4836.39 2751.37 4766.15 2813.88 4753.49 2831.66 4760.13 2862.97 4819.26 2877.22 4870.89 2875.01 4881.35 2846.03 4921.84 2762.58 4918.76 2726.15 4881.44
10 6349.14 3341.88 6289.16 3324.42 6274.52 3280.06 6277.60 3265.14 6280.93 3234.92 6303.42 3267.75 6337.39 3267.21 6340.64 3262.36 6356.28 3283.57 6366.72 3287.90
9 325.30 4139.24 383.24 4252.17 321.98 4300.11 319.04 4301.97 265.52 4311.25 230.17 4277.35 215.69 4254.31 221.05 4220.70 234.94 4166.86
6 2912.96 3737.20 2906.70 3750.86 2886.27 3742.73 2862.01 3693.43 2859.16 3688.49 2930.55 3707.45
13 6326.83 4857.81 6311.44 4858.20 6290.23 4855.46 6293.52 4882.17 6264.84 4872.28 6265.76 4864.78 6241.79 4868.35 6246.99 4849.43 6237.99 4827.02 6270.43 4844.62 6286.23 4831.00 6320.45 4830.56 6291.25 4844.86
5 2662.62 4126.20 2569.69 4141.59 2602.87 4108.17 2621.41 4087.16 2619.47 4082.04
8 4289.01 1779.05 4230.30 1821.77 4195.51 1808.04 4128.99 1757.30 4170.62 1709.87 4206.58 1681.13 4251.82 1693.67 4271.67 1699.52
11 3042.18 6993.73 3036.61 7034.96 3023.47 7004.22 3016.01 6986.47 3015.24 6952.28 3025.72 6932.27 3038.61 6953.53 3051.41 6950.71 3061.52 6956.77 3081.23 6959.59 3067.44 6965.41
7 2862.22 367.16 2854.10 371.98 2854.31 378.58 2820.43 405.48 2811.30 389.91 2811.74 377.70 2832.29 326.18
6 348.69 3591.93 373.37 3566.86 374.91 3555.86 342.87 3543.82 386.26 3474.23 421.66 3540.04
5 1437.55 1152.30 1413.24 1119.19 1340.44 1086.88 1435.51 1074.60 1443.44 1069.61
5 4331.61 5057.70 4303.03 5060.82 4299.12 5059.54 4334.90 5015.52 4341.74 5038.48
10 5954.14 2137.54 5960.87 2146.41 5909.76 2125.96 5891.82 2118.18 5875.44 2111.91 5913.59 2111.73 5952.30 2095.57 5955.76 2107.78 5942.65 2117.39 5979.51 2108.59
11 2720.84 6043.09 2713.84 6060.14 2684.58 6065.32 2677.10 6066.77 2675.93 6043.95 2679.57 6041.53 2672.16 5999.04 2686.93 5993.78 2708.28 6009.28 2730.34 6003.33 2719.94 6015.31
11 3485.04 2171.39 3480.88 2184.04 3453.21 2208.55 3431.08 2206.02 3422.87 2203.21 3422.73 2202.16 3419.11 2152.27 3444.38 2133.00 3458.45 2134.16 3473.91 2152.61 3484.84 2167.24
10 2098.00 1165.42 2113.40 1103.03 2184.82 1089.58 2227.83 1100.79 2264.26 1114.96 2264.93 1163.61 2258.05 1176.48 2198.00 1225.03 2148.00 1229.50 2102.59 1201.33
8 4322.88 5480.83 4354.80 5509.80 4322.00 5500.65 4296.25 5479.58 4289.31 5515.65 4269.75 5456.92 4212.39 5449.39 4273.53 5454.36
8 4793.26 1641.55 4750.20 1561.50 4788.87 1555.17 4868.23 1551.97 4872.68 1565.91 4882.42 1615.22 4873.49 1631.05 4849.07 1650.95
7 4399.13 3322.02 4350.38 3290.04 4362.48 3268.39 4402.30 3262.66 4408.31 3262.96 4413.36 3268.83 4419.72 3292.83
11 1506.47 4320.73 1501.82 4325.77 1505.39 4349.98 1501.26 4339.71 1473.11 4342.87 1453.84 4334.79 1458.02 4308.29 1477.53 4290.96 1497.32 4286.35 1506.21 4309.29 1506.22 4312.64
8 1843.31 4826.14 1833.02 4837.85 1788.05 4851.73 1784.66 4862.24 1774.67 4842.52 1757.26 4831.46 1773.17 4801.97 1816.80 4768.66
7 732.64 6918.61 796.76 6935.73 765.99 6986.31 732.11 7000.48 699.92 6999.80 697.24 6975.35 706.16 6928.53
9 5131.98 7006.97 5144.53 6974.51 5180.42 6964.96 5208.62 6982.08 5213.24 7006.08 5215.46 7020.15 5190.10 7036.51 5173.05 7047.03 5143.87 7035.10
7 1983.73 2503.79 1985.13 2504.41 1932.65 2536.63 1889.36 2498.41 1901.34 2464.50 1910.62 2471.06 1949.20 2492.56
9 1695.91 1477.30 1782.44 1386.38 1792.98 1385.74 1798.83 1385.99 1821.54 1393.13 1872.07 1488.14 1810.11 1525.93 1764.42 1538.24 1714.14 1533.77
10 1944.72 2694.78 1923.08 2627.12 1936.10 2601.61 1955.11 2586.27 2019.71 2600.42 2038.90 2637.00 2023.35 2677.51 2004.48 2687.65 1991.45 2693.86 1964.97 2697.23
7 7231.12 2247.86 7227.02 2263.73 7215.53 2257.25 7197.01 2237.58 7176.03 2216.18 7178.26 2201.52 7264.35 2228.81
6 1917.88 2819.75 1855.77 2930.18 1819.28 2913.51 1773.94 2873.41 1771.23 2869.41 1860.07 2773.42
10 1198.04 4605.95 1201.58 4581.56 1213.13 4565.79 1248.09 4573.54 1257.97 4599.66 1258.75 4612.66 1257.40 4618.61 1248.46 4626.20 1238.00 4634.05 1201.26 4619.81
9 387.94 1127.58 381.23 1105.05 383.79 1091.38 409.04 1056.68 456.81 1053.47 482.68 1067.07 480.50 1142.89 462.95 1158.78 414.27 1143.04
10 4447.36 4615.09 4433.12 4680.69 4425.50 4681.61 4421.62 4661.75 4406.02 4684.32 4392.69 4621.46 4355.28 4590.50 4370.42 4526.29 4461.18 4535.33 4464.40 4578.67
12 6288.18 3956.04 6246.12 3980.36 6205.83 4003.95 6226.79 3971.82 6207.30 3959.35 6227.40 3918.31 6250.92 3916.54 6268.51 3912.90 6303.99 3892.77 6271.56 3941.12 6315.99 3935.21 6296.27 3952.13
15 4751.93 766.94 4753.10 770.56 4738.28 778.71 4701.92 832.71 4667.24 796.45 4705.35 766.81 4657.00 769.58 4647.32 750.07 4662.08 750.90 4688.69 724.18 4683.74 704.65 4704.74 723.88 4700.95 686.80 4747.11 700.12 4757.54 731.29
7 2229.62 7236.90 2163.58 7131.02 2261.06 7061.41 2276.18 7055.69 2340.74 7109.90 2345.00 7169.21 2320.32 7199.92
8 2358.71 6709.81 2345.50 6674.21 2364.57 6657.85 2387.61 6639.43 2423.29 6637.35 2433.33 6657.60 2408.05 6703.83 2383.76 6720.04
9 3590.90 5030.49 3618.46 5049.48 3580.85 5075.05 3573.78 5072.92 3557.84 5053.87 3546.85 5053.61 3558.14 4995.61 3560.75 4997.39 3586.94 5002.72
6 6982.88 3667.23 6945.61 3679.42 6895.21 3637.52 6928.31 3636.67 6973.21 3614.36 7003.83 3646.11
10 6281.04 1824.82 6242.66 1765.59 6276.81 1721.21 6333.30 1709.35 6355.94 1736.08 6357.82 1756.83 6354.33 1782.66 6348.42 1802.77 6337.02 1840.18 6311.86 1846.99
12 3397.49 6694.10 3413.96 6632.18 3429.73 6627.16 3456.65 6624.12 3482.29 6628.81 3519.19 6688.32 3537.83 6739.86 3512.57 6765.97 3483.37 6778.17 3443.43 6778.47 3409.35 6764.08 3399.30 6731.90
9 3177.72 1219.49 3129.80 1223.63 3109.08 1250.36 3125.98 1216.29 3108.65 1220.83 3115.10 1210.42 3115.25 1210.13 3088.91 1204.65 3142.53 1192.30
11 4630.85 4614.87 4642.73 4588.31 4688.24 4565.57 4725.81 4594.49 4730.84 4627.41 4714.06 4653.42 4699.24 4662.48 4671.74 4668.35 4653.87 4652.98 4644.43 4643.65 4639.26 4637.54
8 4088.87 667.09 4061.30 639.21 4052.57 645.28 4039.76 641.44 4030.78 639.81 4038.73 624.63 4032.93 587.98 4084.52 611.24
15 4005.96 3302.30 3985.96 3291.30 3983.96 3294.39 3973.55 3298.30 3978.34 3280.17 3963.26 3287.15 3969.15 3279.09 3968.23 3273.75 3957.39 3268.69 3959.61 3248.24 3978.01 3264.11 3969.90 3246.26 3975.78 3247.08 3998.21 3261.65 3996.81 3269.01
7 3685.91 3259.94 3709.57 3227.52 3763.93 3227.97 3793.97 3257.45 3803.88 3283.91 3779.93 3308.54 3712.99 3293.68
11 1517.22 6292.62 1508.89 6243.26 1512.86 6211.00 1561.50 6190.79 1627.51 6203.91 1644.71 6240.40 1648.90 6252.79 1633.86 6314.14 1615.82 6320.53 1615.04 6320.80 1565.40 6324.37
8 4649.56 954.40 4637.09 1005.45 4608.14 1011.09 4602.94 1007.73 4572.13 984.11 4570.89 969.02 4608.21 946.39 4618.08 945.35
8 2404.33 1814.74 2379.55 1819.69 2398.21 1840.40 2371.10 1879.91 2338.00 1826.71 2301.04 1804.86 2298.33 1791.73 2400.97 1787.60
10 2145.44 1344.40 2115.40 1318.14 2135.22 1352.88 2095.71 1326.37 2072.15 1331.49 2090.59 1312.58 2085.05 1303.33 2086.01 1295.10 2068.48 1277.03 2100.20 1274.34
11 506.66 7308.57 501.12 7310.72 492.07 7315.20 438.76 7290.27 469.46 7297.21 479.01 7295.67 485.05 7279.95 488.05 7278.48 497.18 7276.25 503.44 7275.99 496.25 7307.48
7 808.17 3089.24 791.12 3027.67 788.80 3017.55 788.79 3015.23 824.34 2997.39 840.64 2997.89 823.20 3022.53
8 3073.26 7422.31 3070.95 7345.82 3128.13 7289.83 3142.19 7290.32 3191.14 7302.86 3216.43 7332.57 3189.57 7402.06 3169.10 7447.88
9 3552.05 761.56 3550.42 772.17 3540.60 763.59 3540.53 787.83 3504.17 749.85 3553.46 719.79 3547.08 738.89 3553.37 742.65 3565.32 738.11
14 7058.93 7206.99 7051.13 7214.88 7000.73 7259.33 6986.46 7256.90 7001.05 7218.10 6994.18 7212.25 6976.93 7207.24 6987.95 7170.71 7007.54 7187.73 7010.67 7141.78 7045.99 7167.71 7062.44 7163.20 7034.16 7191.92 7042.42 7184.93
15 670.24 6402.06 623.46 6372.14 615.12 6373.38 596.66 6383.58 593.50 6382.94 562.57 6316.73 581.23 6306.80 601.06 6321.14 623.30 6331.07 623.81 6325.56 647.84 6306.35 661.60 6305.26 641.83 6340.54 685.06 6352.81 665.25 6353.59
11 6250.88 6547.06 6250.34 6511.83 6253.00 6505.70 6263.16 6491.37 6274.05 6480.90 6290.80 6467.71 6353.38 6491.34 6367.63 6506.14 6340.84 6584.10 6315.63 6598.12 6281.06 6571.49
7 7149.30 1827.93 7113.02 1829.63 7100.09 1837.80 7119.82 1764.65 7123.69 1777.27 7132.12 1779.06 7149.56 1776.09
8 360.42 2408.15 299.65 2358.49 304.56 2341.34 309.55 2329.77 323.37 2317.46 341.67 2316.87 390.09 2332.06 389.95 2373.31
8 2639.27 526.85 2708.99 600.78 2692.51 654.09 2676.94 678.59 2593.37 683.10 2578.70 598.75 2575.66 561.45 2596.00 534.05
9 2663.52 6253.57 2802.04 6296.53 2793.96 6363.40 2772.95 6377.12 2698.11 6406.23 2654.10 6400.49 2635.23 6379.38 2634.72 6375.73 2649.60 6276.93
10 330.46 2718.70 323.33 2738.51 311.32 2715.52 268.14 2721.58 291.72 2701.77 292.09 2695.36 313.97 2651.37 321.83 2671.94 326.90 2676.90 346.79 2695.17
12 3360.32 6829.32 3338.83 6832.81 3339.19 6812.17 3289.52 6817.89 3290.39 6786.67 3325.08 6748.05 3306.06 6742.49 3300.95 6730.68 3290.38 6721.09 3299.91 6716.23 3337.10 6736.16 3345.28 6699.75
8 4537.41 5398.48 4520.58 5411.24 4515.46 5424.33 4510.93 5391.33 4513.91 5366.26 4518.24 5372.15 4526.42 5367.43 4548.55 5377.42
10 259.52 6894.71 209.21 6809.36 224.76 6761.32 232.84 6748.56 326.42 6757.38 358.88 6765.05 388.77 6807.86 370.70 6853.04 343.93 6878.26 298.72 6891.11
10 2218.86 1912.66 2213.96 1918.33 2176.02 1940.57 2175.69 1924.37 2133.48 1957.59 2158.99 1847.83 2186.60 1884.77 2230.94 1881.83 2232.92 1896.68 2230.96 1900.04
5 1450.25 382.45 1361.78 341.38 1382.53 312.21 1445.45 317.66 1457.36 320.27
7 3483.34 5828.62 3464.74 5788.29 3519.85 5707.22 3577.97 5675.59 3625.37 5707.95 3640.38 5763.30 3632.12 5801.87
5 2086.59 2595.99 2068.00 2554.68 2082.74 2546.85 2096.55 2538.96 2140.28 2552.20
12 6531.51 1587.66 6541.40 1594.58 6545.34 1599.11 6552.58 1604.10 6519.41 1618.93 6487.03 1607.86 6502.80 1587.72 6495.56 1586.50 6496.26 1574.91 6502.65 1537.89 6510.99 1560.38 6563.05 1582.14
14 2696.91 6703.24 2719.17 6730.73 2686.52 6755.90 2670.43 6708.28 2653.21 6718.60 2640.43 6712.00 2655.62 6683.05 2641.48 6676.22 2662.33 6684.31 2646.41 6668.88 2662.92 6668.81 2661.55 6637.40 2677.55 6622.27 2722.04 6668.98
12 4804.58 6027.08 4796.04 6037.03 4773.39 6037.01 4767.99 6039.44 4767.03 6033.82 4771.44 6022.87 4773.18 6019.56 4768.29 5976.99 4790.71 5967.14 4788.09 5994.15 4795.17 6014.41 4808.59 6016.99
9 6919.61 6459.33 6925.77 6444.50 6949.16 6426.58 6964.09 6424.53 6993.53 6450.41 6994.72 6464.98 6963.26 6492.70 6958.62 6496.11 6924.79 6481.48
7 125.02 4992.28 195.03 4963.54 228.35 4996.88 238.28 5023.03 232.30 5037.90 134.60 5067.89 127.35 5036.16
10 7439.50 6300.97 7427.16 6325.41 7390.61 6328.31 7379.77 6326.32 7374.50 6313.83 7357.17 6329.03 7373.77 6264.37 7397.93 6212.83 7399.90 6237.36 7406.33 6258.25
10 834.72 2339.10 832.68 2367.22 818.87 2358.69 814.95 2358.66 812.15 2363.27 806.11 2345.54 795.53 2310.60 812.09 2300.80 833.64 2325.43 858.00 2327.75
7 5680.35 6359.45 5715.90 6321.21 5790.80 6339.68 5831.64 6358.69 5789.98 6443.04 5705.84 6470.39 5687.94 6433.99
12 6147.76 4681.36 6133.94 4687.53 6104.56 4705.32 6081.47 4683.59 6097.51 4674.01 6090.21 4655.58 6095.14 4650.71 6090.40 4641.33 6108.55 4649.49 6109.37 4646.96 6156.48 4658.25 6146.98 4664.98
5 4451.20 7391.28 4449.39 7391.82 4387.04 7403.09 4396.72 7373.31 4398.91 7363.13
6 323.72 7117.62 341.04 7076.37 389.41 7091.98 372.19 7132.86 340.19 7136.07 337.43 7135.37
12 181.58 952.88 188.25 964.36 168.17 1006.72 160.66 969.27 153.20 974.86 137.83 977.81 113.54 959.45 159.16 913.97 168.94 932.46 175.33 899.73 185.17 940.73 195.49 939.27
8 4709.04 6152.55 4639.87 6115.57 4648.60 6075.76 4683.62 6047.79 4736.38 6063.50 4735.34 6100.81 4733.11 6118.58 4723.14 6143.74
10 6137.95 2086.15 6115.02 2087.43 6107.58 2110.55 6069.39 2116.62 6076.76 2066.76 6138.23 1967.60 6140.58 1982.12 6138.29 2052.23 6193.38 2049.97 6132.83 2059.39
7 4528.88 2028.76 4579.30 2002.66 4608.84 2040.26 4604.81 2056.83 4569.36 2097.51 4562.01 2095.55 4554.69 2092.91
10 6921.26 6195.73 6930.64 6230.38 6930.42 6241.88 6924.81 6262.28 6870.20 6315.60 6845.81 6314.35 6820.05 6291.60 6804.76 6251.44 6796.47 6209.06 6816.80 6181.92
13 2316.78 4889.80 2302.05 4902.13 2300.20 4902.14 2296.43 4904.80 2284.79 4919.68 2281.99 4903.68 2279.24 4895.69 2273.24 4883.72 2256.64 4851.31 2260.00 4852.17 2279.91 4874.09 2289.99 4857.81 2291.41 4884.00
8 4663.49 4696.12 4591.15 4796.87 4573.43 4774.86 4540.59 4663.77 4559.13 4647.02 4579.65 4637.95 4592.54 4637.48 4606.81 4637.15
13 6066.05 508.61 6112.52 482.64 6133.78 503.46 6156.54 533.94 6178.48 564.35 6187.62 595.50 6179.45 625.62 6167.96 632.71 6122.33 642.33 6105.95 642.98 6083.58 624.97 6043.22 582.94 6050.37 537.66
11 5616.83 478.85 5609.30 454.07 5670.64 422.46 5714.83 435.66 5718.54 453.95 5725.05 508.05 5717.33 538.58 5705.38 564.42 5660.65 565.23 5634.90 516.51 5632.99 512.81
8 4138.47 6917.50 4138.31 6953.49 4072.35 6979.09 4059.92 6977.50 4040.02 6941.14 4038.19 6923.25 4068.28 6897.98 4084.96 6894.77
9 1016.09 2372.98 1078.68 2272.00 1080.87 2269.51 1135.82 2280.50 1144.07 2287.97 1169.56 2329.41 1154.22 2359.89 1107.00 2393.32 1035.54 2383.01
7 3741.16 4996.03 3680.33 4947.29 3694.29 4956.53 3721.54 4905.23 3721.11 4916.35 3724.95 4944.55 3731.08 4960.67
13 2055.23 2825.98 2036.77 2850.25 2030.56 2868.37 2002.41 2846.92 1985.68 2852.88 1984.75 2847.50 1987.10 2825.37 1973.15 2813.46 1988.52 2807.28 1990.03 2806.92 1986.35 2793.46 1998.59 2799.83 2042.26 2805.07
5 2668.38 3342.67 2667.04 3349.60 2640.88 3351.89 2654.38 3319.06 2669.11 3322.15
9 2571.80 6844.30 2593.47 6796.60 2650.24 6784.24 2659.92 6786.98 2710.63 6876.61 2701.03 6904.48 2655.40 6928.13 2645.91 6932.50 2606.23 6914.25
8 3777.13 5376.01 3730.21 5388.30 3701.09 5396.27 3710.29 5381.55 3663.25 5361.09 3729.13 5355.29 3737.78 5347.00 3775.72 5323.92
15 6625.10 2593.74 6620.48 2599.88 6626.69 2627.99 6620.47 2622.25 6591.11 2620.72 6591.66 2589.57 6574.36 2586.44 6601.67 2588.26 6590.99 2564.48 6628.82 2552.86 6626.71 2562.94 6620.37 2579.98 6629.36 2582.18 6645.36 2576.15 6639.37 2580.26
9 2644.93 4785.78 2611.50 4723.77 2612.32 4705.11 2615.76 4703.64 2676.73 4703.61 2683.95 4706.56 2701.32 4749.66 2702.13 4754.35 2673.51 4779.15
12 2277.05 763.13 2288.32 769.46 2252.95 766.79 2238.21 773.66 2230.37 772.17 2227.25 765.46 2199.42 747.74 2228.37 738.46 2246.14 717.20 2248.23 719.76 2253.12 738.79 2276.97 716.50
10 7067.17 6614.11 7063.71 6646.83 6989.63 6603.00 6985.19 6576.11 7007.94 6575.05 6994.34 6553.37 7019.59 6559.95 7029.94 6580.76 7040.57 6541.41 7044.65 6567.78
9 5242.81 2242.17 5203.48 2272.98 5138.95 2240.08 5172.26 2217.85 5144.14 2190.17 5166.56 2157.27 5188.27 2177.71 5211.78 2190.30 5246.13 2197.39
14 5266.24 2372.78 5268.50 2385.15 5240.05 2371.22 5246.79 2388.38 5218.75 2378.71 5214.65 2371.79 5208.57 2378.31 5193.55 2390.55 5211.72 2368.58 5181.13 2376.66 5172.61 2375.41 5211.77 2338.66 5224.70 2312.25 5227.12 2340.62
9 6239.38 1166.41 6231.70 1151.64 6232.17 1088.15 6277.93 1067.36 6306.54 1066.25 6345.91 1107.54 6336.25 1156.81 6299.73 1193.48 6273.88 1197.80
8 1415.76 1519.24 1325.47 1564.44 1284.70 1541.87 1283.35 1457.59 1338.09 1434.26 1383.50 1432.64 1401.54 1442.30 1415.67 1455.83
14 207.13 3650.30 180.78 3683.34 168.11 3682.65 156.75 3673.63 134.39 3655.90 125.42 3657.66 152.58 3615.85 155.37 3613.84 157.45 3586.30 156.44 3571.42 169.80 3599.56 172.42 3601.35 214.15 3616.70 199.94 3635.95
7 1472.47 1375.37 1542.88 1322.84 1574.55 1364.70 1588.75 1417.01 1557.49 1459.02 1478.02 1443.37 1474.39 1430.92
14 5207.52 4600.90 5244.67 4598.85 5252.12 4598.86 5253.89 4599.14 5269.22 4614.22 5275.37 4625.50 5294.90 4678.42 5248.25 4707.81 5208.56 4717.71 5202.25 4690.12 5201.77 4686.88 5200.83 4676.23 5198.92 4653.60 5201.21 4627.85
13 6550.62 3613.92 6605.63 3563.11 6630.75 3565.52 6645.61 3568.31 6672.23 3588.89 6677.50 3594.56 6691.71 3644.94 6658.87 3692.79 6641.65 3707.09 6599.79 3716.46 6578.94 3704.16 6544.76 3661.81 6549.86 3617.53
8 133.23 2279.57 177.11 2254.02 186.44 2260.52 202.89 2277.58 204.53 2279.41 204.55 2337.44 172.26 2358.53 145.11 2322.33
14 1444.48 4627.92 1441.36 4653.67 1412.46 4629.93 1410.07 4624.52 1402.73 4627.86 1401.39 4626.39 1386.13 4642.74 1355.31 4641.90 1363.56 4587.72 1387.03 4582.31 1399.32 4581.88 1421.55 4596.39 1448.15 4597.87 1468.29 4602.56
10 699.07 7259.46 659.40 7270.80 657.60 7280.98 626.24 7296.69 595.89 7250.66 635.78 7221.64 619.91 7201.27 677.05 7162.05 676.28 7206.37 669.44 7215.07
12 5751.49 2639.38 5726.02 2645.28 5714.54 2682.19 5711.08 2657.32 5708.03 2635.23 5689.15 2595.38 5709.17 2609.40 5704.03 2588.41 5721.61 2626.72 5735.39 2623.24 5738.25 2624.91 5761.35 2610.12
11 4863.46 3562.71 4845.21 3517.69 4882.94 3478.44 4887.89 3474.83 4912.06 3477.31 4926.71 3480.20 4960.79 3508.45 4953.21 3536.66 4934.71 3562.70 4912.63 3576.72 4889.98 3583.23
10 6293.34 466.24 6338.58 494.61 6328.74 527.10 6324.23 536.01 6316.48 541.84 6269.81 535.30 6254.88 516.03 6251.82 505.92 6254.85 486.59 6273.54 471.62
11 5766.17 707.76 5773.22 729.58 5726.58 705.97 5725.27 693.35 5680.43 665.88 5721.79 667.38 5721.04 644.61 5743.84 608.54 5741.28 651.23 5764.41 654.63 5771.49 660.73
14 2313.49 6607.19 2306.17 6638.05 2267.13 6585.91 2263.82 6580.24 2227.62 6587.51 2246.85 6580.75 2218.35 6529.63 2250.61 6546.14 2251.14 6540.57 2266.87 6548.65 2276.32 6544.74 2287.83 6523.02 2284.56 6543.61 2302.47 6565.59
6 6383.50 7021.07 6372.95 7048.49 6300.58 7019.57 6296.00 6993.53 6298.02 6983.37 6309.32 6979.85
9 4974.50 7052.39 5012.90 7021.58 5081.85 7007.21 5092.40 7028.06 5107.95 7061.17 5125.70 7112.99 5051.92 7168.09 5007.62 7161.67 5003.53 7150.93
8 2545.81 5494.55 2501.45 5436.48 2514.58 5406.88 2540.64 5400.63 2580.96 5442.71 2581.04 5445.57 2579.80 5468.41 2564.81 5488.08
7 4413.32 6206.66 4374.26 6269.66 4338.79 6193.79 4326.16 6156.97 4409.70 6168.78 4429.47 6152.16 4410.76 6188.48
10 5405.77 2300.07 5344.52 2306.33 5318.95 2364.70 5331.84 2323.57 5305.04 2331.53 5274.36 2274.69 5326.61 2227.56 5364.73 2193.87 5359.91 2235.23 5367.99 2282.05
9 5764.60 4393.53 5747.37 4418.38 5759.38 4453.53 5717.04 4400.30 5682.99 4323.59 5716.22 4306.69 5788.01 4306.70 5778.54 4349.76 5754.50 4379.33
12 4401.53 937.87 4411.68 955.06 4376.27 956.79 4360.49 959.71 4317.11 945.32 4332.89 937.76 4331.89 931.63 4313.92 933.74 4330.19 920.36 4339.41 885.91 4365.46 869.38 4402.92 883.37
6 569.88 7268.68 559.80 7258.50 538.33 7231.46 560.70 7161.40 585.54 7199.38 602.18 7185.47
7 6745.88 7136.46 6786.39 7037.76 6808.59 7039.75 6866.30 7064.79 6863.75 7142.46 6830.75 7174.43 6794.72 7160.77
8 6754.23 6929.34 6723.67 6963.46 6690.46 6953.31 6678.19 6936.27 6677.13 6901.64 6685.68 6882.92 6708.47 6867.86 6721.22 6868.51
