Small_25_A
1344.30 1763.84
1460.43 812.47
4 0.00 0.00 2000.00 0.00 2000.00 2000.00 0.00 2000.00
25
7 1377.66 1723.03 1372.59 1671.80 1394.23 1651.60 1404.57 1650.37 1423.71 1660.22 1441.29 1673.26 1445.24 1695.12
10 923.28 791.67 930.05 773.46 955.07 742.74 979.88 755.55 986.68 762.36 995.97 787.92 995.54 818.39 991.68 824.24 953.02 828.48 926.91 806.22
8 1372.11 464.40 1380.84 431.14 1393.91 431.29 1410.97 438.51 1432.47 464.78 1438.41 479.21 1402.85 487.85 1387.48 487.84
10 1788.70 673.51 1762.87 618.85 1764.23 610.60 1776.06 558.42 1787.09 551.30 1853.21 567.72 1897.60 631.15 1884.67 645.65 1866.76 665.48 1838.32 676.56
9 1268.76 1501.82 1286.18 1473.67 1302.81 1460.96 1326.81 1480.62 1343.75 1497.81 1339.43 1513.44 1332.12 1524.21 1318.09 1530.04 1284.63 1528.21
6 879.44 827.82 909.47 900.26 896.96 905.14 822.33 922.84 802.85 897.26 823.53 860.31
8 881.74 1329.47 879.90 1360.73 835.69 1359.76 829.85 1359.32 817.56 1320.25 821.50 1310.80 867.09 1298.75 876.06 1317.45
9 1139.47 763.26 1146.09 719.47 1170.28 721.17 1212.38 736.80 1214.13 746.70 1205.68 786.32 1178.36 805.89 1164.19 807.87 1148.73 799.53
8 1189.65 923.06 1274.45 923.40 1307.74 957.68 1324.33 980.00 1324.61 995.06 1282.93 1038.64 1225.57 1051.75 1191.88 933.59
7 269.62 1022.90 302.86 999.69 325.45 1012.11 329.93 1035.71 329.77 1056.93 294.29 1076.57 277.75 1057.09
8 1476.30 1175.09 1529.76 1226.12 1517.47 1264.64 1461.99 1304.23 1419.67 1266.17 1421.23 1233.29 1429.50 1187.70 1463.56 1176.52
10 1826.15 1007.07 1805.22 983.42 1804.29 972.52 1803.78 958.19 1807.47 950.98 1840.90 938.34 1855.84 954.24 1868.08 971.75 1859.77 993.33 1857.15 996.69
7 726.41 1173.96 656.60 1244.87 642.43 1243.87 628.33 1184.98 618.75 1140.64 662.88 1117.51 714.18 1118.10
9 1068.22 226.17 1063.88 154.70 1098.40 138.28 1127.67 130.83 1160.81 153.69 1170.21 201.23 1169.01 213.09 1124.64 252.46 1091.15 248.07
9 464.31 1323.04 507.30 1263.15 555.82 1257.74 612.07 1298.51 606.41 1362.17 597.53 1379.79 581.71 1391.41 502.39 1399.65 469.64 1354.96
9 516.92 1607.69 513.03 1571.74 569.61 1550.49 590.44 1550.89 607.51 1556.15 639.38 1586.50 659.05 1639.97 636.74 1654.76 598.61 1678.93
10 197.88 591.89 207.44 573.21 245.10 554.52 261.62 564.25 282.37 604.72 280.54 612.76 249.80 636.40 233.72 634.33 223.94 626.57 212.06 616.28
8 1104.15 1727.61 1028.43 1657.05 1031.33 1641.01 1040.72 1631.95 1052.52 1625.65 1083.82 1614.89 1101.14 1622.09 1113.15 1661.89
9 1795.40 1281.28 1818.58 1392.60 1793.44 1408.61 1763.16 1409.81 1739.72 1403.88 1719.25 1384.64 1693.36 1335.58 1706.39 1288.96 1711.32 1287.46
7 222.45 1321.42 253.74 1268.49 316.67 1277.67 325.14 1309.26 318.86 1346.53 274.30 1365.47 239.06 1344.54
11 455.12 1742.61 513.82 1737.33 532.45 1744.50 547.76 1782.13 550.52 1798.26 542.38 1831.02 537.88 1841.47 525.70 1846.61 497.20 1850.12 445.26 1830.91 446.12 1820.41
9 1715.04 1213.92 1622.79 1209.69 1624.41 1164.75 1644.46 1076.93 1646.64 1067.78 1665.37 1063.18 1705.96 1078.13 1741.53 1130.89 1731.32 1190.12
7 1786.14 775.28 1804.85 807.31 1787.61 842.62 1733.62 856.94 1705.73 806.77 1704.01 802.47 1721.15 787.98
7 905.04 1497.99 931.68 1531.94 914.80 1600.01 866.40 1604.72 811.94 1571.46 786.20 1535.30 823.48 1509.53
11 1454.67 1850.87 1435.10 1872.65 1425.59 1880.78 1390.04 1873.88 1384.46 1869.57 1381.27 1844.24 1379.63 1817.35 1390.14 1801.03 1396.22 1797.81 1423.45 1795.20 1453.67 1823.59
