Small_60_A
2619.07 510.81
485.43 1520.73
4 0.00 0.00 3200.00 0.00 3200.00 3200.00 0.00 3200.00
60
8 1603.90 2042.36 1556.82 1992.08 1573.67 1923.52 1585.41 1903.27 1608.40 1895.97 1638.46 1893.33 1651.13 1908.61 1685.42 1997.46
7 543.31 1434.87 627.88 1410.27 658.59 1451.12 657.65 1463.26 621.49 1542.30 615.33 1540.59 547.50 1501.79
9 1929.70 1535.25 1977.12 1518.84 2004.84 1536.19 2008.54 1541.47 2008.59 1633.19 1984.83 1651.30 1935.02 1633.15 1921.80 1604.35 1922.30 1591.25
8 2451.59 426.72 2416.44 387.95 2423.19 369.54 2437.96 342.76 2467.83 348.77 2485.01 356.17 2510.94 387.64 2486.40 421.60
7 2911.45 2214.85 2983.28 2307.19 2975.70 2348.44 2919.68 2364.94 2853.30 2352.74 2839.99 2297.31 2875.25 2238.45
9 1139.57 798.95 1182.60 859.03 1181.47 908.86 1138.95 943.43 1123.41 939.93 1084.65 928.97 1059.53 919.04 1061.02 872.21 1075.25 821.61
8 658.99 332.66 612.36 349.45 597.45 344.87 596.50 311.71 596.43 287.93 609.90 284.28 646.64 281.77 656.37 306.39
5 2361.46 410.57 2402.34 508.48 2375.16 532.79 2279.16 512.62 2291.20 414.85
11 1458.07 2487.26 1475.58 2434.16 1485.47 2429.10 1514.80 2436.52 1526.84 2448.36 1533.76 2479.22 1532.32 2480.67 1499.08 2512.02 1479.11 2510.78 1467.51 2502.49 1460.01 2493.13
9 2366.44 225.03 2348.08 177.43 2361.03 163.26 2411.71 129.96 2435.98 151.53 2451.17 187.25 2446.16 200.46 2431.03 215.83 2407.78 228.58
12 1359.34 712.96 1361.63 680.36 1371.51 648.95 1376.79 637.96 1383.07 628.59 1386.55 629.68 1399.14 634.29 1427.79 650.28 1457.60 677.67 1450.33 703.56 1414.57 725.72 1365.70 716.27
9 1216.70 1805.08 1211.12 1794.49 1206.74 1761.24 1205.56 1728.18 1217.69 1725.50 1249.86 1722.60 1269.54 1745.09 1273.42 1757.05 1269.48 1785.91
12 1384.76 1832.65 1349.59 1776.55 1356.23 1752.15 1382.26 1716.31 1438.30 1681.79 1470.08 1685.97 1498.37 1710.70 1496.71 1768.30 1493.66 1779.47 1484.76 1812.01 1482.66 1819.05 1394.19 1832.31
9 2129.03 601.84 2075.08 582.25 2051.10 552.52 2023.24 513.03 2072.60 450.37 2087.82 437.84 2145.07 424.04 2168.84 473.20 2162.87 577.48
8 1090.71 1307.64 1105.98 1275.97 1157.42 1297.72 1155.46 1364.14 1154.07 1375.96 1138.03 1394.47 1126.60 1389.48 1103.60 1353.73
6 1463.57 2238.68 1523.64 2129.96 1612.64 2176.44 1614.55 2197.44 1596.68 2267.46 1492.12 2273.82
7 2234.93 2160.67 2258.67 2132.63 2299.58 2141.78 2309.61 2146.53 2307.03 2193.10 2276.76 2206.55 2242.04 2190.77
9 577.73 2655.55 547.32 2600.39 600.39 2548.60 618.54 2539.81 658.04 2553.11 698.69 2597.64 690.35 2620.95 648.49 2691.45 602.30 2696.38
6 2811.16 437.12 2827.10 373.57 2918.40 449.95 2874.27 505.94 2851.03 505.65 2811.62 446.36
7 950.94 2086.13 1054.88 2078.66 1095.17 2132.50 1050.02 2193.09 1030.57 2215.52 985.34 2186.93 974.99 2172.02
8 1523.26 1157.04 1537.45 1121.23 1585.61 1110.05 1616.25 1172.79 1620.16 1204.38 1615.69 1208.29 1574.90 1207.33 1549.57 1183.30
7 1833.47 199.34 1867.11 119.91 1912.56 125.40 1935.85 164.52 1916.72 202.62 1891.82 219.87 1874.23 214.29
10 1699.58 2216.88 1689.64 2213.16 1650.25 2163.56 1631.62 2136.48 1640.80 2119.34 1678.22 2095.35 1687.22 2093.02 1725.61 2115.39 1731.74 2124.48 1729.68 2160.98
7 1915.46 2836.25 1875.31 2789.60 1884.25 2741.40 1888.95 2739.97 1959.43 2732.84 1991.36 2774.94 1965.55 2813.10
6 459.63 923.84 420.08 967.11 408.90 961.75 359.38 874.62 422.91 863.48 446.13 882.62
7 2610.64 2590.60 2648.44 2647.68 2648.30 2689.95 2599.05 2688.58 2550.22 2674.29 2576.26 2608.33 2587.92 2601.58
6 1817.51 1670.85 1741.87 1577.83 1762.87 1558.31 1851.67 1519.92 1907.23 1562.66 1868.78 1644.54
8 2653.75 209.06 2639.76 184.02 2661.13 107.92 2668.61 82.78 2750.90 96.00 2801.88 124.55 2762.56 234.55 2733.80 245.65
8 918.07 1683.04 917.86 1660.44 933.34 1611.62 1009.74 1569.65 1072.04 1635.12 1081.39 1645.81 1079.12 1679.35 1013.71 1743.85
9 927.67 1449.43 913.79 1476.49 895.02 1477.90 876.85 1478.54 873.96 1477.78 855.94 1454.84 857.39 1446.39 879.85 1417.05 884.44 1420.14
6 1651.07 1257.01 1659.59 1326.75 1638.39 1353.07 1581.42 1337.03 1551.34 1303.74 1637.73 1261.57
12 719.01 2021.86 697.95 2005.17 675.56 1982.17 675.49 1979.72 691.98 1956.53 710.02 1939.39 714.77 1937.57 726.30 1936.55 756.86 1945.97 760.32 1974.98 753.25 1987.75 742.20 2006.23
6 2655.60 2551.74 2742.82 2526.23 2757.38 2572.32 2683.32 2660.11 2666.65 2663.56 2661.52 2639.80
9 1032.95 2331.66 1009.10 2396.00 983.90 2392.46 936.55 2377.09 922.18 2338.39 947.15 2299.55 968.77 2289.86 990.73 2282.42 1014.57 2296.34
7 2837.21 712.42 2785.27 639.60 2857.05 569.53 2904.11 578.70 2926.42 600.84 2919.06 701.94 2915.30 710.43
10 2439.91 971.83 2478.18 965.82 2518.64 1009.97 2559.75 1067.61 2515.76 1114.66 2494.19 1130.36 2442.76 1122.36 2406.46 1069.45 2405.72 1052.70 2410.79 1029.55
8 991.91 1370.19 949.00 1313.90 981.37 1287.56 1023.02 1281.21 1053.01 1297.60 1053.98 1315.20 1053.32 1319.56 1029.96 1364.37
8 282.35 2102.45 297.64 2136.80 291.95 2139.56 249.68 2149.61 223.52 2139.35 227.72 2099.40 238.13 2098.81 255.67 2099.24
10 656.87 638.11 711.23 546.55 722.34 551.02 729.08 553.97 738.13 566.38 776.15 619.69 759.28 659.25 735.59 669.23 663.86 648.89 658.03 646.82
10 808.11 1705.55 806.67 1667.60 814.06 1659.37 838.82 1647.78 869.30 1655.25 881.66 1664.59 884.35 1678.89 869.71 1715.07 844.17 1716.57 823.22 1717.72
7 595.05 2085.75 560.36 2006.17 607.28 1986.83 625.35 1984.19 639.97 1989.38 657.76 2032.82 657.90 2073.26
8 2490.57 2831.51 2522.64 2797.64 2529.97 2797.52 2615.58 2821.45 2628.69 2827.44 2621.95 2886.58 2558.57 2913.61 2498.64 2848.59
8 2181.72 598.00 2222.67 567.00 2258.27 601.51 2257.61 614.01 2256.25 623.24 2218.58 640.72 2196.99 630.46 2192.33 626.63
11 2863.64 1873.16 2863.68 1845.46 2884.48 1812.56 2893.41 1806.67 2909.46 1812.90 2950.47 1830.87 2965.10 1878.05 2960.96 1889.09 2952.28 1909.51 2920.30 1919.31 2883.70 1900.59
6 1717.99 2405.85 1750.64 2436.76 1746.01 2526.38 1689.52 2542.67 1640.22 2530.03 1651.79 2456.95
8 471.58 1172.48 487.27 1220.23 402.54 1239.79 386.33 1228.54 384.14 1215.83 389.12 1187.57 408.96 1153.22 435.06 1157.70
7 746.17 272.21 704.68 215.28 772.21 181.40 785.02 175.33 840.72 165.05 840.44 212.38 808.79 283.33
11 224.44 1974.38 249.23 1933.61 273.77 1936.03 280.92 1937.41 305.67 1954.10 302.77 1981.87 286.94 2005.09 282.89 2010.42 271.96 2014.97 254.00 2007.34 248.48 2002.36
9 2204.20 2733.20 2160.54 2716.11 2160.56 2651.38 2181.07 2630.15 2220.01 2633.61 2269.50 2646.73 2273.65 2659.95 2282.92 2693.52 2257.50 2722.22
8 1742.59 472.84 1727.87 379.67 1775.44 355.40 1815.08 359.45 1831.97 404.79 1840.17 448.54 1830.30 466.90 1748.98 487.21
9 2009.46 2540.03 2022.87 2498.26 2049.31 2491.58 2082.37 2510.44 2082.77 2538.86 2072.17 2560.99 2067.65 2565.15 2038.02 2560.50 2020.50 2554.32
7 1023.66 3069.37 936.36 3100.00 910.16 3065.18 906.15 3051.79 894.54 2985.31 956.72 2976.76 997.49 2998.10
10 2012.16 993.55 1992.21 902.64 1998.51 892.26 2029.67 849.74 2081.72 868.33 2126.56 885.63 2132.36 894.10 2129.47 961.72 2116.02 992.41 2054.45 1021.03
7 2547.60 2087.77 2612.08 2047.58 2645.32 2068.34 2653.48 2125.45 2617.52 2180.54 2577.50 2197.77 2557.87 2166.07
8 404.50 2319.88 447.34 2305.09 484.55 2334.10 473.62 2368.07 455.69 2405.56 430.65 2404.97 413.80 2367.28 408.76 2342.55
10 1046.28 1980.96 1094.82 1947.53 1119.86 1951.45 1150.92 1977.96 1152.28 2014.40 1090.02 2063.29 1080.02 2066.33 1071.05 2057.16 1035.68 2011.09 1042.96 1984.92
7 1157.15 727.73 1084.51 784.13 1033.41 754.87 989.53 699.81 1012.54 654.54 1075.64 620.34 1127.88 671.83
11 1785.69 2862.32 1698.23 2830.63 1704.08 2791.00 1728.74 2748.49 1739.63 2731.37 1773.01 2730.67 1791.26 2731.69 1813.61 2761.21 1822.25 2774.40 1828.82 2811.68 1787.92 2859.85
8 108.29 2881.95 151.13 2866.52 162.07 2871.33 190.25 2886.59 199.53 2911.78 176.74 2940.50 168.72 2945.77 118.50 2927.07
8 409.54 225.68 390.95 259.90 323.81 251.07 315.50 214.09 319.78 202.40 339.93 183.31 374.52 185.56 398.63 204.41
