Small_60_B
2996.30 2213.32
1174.74 916.85
4 0.00 0.00 3200.00 0.00 3200.00 3200.00 0.00 3200.00
60
5 2654.54 2957.47 2636.22 2887.02 2646.15 2890.08 2661.56 2885.66 2681.27 2880.38
9 906.24 2081.94 921.58 2113.35 793.80 2123.13 820.10 2052.30 785.50 2032.61 810.54 2020.67 793.78 2002.61 813.87 2013.90 801.66 1997.03
8 2895.88 1915.43 2953.76 1861.22 3004.71 1865.06 3028.85 1895.13 3037.13 1913.29 3025.43 1948.37 2972.13 1972.20 2951.92 1958.44
9 1645.14 1390.86 1701.06 1380.50 1751.47 1427.44 1766.41 1443.76 1753.95 1472.47 1693.83 1507.94 1623.94 1485.06 1621.49 1450.66 1628.18 1421.49
13 1602.33 1120.32 1616.35 1125.64 1611.49 1152.70 1590.14 1151.78 1601.85 1182.51 1540.42 1164.67 1534.82 1166.65 1551.55 1120.30 1538.37 1106.03 1543.01 1061.60 1566.24 1096.84 1591.12 1037.54 1591.95 1058.33
7 2490.65 1213.99 2402.30 1152.94 2411.89 1105.69 2430.32 1088.17 2512.24 1107.89 2515.81 1109.41 2504.85 1205.84
8 660.78 2786.90 659.90 2790.82 647.21 2785.28 625.86 2794.40 623.51 2736.56 630.60 2742.30 636.05 2739.22 646.73 2742.78
7 1959.15 790.20 1990.64 722.12 2066.14 715.14 2091.99 739.65 2062.36 836.98 2033.71 840.60 1985.66 826.96
8 264.24 1350.00 292.11 1404.39 266.97 1437.36 249.98 1443.21 214.84 1439.77 188.07 1410.79 190.06 1382.47 199.34 1375.29
12 2543.86 1923.38 2556.26 1935.14 2485.55 1943.19 2503.05 1909.26 2469.41 1931.26 2485.93 1872.93 2507.69 1845.58 2517.20 1854.63 2518.50 1839.38 2564.03 1860.63 2539.73 1893.07 2561.27 1893.09
10 1278.13 897.82 1249.15 882.87 1223.68 875.11 1222.68 876.66 1194.99 900.18 1172.05 861.79 1220.45 806.81 1221.94 799.08 1243.89 809.69 1246.87 809.60
10 2973.32 1187.29 2983.01 1150.96 3006.08 1147.03 3038.85 1149.91 3065.26 1162.96 3071.53 1167.44 3067.48 1206.03 3018.69 1231.51 3004.59 1227.68 2993.35 1215.54
11 242.95 1748.24 203.86 1712.54 216.87 1672.26 229.39 1652.14 240.25 1645.34 303.63 1659.49 305.22 1692.27 303.60 1706.32 300.98 1724.04 300.13 1725.69 270.18 1739.67
15 887.68 2016.23 874.13 2011.70 856.73 1965.17 838.73 1956.67 830.10 1953.11 875.55 1936.54 871.06 1926.19 874.00 1910.41 863.96 1885.80 894.79 1903.80 919.17 1887.15 910.37 1930.59 918.38 1918.64 913.57 1929.80 971.87 1931.15
6 2580.42 2615.51 2545.64 2591.55 2531.30 2576.75 2548.24 2534.00 2577.28 2513.93 2619.38 2559.34
6 2154.50 1410.35 2145.90 1461.74 2114.68 1470.08 2086.06 1431.56 2125.98 1370.45 2143.80 1377.23
12 2638.24 1451.79 2619.98 1452.39 2623.84 1464.68 2607.18 1447.80 2587.58 1460.06 2586.04 1445.63 2584.51 1447.10 2558.00 1463.54 2549.82 1458.37 2586.64 1423.87 2636.21 1401.85 2638.49 1408.20
10 2598.27 309.71 2604.82 273.81 2624.85 264.08 2665.14 258.89 2666.13 259.04 2701.82 273.08 2713.10 307.56 2693.58 347.63 2675.42 350.92 2626.38 345.17
5 310.84 549.76 304.60 549.78 285.12 542.84 275.68 499.90 310.72 486.48
10 1388.67 2562.12 1369.78 2602.33 1315.12 2595.79 1278.57 2582.67 1268.84 2572.51 1269.41 2564.62 1274.29 2527.14 1294.24 2483.76 1328.63 2474.14 1386.70 2517.76
9 1752.83 1174.76 1787.74 1157.30 1804.42 1162.37 1824.11 1189.91 1817.40 1224.47 1793.88 1243.66 1765.35 1245.11 1756.07 1236.80 1752.95 1200.26
9 320.58 1992.21 272.14 1933.90 277.57 1869.64 323.35 1821.51 344.89 1820.39 385.78 1824.27 426.78 1860.72 421.47 1967.63 358.52 1984.05
8 102.67 2346.61 132.89 2262.62 233.88 2280.24 249.81 2307.03 253.22 2361.36 229.01 2380.27 167.32 2385.55 124.76 2371.55
9 760.91 1424.61 695.31 1411.06 689.91 1411.57 660.44 1378.66 667.52 1375.18 672.53 1367.21 708.75 1392.55 725.20 1385.11 724.36 1386.82
11 818.40 2317.65 793.18 2323.07 791.96 2337.37 746.44 2344.03 743.19 2308.72 703.86 2291.40 791.66 2251.38 795.10 2275.08 808.84 2282.14 796.59 2288.13 807.94 2298.22
9 1287.52 692.07 1298.36 718.75 1243.85 711.10 1219.04 666.26 1220.32 663.41 1234.34 649.24 1235.78 631.54 1306.64 669.64 1297.94 674.95
9 774.65 1189.58 787.27 1251.20 745.88 1183.75 731.24 1191.57 733.81 1170.80 720.92 1101.99 762.94 1121.06 792.30 1124.85 826.16 1154.83
8 1527.72 1626.48 1491.73 1678.90 1415.10 1661.69 1412.38 1645.37 1407.69 1595.71 1434.37 1571.91 1465.96 1567.95 1527.21 1615.44
10 2842.14 2069.08 2882.53 2059.17 2942.12 2115.53 2948.51 2186.54 2936.48 2200.13 2835.88 2218.57 2806.21 2206.30 2777.54 2162.66 2777.48 2138.92 2817.00 2089.17
7 719.54 2978.91 663.25 2906.65 667.13 2881.36 696.33 2837.11 768.88 2821.26 783.37 2854.02 800.24 2954.01
13 400.67 2824.35 412.29 2852.58 409.04 2889.44 360.78 2908.40 335.54 2899.34 323.85 2890.78 307.26 2867.09 309.45 2838.03 326.71 2806.78 348.36 2802.03 367.43 2801.62 372.60 2803.71 395.13 2819.73
12 2436.36 1893.87 2410.90 1911.15 2410.06 1900.67 2392.26 1916.63 2359.21 1945.73 2384.32 1855.28 2389.86 1859.68 2412.04 1854.57 2454.05 1814.12 2432.53 1846.60 2437.95 1853.81 2470.74 1836.98
9 1751.17 2291.66 1726.56 2282.71 1713.25 2247.62 1713.17 2240.71 1724.24 2226.59 1732.60 2217.10 1760.45 2216.48 1786.85 2236.97 1776.64 2277.70
8 841.52 1085.17 855.38 1017.34 925.86 1020.70 948.68 1067.89 948.84 1085.02 939.62 1100.53 863.63 1095.71 850.18 1093.73
8 2132.54 917.73 2114.30 913.92 2113.07 913.93 2102.78 908.50 2100.12 871.59 2108.24 872.14 2104.51 861.29 2124.10 879.97
10 808.94 793.11 802.99 768.02 804.73 746.89 843.39 714.72 865.50 718.37 903.28 734.65 918.81 760.01 915.55 818.78 875.95 830.67 861.48 827.28
12 971.89 918.07 978.46 949.42 979.20 956.06 980.59 980.32 974.02 996.62 959.35 998.28 948.97 994.62 942.15 991.53 918.08 978.73 920.60 954.99 928.29 922.35 932.82 921.55
10 1464.18 2180.85 1413.88 2168.62 1410.00 2162.06 1407.27 2125.01 1420.28 2108.35 1437.43 2110.60 1446.82 2112.42 1461.78 2118.67 1481.19 2129.21 1479.05 2160.17
5 3026.31 2206.67 3015.93 2208.04 3023.87 2185.32 3040.01 2177.71 3038.21 2196.37
7 329.63 2178.08 298.30 2201.79 306.18 2166.47 272.05 2135.41 288.76 2122.06 336.44 2115.09 345.44 2122.64
8 362.36 1033.58 313.42 991.58 320.02 946.93 365.78 926.24 388.31 930.66 400.77 953.06 411.58 986.93 410.11 1004.16
9 1087.60 2260.31 1080.67 2231.60 1084.09 2207.14 1158.23 2174.95 1183.14 2189.88 1190.39 2211.46 1188.15 2217.67 1153.81 2279.96 1122.78 2277.95
12 1363.55 1446.19 1324.21 1450.62 1337.66 1467.85 1347.46 1474.76 1310.37 1476.91 1253.46 1457.07 1252.84 1421.62 1246.13 1402.65 1268.83 1407.49 1267.69 1383.86 1325.58 1392.74 1326.39 1410.91
10 608.76 1579.82 619.65 1608.24 586.68 1593.14 582.28 1592.02 576.84 1609.56 508.70 1599.38 516.52 1588.25 553.25 1563.93 542.38 1535.41 558.67 1535.15
10 1556.19 2024.67 1493.95 2084.26 1482.16 2079.60 1480.13 2069.13 1485.67 2039.70 1463.09 2071.39 1467.66 2057.49 1483.35 2029.94 1467.76 2036.90 1448.11 1970.26
12 1851.86 274.30 1857.76 284.21 1851.12 284.34 1830.57 297.04 1827.35 275.35 1805.99 275.26 1810.99 267.65 1816.03 263.85 1808.10 254.30 1803.70 249.14 1847.90 223.53 1855.12 254.22
10 1098.67 692.87 1070.49 664.39 1088.42 642.41 1094.35 631.72 1103.80 610.85 1110.20 627.77 1108.28 635.96 1121.18 634.55 1135.63 638.31 1131.74 641.22
12 1220.57 1848.84 1172.54 1899.66 1140.48 1868.41 1162.72 1809.66 1166.51 1765.77 1184.31 1812.06 1191.26 1772.78 1206.11 1767.15 1219.18 1767.13 1223.56 1807.83 1208.49 1823.91 1241.13 1822.63
9 2102.61 1082.33 2124.25 1026.60 2167.25 978.95 2244.83 1006.22 2250.42 1021.81 2253.87 1059.14 2249.10 1096.67 2235.16 1106.07 2155.23 1118.27
8 735.04 499.88 714.40 458.98 743.66 416.87 772.15 377.74 807.71 391.18 822.38 398.77 838.37 454.37 833.08 476.79
9 1554.34 2514.86 1530.38 2432.61 1558.28 2390.79 1602.45 2375.39 1673.41 2413.08 1688.09 2428.90 1676.81 2474.63 1644.87 2511.90 1596.36 2534.63
11 468.70 1266.47 460.12 1199.65 479.58 1178.28 494.07 1167.28 542.98 1185.01 546.85 1223.95 546.73 1235.01 546.12 1243.86 539.42 1257.98 529.19 1266.93 487.77 1266.67
12 1612.45 938.77 1611.83 960.22 1616.34 1000.93 1583.85 950.80 1511.33 1002.39 1503.36 991.82 1504.26 956.54 1560.80 863.63 1580.26 910.89 1616.32 843.08 1609.63 873.89 1598.09 896.57
15 1157.94 1348.44 1149.51 1365.47 1132.09 1373.89 1127.90 1365.23 1128.09 1346.39 1122.17 1272.62 1104.47 1233.90 1117.79 1260.10 1126.93 1248.29 1146.00 1247.47 1149.08 1230.20 1145.46 1280.49 1186.58 1234.81 1181.23 1245.47 1159.67 1287.99
6 631.14 2137.71 574.45 2168.21 631.88 2097.66 657.87 2115.52 670.79 2119.93 648.95 2126.96
8 821.13 1568.19 787.68 1659.72 711.41 1643.73 675.47 1621.91 665.04 1559.40 706.40 1511.61 721.65 1505.49 820.38 1548.46
6 2839.45 1801.87 2777.00 1818.54 2769.52 1716.04 2813.42 1705.76 2853.26 1716.98 2842.85 1735.15
9 2510.48 1365.43 2482.44 1282.88 2520.93 1228.47 2574.78 1218.60 2615.30 1214.82 2627.37 1230.71 2629.23 1306.25 2628.38 1371.57 2544.85 1383.47
6 1788.66 1124.44 1763.05 1115.20 1678.92 1112.12 1728.86 1061.35 1742.70 1021.24 1742.05 1052.29
12 546.88 581.02 533.46 624.77 483.19 628.88 466.64 582.73 476.79 570.42 431.50 580.48 454.91 569.72 466.81 563.17 468.58 559.21 485.96 540.35 498.94 489.64 504.03 519.22
