Small_45_C
909.33 2595.93
2179.22 1861.03
4 0.00 0.00 2800.00 0.00 2800.00 2800.00 0.00 2800.00
45
10 783.29 2358.23 759.42 2375.36 737.80 2353.94 719.89 2379.42 720.66 2341.13 734.61 2338.10 729.13 2308.99 740.99 2320.99 764.67 2304.65 776.65 2307.97
5 676.68 1410.65 663.92 1395.08 704.08 1394.67 712.25 1387.86 719.99 1387.61
9 672.51 1373.30 656.94 1364.79 640.54 1371.99 632.19 1360.51 651.93 1341.81 624.19 1346.08 674.13 1317.83 684.14 1305.97 673.16 1323.56
14 1916.34 878.52 1914.27 880.47 1933.15 899.75 1911.54 908.44 1874.88 920.42 1847.59 903.25 1842.65 869.96 1825.58 817.54 1888.82 813.15 1889.78 844.13 1919.61 801.01 1932.91 816.94 1931.33 828.53 1910.73 864.93
7 2605.59 612.34 2560.27 564.93 2547.08 575.01 2517.90 568.58 2555.35 515.33 2584.91 461.13 2592.20 494.71
9 1782.77 992.71 1756.94 965.79 1742.95 958.33 1744.67 944.26 1744.14 925.32 1791.72 931.07 1770.60 948.26 1767.08 949.68 1770.54 949.30
15 2163.09 585.55 2155.83 584.48 2151.41 586.69 2141.56 602.82 2140.81 591.45 2130.29 594.05 2098.61 588.89 2109.75 572.51 2129.50 574.09 2098.91 562.56 2128.43 547.29 2150.62 540.49 2147.48 561.91 2158.57 528.50 2172.39 566.97
7 2329.44 1413.96 2305.32 1421.98 2290.33 1446.64 2269.86 1426.39 2286.46 1388.77 2326.99 1340.58 2361.39 1392.85
11 1171.49 794.27 1147.20 787.99 1172.39 806.81 1141.05 791.71 1121.41 803.51 1102.26 789.02 1099.40 784.14 1112.42 756.09 1106.45 749.65 1153.29 750.27 1162.26 740.23
10 1102.31 1744.20 1095.15 1760.18 1099.98 1806.20 1088.14 1783.94 1067.18 1728.53 1070.72 1723.59 1071.88 1721.51 1085.54 1707.38 1109.00 1726.12 1096.49 1734.40
14 991.61 2448.25 975.65 2449.31 984.52 2471.44 969.07 2446.71 965.75 2447.55 934.32 2444.75 934.62 2413.47 930.63 2406.63 977.65 2407.84 1005.42 2387.97 977.09 2413.39 1015.52 2404.67 985.60 2416.13 1018.15 2419.16
6 1883.42 1845.69 1880.21 1853.65 1869.14 1875.46 1854.36 1859.18 1858.65 1844.10 1890.71 1809.59
6 780.68 2267.07 769.45 2262.58 762.04 2248.83 757.40 2238.64 796.04 2224.05 796.52 2243.53
7 266.51 1988.58 217.41 1982.91 183.88 2022.24 130.80 1968.70 199.64 1933.07 225.95 1925.61 241.41 1940.68
6 1251.71 1059.99 1208.94 1092.55 1223.62 1051.31 1220.59 1015.76 1242.59 972.40 1273.12 973.68
7 598.46 1372.45 554.60 1390.72 546.23 1331.54 561.45 1325.09 553.74 1282.77 566.54 1306.25 568.24 1310.83
6 2421.28 1172.16 2305.26 1162.26 2350.62 1072.13 2358.09 1090.83 2398.27 1108.44 2433.77 1093.97
13 176.31 2243.95 201.57 2267.87 162.32 2260.49 141.63 2279.03 141.75 2261.21 154.69 2247.61 151.87 2239.28 145.88 2236.36 149.34 2228.03 134.92 2212.85 165.92 2227.82 166.33 2212.18 168.20 2208.24
11 2643.45 1072.03 2665.70 1119.57 2642.21 1099.10 2613.69 1135.67 2611.17 1117.49 2609.20 1112.60 2576.61 1072.73 2560.85 1019.64 2569.37 991.19 2671.31 1005.72 2650.97 1055.19
11 606.72 1090.83 577.65 1057.96 577.24 1087.91 544.60 1035.48 530.56 989.80 554.99 968.49 554.20 963.58 562.16 995.38 580.50 978.60 572.07 1018.23 590.63 967.97
15 1946.02 2259.02 1953.71 2282.15 1948.92 2316.03 1923.38 2318.30 1908.15 2297.02 1898.97 2316.10 1876.18 2319.10 1896.02 2267.45 1865.19 2272.93 1862.51 2261.03 1861.19 2234.49 1885.00 2234.83 1909.85 2200.35 1940.98 2249.47 1928.08 2251.93
9 2608.96 295.41 2562.24 293.11 2573.37 327.58 2540.38 331.37 2525.85 344.32 2517.60 299.21 2503.10 200.67 2573.08 194.17 2593.75 231.60
12 1668.81 1973.57 1645.60 1965.49 1617.60 1996.53 1614.38 1982.47 1602.28 1968.24 1596.05 1964.59 1614.11 1956.81 1599.13 1952.30 1585.06 1946.17 1609.54 1944.29 1618.79 1940.96 1630.39 1937.29
8 2505.59 830.95 2486.32 811.80 2453.97 788.51 2508.11 770.85 2503.65 746.30 2523.76 741.78 2546.54 745.05 2554.24 794.66
8 776.10 243.29 777.55 254.30 775.11 253.34 692.22 172.08 744.18 132.22 794.84 137.48 790.80 163.91 805.77 175.90
12 2166.81 1304.57 2182.58 1313.83 2143.87 1305.27 2100.75 1347.26 2107.93 1298.67 2095.42 1277.21 2093.94 1245.97 2108.65 1238.91 2114.44 1264.26 2121.76 1258.42 2122.76 1255.25 2168.58 1260.94
7 1273.33 1271.42 1278.36 1292.26 1238.12 1288.33 1208.09 1326.87 1201.16 1311.19 1222.88 1256.50 1290.10 1201.79
10 399.98 159.29 420.43 179.65 425.77 186.09 391.05 173.33 386.55 197.47 381.32 176.06 338.59 174.95 391.19 118.82 393.84 140.88 421.57 152.31
8 272.49 567.96 241.14 577.25 235.36 554.38 239.43 544.50 250.62 526.83 246.75 518.71 243.30 506.02 273.70 503.91
14 962.23 1468.45 946.84 1477.64 941.90 1462.31 937.56 1478.52 936.54 1475.74 929.96 1490.21 929.95 1486.68 916.41 1473.11 909.21 1462.32 930.31 1437.11 914.40 1413.85 947.03 1420.30 959.72 1441.54 985.14 1445.05
15 1292.84 1646.63 1292.62 1658.47 1271.25 1604.41 1241.53 1624.82 1186.35 1603.17 1231.42 1577.62 1230.75 1568.09 1218.72 1559.23 1256.42 1469.00 1297.58 1509.22 1310.62 1502.40 1332.03 1508.68 1348.30 1523.24 1285.90 1561.19 1290.21 1564.25
15 644.89 921.60 645.17 962.66 628.59 956.03 630.63 936.68 621.72 914.13 608.24 913.82 611.08 910.41 607.11 896.64 606.03 879.52 624.95 862.74 631.93 879.06 637.15 892.09 655.05 871.95 657.49 889.91 661.32 899.10
11 951.65 269.75 963.22 304.83 943.80 280.04 929.78 257.06 921.95 272.86 846.78 288.68 844.76 252.24 886.21 163.47 912.67 197.21 914.43 178.72 999.55 205.88
5 1671.71 593.47 1650.73 580.65 1670.29 535.48 1670.20 565.73 1675.61 571.59
7 1570.25 2508.87 1518.20 2463.40 1501.67 2448.70 1533.84 2436.96 1538.72 2435.83 1561.99 2422.17 1557.79 2461.61
11 1976.71 1368.23 1916.88 1392.75 1898.43 1364.99 1901.14 1327.75 1880.03 1342.79 1897.55 1318.50 1907.31 1278.45 1944.32 1290.53 1933.90 1301.00 1975.04 1300.28 1965.87 1306.87
5 2658.15 270.43 2651.68 267.40 2609.22 168.75 2630.20 210.86 2637.86 200.02
9 2423.29 884.72 2410.96 911.81 2398.97 873.71 2337.32 884.73 2360.41 859.88 2394.36 783.11 2440.49 775.56 2439.81 788.33 2466.93 819.28
10 1528.30 2255.22 1512.49 2269.40 1498.92 2281.85 1473.46 2260.97 1477.85 2244.25 1458.39 2220.53 1471.85 2175.21 1513.42 2216.68 1524.97 2206.02 1530.28 2233.35
13 619.36 2287.68 588.63 2278.77 570.60 2278.11 567.21 2280.71 554.66 2305.11 530.44 2311.22 554.56 2278.73 498.74 2275.85 546.48 2248.74 531.90 2219.05 562.10 2243.81 575.10 2217.38 580.89 2240.92
13 1787.00 2534.33 1749.96 2524.39 1728.14 2533.50 1740.52 2514.14 1719.88 2498.18 1746.93 2447.31 1784.06 2435.24 1792.66 2441.38 1800.76 2444.42 1813.09 2455.31 1789.76 2472.94 1806.61 2462.11 1801.49 2484.12
14 2511.14 1615.40 2516.23 1617.49 2522.84 1624.79 2520.87 1642.66 2496.20 1660.71 2467.27 1654.67 2455.60 1647.43 2460.06 1613.54 2456.41 1612.40 2423.96 1605.47 2478.27 1578.23 2502.24 1562.11 2500.96 1595.46 2531.43 1588.05
12 931.76 2144.63 905.59 2126.34 820.37 2125.78 812.41 2121.30 857.70 2106.24 843.15 2091.32 831.98 2085.36 862.06 2071.43 880.96 2078.31 926.48 2034.94 924.74 2057.94 921.09 2082.21
8 1983.34 1137.27 1952.28 1144.71 1953.29 1109.13 1934.30 1079.79 1962.45 1056.02 2005.82 1076.70 2029.32 1069.41 2005.97 1091.19
13 533.57 797.64 538.92 820.79 533.09 836.61 539.71 854.45 498.61 813.94 472.23 849.92 464.20 802.89 449.53 792.55 470.90 788.99 460.51 778.97 451.63 766.73 489.57 779.44 548.72 781.75
