Small_15_B
431.78 509.20
1323.99 727.09
4 0.00 0.00 1600.00 0.00 1600.00 1600.00 0.00 1600.00
15
15 885.94 354.44 861.51 363.74 832.51 397.94 805.16 354.09 734.65 350.59 750.94 334.80 805.19 260.48 828.28 261.39 836.07 279.48 839.57 283.45 878.25 266.77 838.13 302.73 873.68 282.69 865.00 287.94 877.81 302.83
9 473.72 859.79 446.88 883.63 427.95 875.89 408.46 838.57 430.14 827.87 431.14 830.02 458.41 821.41 457.42 827.38 472.55 842.90
15 848.36 740.48 845.70 739.63 840.95 755.09 835.49 752.81 805.54 756.77 809.81 736.60 816.20 728.92 817.51 722.56 801.55 723.41 823.77 714.15 851.27 670.82 854.83 699.34 848.98 707.10 883.92 719.18 868.12 720.19
11 728.13 1311.31 785.91 1347.56 738.25 1344.59 714.90 1338.44 703.46 1365.01 658.85 1269.91 642.02 1254.05 668.10 1265.67 723.02 1267.31 753.09 1234.65 746.34 1289.57
6 1356.96 610.15 1370.20 618.81 1362.50 629.32 1319.71 595.84 1342.32 576.86 1355.07 603.88
9 445.56 725.43 400.12 766.81 364.45 759.81 355.86 756.44 346.90 723.71 348.80 699.06 355.17 684.84 383.52 684.12 409.32 693.85
12 1238.15 1062.08 1243.30 1040.95 1248.33 1036.33 1273.91 1027.23 1294.66 1039.80 1310.11 1061.80 1310.20 1062.55 1311.95 1077.83 1303.70 1094.75 1301.30 1095.26 1264.03 1101.28 1246.25 1093.96
6 435.28 310.03 399.28 217.12 473.14 198.37 537.84 210.17 535.22 233.26 519.50 335.64
10 1009.94 479.70 977.06 421.09 992.10 398.70 1051.89 346.57 1065.67 338.56 1108.02 371.68 1144.44 400.96 1112.79 471.76 1053.94 493.03 1034.24 499.14
10 1172.32 185.37 1172.92 142.63 1244.23 139.39 1245.63 141.14 1249.06 146.53 1255.29 188.96 1249.62 196.71 1221.96 215.29 1198.54 204.46 1180.44 195.56
7 366.82 1282.29 281.24 1211.28 272.66 1176.03 313.12 1193.61 283.08 1161.84 363.74 1160.06 397.43 1161.98
9 512.57 445.78 522.54 455.83 492.51 478.07 455.23 472.13 427.91 457.52 467.66 439.64 427.47 430.05 459.25 433.28 474.34 384.71
9 1088.00 868.78 1083.79 879.90 1079.95 874.46 1075.01 864.34 1059.54 884.15 1056.43 842.78 1074.02 844.63 1077.20 827.37 1084.79 845.29
13 1367.31 1509.68 1359.05 1472.46 1336.47 1449.23 1295.34 1503.86 1316.69 1468.09 1307.00 1458.76 1315.03 1447.14 1321.82 1402.69 1335.47 1358.32 1352.06 1373.23 1420.86 1359.42 1391.07 1397.98 1431.47 1416.40
10 233.24 637.52 249.73 610.61 297.87 603.00 315.01 622.86 330.35 642.01 332.44 663.22 319.26 671.52 299.85 683.24 272.99 698.69 237.42 669.03
