Small_60_C
512.74 2773.65
2253.24 1493.25
4 0.00 0.00 3200.00 0.00 3200.00 3200.00 0.00 3200.00
60
13 2960.28 363.46 2949.64 359.28 2942.75 357.56 2937.01 375.72 2930.81 403.59 2931.03 417.10 2915.43 424.27 2917.41 405.36 2912.46 363.36 2891.08 334.38 2912.10 320.72 2913.08 276.54 2949.41 347.37
14 1475.34 1781.26 1451.23 1767.45 1411.98 1791.79 1416.50 1777.40 1373.78 1754.66 1407.97 1739.93 1393.83 1705.37 1419.80 1708.74 1420.30 1668.57 1438.42 1729.08 1464.57 1692.33 1470.59 1698.67 1480.57 1722.41 1513.39 1729.69
5 959.35 924.18 897.05 941.14 856.50 932.24 897.92 906.50 869.92 886.82
9 1870.95 2836.77 1869.97 2863.20 1865.34 2870.71 1860.44 2845.16 1854.72 2840.09 1836.62 2854.71 1839.36 2844.03 1829.68 2828.39 1843.93 2793.93
8 1986.44 463.59 1902.32 453.02 1900.81 410.12 1923.58 407.99 1938.36 368.07 1949.77 388.20 1988.11 354.05 1994.66 408.54
9 225.93 545.48 171.38 579.34 147.43 550.56 150.00 532.81 129.54 526.11 127.71 491.36 201.01 482.05 204.80 497.43 235.98 501.84
5 1238.22 1059.11 1230.60 1038.06 1218.01 1066.11 1205.73 1012.66 1251.55 990.58
5 445.70 597.54 458.35 614.76 413.83 621.61 407.43 562.80 409.60 531.62
12 458.91 2846.31 455.87 2848.97 476.84 2875.46 448.15 2851.97 443.68 2882.22 441.61 2857.98 413.95 2871.65 429.98 2824.76 437.56 2829.44 443.37 2819.81 464.54 2807.19 471.00 2834.80
8 539.31 326.61 534.17 346.78 514.38 332.40 506.87 329.49 490.75 333.53 462.07 336.48 469.39 286.33 497.00 294.04
5 1307.66 1121.90 1262.43 1137.12 1267.67 1112.59 1269.98 1055.29 1320.36 1092.28
10 2355.52 2088.05 2359.19 2083.01 2352.87 2081.24 2354.93 2056.18 2359.08 2035.11 2369.35 2038.22 2395.44 2047.85 2405.96 2046.30 2412.75 2034.17 2442.22 2064.74
6 1204.15 2788.68 1131.72 2812.22 1130.75 2787.44 1164.98 2718.92 1190.20 2743.27 1200.80 2691.40
6 660.75 2015.39 636.77 2055.36 628.36 2016.90 589.76 1997.51 646.45 1979.05 655.68 1960.57
12 610.28 1256.45 638.81 1271.43 619.32 1269.48 600.60 1262.20 583.42 1271.96 578.84 1278.23 571.01 1281.89 559.63 1252.51 567.77 1221.85 607.66 1209.62 631.68 1250.57 620.30 1252.90
13 1974.71 2309.64 1953.15 2332.97 1939.28 2330.26 1936.33 2322.77 1927.37 2315.52 1908.11 2316.45 1904.26 2310.75 1919.10 2304.71 1928.75 2301.25 1906.72 2286.15 1937.04 2263.16 1939.61 2283.64 1959.84 2276.94
9 2055.34 1282.15 2036.72 1267.26 2028.09 1269.55 2027.74 1260.48 2004.16 1254.01 2043.44 1218.03 2084.68 1226.58 2084.29 1234.86 2116.99 1232.64
5 1066.58 921.12 1084.64 891.35 1114.79 829.43 1133.49 846.28 1155.43 833.95
12 1766.46 1478.01 1776.50 1521.79 1746.15 1510.98 1740.28 1533.56 1712.29 1512.86 1706.88 1474.78 1691.85 1434.91 1712.41 1438.56 1720.26 1430.58 1736.01 1418.40 1773.97 1407.12 1753.72 1436.58
12 2098.64 896.44 2090.69 902.97 2066.62 918.15 2026.26 913.60 2014.62 924.78 2031.31 887.84 2009.83 840.37 2013.11 817.85 2050.83 818.16 2093.85 836.02 2115.61 828.41 2110.80 841.36
14 1628.42 2890.13 1593.02 2882.94 1580.99 2926.89 1481.53 2822.57 1491.93 2824.00 1505.65 2803.11 1521.68 2815.27 1498.28 2790.92 1555.94 2770.59 1585.67 2761.35 1596.76 2764.75 1590.02 2784.12 1609.61 2789.76 1577.90 2832.99
9 1418.95 2350.01 1393.45 2352.11 1356.71 2333.63 1316.94 2327.08 1331.70 2296.08 1335.42 2280.54 1313.57 2245.93 1367.93 2253.77 1395.20 2271.10
5 1519.92 1599.92 1450.28 1593.18 1467.13 1544.46 1523.56 1555.90 1561.17 1581.31
7 2195.50 2540.39 2187.83 2529.46 2194.41 2501.28 2219.45 2496.01 2221.08 2493.43 2243.26 2504.87 2229.12 2521.84
11 2611.67 3005.28 2560.94 3003.48 2534.42 2997.15 2534.89 2985.28 2504.82 2966.27 2536.98 2910.41 2585.16 2943.74 2609.05 2927.95 2607.84 2942.92 2614.39 2963.76 2642.69 2976.55
10 586.77 1789.33 596.78 1804.89 567.58 1807.46 563.98 1825.51 556.54 1821.36 549.44 1785.94 527.28 1769.31 560.94 1753.04 565.23 1749.50 570.96 1749.02
10 988.23 1103.21 996.32 1133.01 956.27 1097.19 943.75 1095.82 966.51 1089.64 976.17 1060.13 985.07 1070.96 988.62 1069.49 993.47 1080.10 986.59 1089.66
11 1981.10 620.38 1968.75 635.36 1969.71 667.22 1964.87 670.84 1951.07 662.42 1942.35 655.41 1894.56 604.81 1941.97 612.79 1968.44 590.10 1987.68 581.32 1991.87 590.40
15 2623.99 1300.18 2617.99 1332.71 2571.98 1310.52 2559.65 1306.91 2548.74 1327.09 2538.11 1343.42 2510.16 1325.42 2534.43 1288.26 2517.30 1248.48 2500.19 1196.23 2554.20 1240.69 2599.95 1226.44 2597.35 1251.33 2623.65 1243.87 2583.28 1272.19
7 2609.94 2609.81 2570.42 2596.03 2585.89 2552.70 2593.28 2554.97 2611.11 2545.54 2636.19 2553.68 2621.25 2580.54
5 1226.27 2404.48 1206.95 2403.63 1180.34 2381.08 1187.59 2373.47 1221.36 2380.19
10 348.55 925.25 380.72 944.65 342.77 968.35 297.36 962.54 270.07 989.06 264.65 939.42 286.05 920.99 261.62 891.90 304.44 858.28 318.47 907.96
11 953.35 175.36 946.89 181.27 936.12 189.34 931.46 197.19 900.88 149.25 921.60 121.45 923.40 123.07 936.54 139.99 943.91 141.94 958.30 129.17 983.25 153.96
13 1384.98 2549.21 1375.65 2546.74 1376.01 2550.33 1359.05 2570.66 1324.66 2559.37 1325.92 2548.45 1327.64 2528.09 1310.80 2529.14 1312.07 2527.11 1331.18 2511.27 1346.79 2500.63 1364.24 2494.28 1359.27 2525.49
15 268.61 2416.50 259.58 2406.27 256.06 2417.39 244.57 2401.46 213.35 2443.54 236.95 2393.24 197.81 2411.93 220.94 2348.60 221.52 2341.47 222.56 2325.03 235.00 2300.44 269.71 2309.14 278.45 2304.76 274.79 2326.57 298.51 2341.93
5 2659.61 1043.54 2659.36 1019.78 2708.07 1027.95 2767.83 1009.29 2772.92 1024.92
6 2767.56 1393.33 2761.15 1434.79 2725.45 1431.67 2749.47 1286.63 2746.64 1331.37 2772.78 1328.96
13 2346.73 574.68 2367.24 580.13 2344.26 593.52 2329.91 600.08 2322.29 585.02 2302.45 584.91 2310.21 560.93 2333.17 564.26 2360.04 552.14 2359.96 556.17 2366.91 553.68 2348.99 570.08 2370.08 566.96
14 867.45 711.17 865.36 737.39 872.67 762.96 861.03 747.60 844.91 736.28 821.54 735.59 818.85 733.86 827.04 716.47 794.11 721.38 792.20 687.63 810.40 664.28 828.13 683.18 835.48 659.13 898.82 704.96
5 1219.05 1766.52 1202.12 1778.70 1187.96 1791.39 1158.52 1687.34 1242.70 1687.47
14 1828.82 2022.54 1794.15 2029.09 1804.58 2047.80 1708.02 2031.71 1698.50 1982.02 1703.38 1920.28 1756.44 1895.78 1762.54 1934.54 1761.86 1946.84 1801.26 1897.89 1793.79 1930.47 1810.46 1915.21 1800.03 1938.17 1799.04 1954.71
9 1507.41 2679.82 1508.01 2704.28 1458.64 2747.24 1429.08 2684.03 1424.62 2684.72 1425.99 2649.50 1390.99 2624.20 1443.56 2636.50 1501.17 2604.47
7 2458.39 988.24 2387.27 1013.13 2370.12 1011.08 2398.62 950.25 2445.13 880.38 2468.06 922.54 2458.06 965.46
9 2705.32 1766.80 2658.53 1734.52 2606.06 1733.12 2611.90 1722.89 2601.87 1692.26 2614.94 1666.85 2682.19 1682.02 2710.96 1651.37 2714.74 1668.20
8 1210.80 468.06 1161.20 436.46 1123.85 437.48 1148.10 382.38 1184.98 360.04 1186.05 388.03 1200.11 362.91 1210.49 394.69
6 1145.33 1276.13 1124.73 1233.13 1137.00 1201.45 1129.76 1187.41 1172.26 1146.77 1208.95 1159.07
10 2315.82 2575.61 2312.57 2553.37 2250.68 2481.90 2275.38 2472.37 2269.53 2454.45 2289.85 2463.56 2291.62 2464.20 2318.77 2457.88 2352.10 2466.55 2352.78 2473.17
15 1856.21 2452.62 1860.85 2463.97 1850.94 2462.11 1843.42 2467.40 1836.48 2463.71 1790.96 2453.59 1812.94 2427.37 1816.57 2433.12 1818.91 2424.20 1818.68 2413.29 1832.08 2400.92 1842.81 2404.55 1856.86 2440.65 1849.27 2442.31 1842.09 2443.42
15 1057.42 2032.01 1059.19 2033.65 1045.37 2028.07 1035.73 2043.96 1023.23 2058.59 1013.01 2058.40 1011.63 2026.21 966.54 2054.12 961.73 2049.36 986.07 2025.20 1014.72 1991.42 1024.07 1950.33 1027.12 1982.25 1047.31 1971.77 1040.63 1999.63
13 1870.38 1105.25 1871.99 1110.63 1867.73 1118.99 1831.73 1100.47 1804.24 1095.42 1802.59 1093.68 1834.79 1091.76 1832.80 1062.85 1841.73 1058.00 1852.96 1070.86 1867.02 1084.51 1889.69 1090.18 1894.04 1094.00
7 2947.92 1551.91 2939.29 1549.49 2898.29 1539.22 2919.46 1502.11 2932.03 1523.64 2940.46 1527.29 2946.28 1533.06
14 2096.18 257.35 2045.90 262.77 2020.74 258.76 2008.74 257.01 1944.85 280.09 1957.66 230.31 1989.71 222.69 1961.09 197.22 1981.47 197.44 2007.46 169.61 2022.86 162.79 2043.50 168.23 2040.48 196.34 2044.42 192.72
15 629.21 2692.52 652.47 2726.08 625.54 2729.29 614.93 2704.05 600.73 2696.82 540.05 2720.11 531.99 2709.85 531.56 2662.96 538.42 2645.12 534.73 2629.06 621.41 2597.19 657.04 2630.88 630.37 2659.90 677.47 2633.72 706.64 2660.95
9 1619.83 2148.60 1619.49 2103.50 1599.81 2054.02 1645.05 2026.96 1662.27 2052.57 1662.97 2065.60 1705.70 2072.38 1682.15 2083.65 1675.82 2091.17
12 2995.57 1887.60 2979.27 1906.09 2940.19 1919.91 2946.14 1892.06 2922.29 1916.66 2925.99 1905.23 2927.96 1902.80 2918.25 1889.67 2893.34 1867.70 2950.30 1852.12 2970.58 1820.82 2960.10 1867.18
14 1642.82 1118.45 1636.52 1118.80 1633.05 1129.29 1615.21 1162.89 1614.48 1144.09 1605.20 1146.22 1607.04 1141.57 1603.63 1146.08 1572.50 1123.97 1615.39 1085.93 1611.22 1069.46 1618.62 1080.13 1624.88 1084.18 1650.76 1094.69
10 1157.48 1536.13 1110.97 1524.49 1092.55 1559.63 1086.42 1563.82 1086.41 1552.27 1078.81 1544.97 1060.39 1517.54 1080.77 1508.74 1068.73 1494.78 1110.40 1492.89
5 1213.03 739.29 1182.71 639.62 1207.53 662.52 1212.99 665.69 1277.87 693.85
12 1353.06 2679.28 1311.75 2676.24 1331.19 2722.80 1309.06 2695.40 1313.62 2725.45 1296.05 2690.26 1266.21 2714.57 1247.33 2724.27 1261.37 2670.55 1268.88 2653.95 1244.62 2641.76 1310.36 2625.73
7 969.31 1984.73 919.71 1956.18 928.81 2016.19 908.39 1997.44 891.67 1943.55 925.02 1928.91 964.93 1922.93
