Small_45_A
236.01 1267.32
2352.73 256.36
4 0.00 0.00 2800.00 0.00 2800.00 2800.00 0.00 2800.00
45
12 1981.83 1154.76 1969.58 1100.27 1979.92 1064.73 2037.95 1030.13 2064.57 1031.14 2077.83 1041.66 2090.33 1058.87 2099.70 1087.73 2096.10 1121.02 2067.67 1165.14 2056.79 1167.43 2024.21 1168.36
9 2096.58 2482.86 2093.76 2454.43 2096.01 2423.15 2176.05 2362.70 2231.42 2382.62 2249.34 2394.24 2245.58 2481.35 2211.62 2526.46 2167.35 2527.01
7 2598.94 2031.04 2647.78 2107.84 2627.59 2186.54 2592.23 2207.02 2515.88 2187.20 2513.00 2139.86 2527.29 2058.24
8 2000.24 845.41 1990.36 933.24 1902.11 942.20 1879.55 938.51 1841.09 866.45 1862.37 827.07 1934.21 807.09 1951.73 806.77
7 725.09 2145.14 732.52 2111.37 805.18 2128.04 799.87 2159.26 762.85 2176.63 752.82 2176.71 744.24 2167.59
8 308.63 2123.28 301.60 2062.99 303.68 2055.54 316.30 2046.19 382.78 2016.51 418.21 2025.60 417.82 2074.01 390.90 2138.49
10 2606.01 625.66 2557.80 591.65 2558.46 582.95 2566.69 535.58 2578.11 529.73 2642.64 517.04 2666.93 541.34 2671.11 559.64 2643.00 616.60 2632.56 626.38
7 1487.83 2175.39 1453.56 2209.25 1439.25 2199.34 1410.02 2160.61 1447.43 2137.83 1459.53 2131.19 1477.92 2155.93
9 522.19 1747.77 403.86 1822.97 342.54 1786.99 340.74 1777.38 339.45 1712.21 369.85 1678.64 429.77 1679.17 504.32 1702.59 515.27 1726.22
8 795.22 937.46 753.62 895.12 783.69 850.82 818.09 838.94 852.16 860.43 853.40 881.87 848.26 905.79 826.79 930.67
10 1587.97 1197.50 1580.73 1130.85 1591.94 1096.85 1636.97 1072.32 1715.12 1083.57 1726.10 1092.90 1741.83 1123.56 1737.29 1192.70 1723.22 1212.27 1689.22 1244.46
8 2235.61 1790.25 2172.77 1716.88 2240.03 1663.77 2294.70 1679.94 2303.10 1684.09 2313.53 1691.89 2311.97 1724.85 2311.01 1739.82
7 351.55 284.27 302.88 250.00 332.23 202.58 377.75 198.41 393.45 203.60 396.81 262.72 393.23 268.54
11 1170.95 2418.72 1172.52 2453.46 1169.88 2468.13 1163.43 2498.72 1153.84 2507.70 1136.66 2510.57 1116.97 2498.43 1102.63 2474.34 1087.95 2446.43 1087.64 2442.47 1122.25 2417.44
9 2220.84 487.78 2284.57 472.43 2317.63 504.95 2326.73 518.61 2318.02 540.14 2287.62 562.93 2245.84 563.76 2225.71 546.82 2220.98 517.36
10 1021.45 2197.39 1031.21 2254.03 1027.40 2276.17 981.88 2290.48 962.66 2286.56 938.08 2270.26 939.15 2264.80 953.52 2211.32 977.84 2191.44 994.36 2192.84
10 1994.71 421.23 2036.31 390.00 2098.70 421.15 2101.07 431.73 2106.53 465.53 2098.42 502.26 2031.95 523.58 1991.26 511.16 1979.02 499.75 1981.02 470.72
10 2014.81 1536.43 2007.26 1515.91 2022.25 1487.97 2041.17 1481.55 2071.21 1479.12 2117.07 1488.38 2117.99 1489.83 2134.80 1547.22 2131.40 1574.91 2062.16 1595.65
8 331.29 1528.85 367.44 1572.25 325.96 1613.84 288.17 1625.30 272.07 1611.05 268.98 1561.84 282.23 1531.79 329.87 1528.74
7 703.63 306.92 774.61 258.85 825.74 314.09 821.83 324.17 807.87 354.29 723.70 362.38 704.48 332.96
10 2657.42 1939.31 2589.01 1934.18 2580.32 1852.51 2578.77 1808.19 2606.94 1787.46 2653.52 1775.55 2662.11 1779.20 2678.61 1797.72 2714.80 1863.03 2714.08 1884.66
9 1204.81 1051.90 1202.46 1029.88 1211.50 997.10 1227.60 968.48 1242.12 972.31 1298.35 998.39 1289.55 1032.44 1265.42 1074.76 1229.08 1082.63
8 1016.67 2552.89 967.35 2641.21 894.39 2638.81 867.00 2507.37 889.76 2476.95 901.06 2475.06 974.25 2488.83 995.19 2498.23
10 1591.42 1646.93 1579.75 1606.31 1594.02 1587.03 1629.74 1580.45 1657.31 1599.81 1659.27 1604.28 1656.92 1632.85 1640.41 1657.31 1606.70 1663.35 1600.28 1657.59
10 111.64 854.51 142.87 813.02 184.42 821.54 190.31 833.22 209.57 882.76 200.34 906.89 177.15 911.71 159.75 910.57 152.13 908.52 132.43 896.47
8 791.99 667.41 794.39 724.01 739.30 740.27 724.55 732.14 697.18 703.81 704.20 665.01 717.51 660.52 750.19 651.92
7 869.88 127.66 806.11 226.71 772.88 196.90 770.85 183.26 780.40 102.04 808.66 92.82 848.66 109.39
7 1241.69 544.06 1302.32 532.07 1328.69 555.74 1333.63 592.68 1307.86 615.28 1259.01 602.36 1251.76 578.88
7 2366.04 2078.58 2258.40 2057.59 2275.86 1985.71 2326.05 1963.23 2356.93 1976.15 2386.26 2014.69 2384.21 2024.31
11 562.74 775.79 592.13 806.76 592.03 837.69 587.93 840.88 566.49 856.77 542.82 846.67 532.83 841.48 528.70 836.46 528.77 832.43 532.40 800.98 535.44 788.06
7 1498.89 506.89 1521.94 527.04 1513.35 600.79 1403.77 607.15 1411.73 565.19 1428.66 528.87 1454.13 512.27
8 2514.13 2313.69 2503.61 2348.32 2447.63 2341.05 2439.55 2321.88 2450.97 2301.68 2460.30 2285.30 2475.16 2279.53 2484.51 2283.51
11 932.70 1252.92 956.42 1191.04 983.35 1163.88 1008.26 1167.09 1091.23 1181.52 1116.94 1256.92 1115.52 1264.35 1104.51 1302.72 1026.56 1328.92 1011.93 1330.02 1002.27 1325.52
8 1186.23 2375.84 1302.20 2312.93 1334.75 2365.55 1335.04 2389.41 1328.11 2440.68 1238.14 2457.06 1210.21 2455.08 1200.52 2441.67
7 832.04 1071.71 806.96 1088.43 780.66 1070.55 757.66 1037.93 755.70 1018.02 755.80 1008.57 824.35 1008.96
10 321.46 579.02 369.11 552.01 437.50 579.84 441.75 623.96 402.81 681.86 380.98 694.39 360.53 697.64 324.78 673.28 305.38 633.47 311.88 596.47
9 997.66 814.54 993.06 769.69 1005.99 756.35 1043.41 755.41 1048.66 758.88 1059.72 768.47 1070.25 793.37 1062.23 803.15 1021.81 826.41
8 2391.71 2445.52 2373.61 2413.49 2377.89 2393.68 2387.82 2382.64 2412.58 2365.68 2453.25 2400.79 2460.25 2434.06 2422.77 2441.60
9 2538.91 1224.50 2499.26 1134.26 2520.46 1113.90 2582.00 1071.94 2637.70 1081.72 2646.20 1103.15 2637.21 1144.73 2633.91 1155.96 2585.59 1216.75
10 193.80 286.74 177.81 247.91 219.93 211.06 241.51 204.56 262.98 208.34 278.71 236.42 288.66 277.02 283.93 285.51 259.99 301.32 233.69 295.78
12 1402.13 2635.17 1403.47 2581.82 1412.13 2568.56 1420.92 2562.01 1436.50 2552.81 1475.01 2571.11 1480.85 2577.29 1492.70 2604.98 1484.53 2634.02 1475.54 2638.27 1443.89 2648.71 1421.39 2644.01
10 2538.11 870.06 2555.62 814.67 2565.48 814.47 2602.50 820.28 2627.54 857.79 2626.56 859.92 2607.96 893.16 2598.09 899.68 2576.68 906.40 2550.84 884.37
9 1782.07 1553.96 1768.48 1495.84 1787.35 1456.38 1797.24 1445.76 1834.18 1455.86 1858.37 1470.80 1874.30 1501.35 1865.56 1535.87 1847.65 1549.66
7 1024.39 603.15 1095.47 539.92 1121.96 559.49 1112.57 593.43 1095.31 613.07 1069.61 622.53 1052.26 615.12
6 2013.16 142.67 2134.68 169.79 2134.49 214.97 2120.08 240.76 2081.15 238.74 2022.69 209.55
