Small_35_A
1440.90 559.11
856.19 1767.09
4 0.00 0.00 2400.00 0.00 2400.00 2400.00 0.00 2400.00
35
9 2158.04 1876.99 2143.97 1819.06 2162.27 1793.03 2190.66 1759.07 2216.66 1758.05 2276.26 1790.91 2274.11 1849.10 2269.18 1881.14 2217.35 1909.07
10 1727.23 849.36 1729.21 827.49 1754.79 812.45 1793.88 818.50 1819.21 833.09 1819.25 849.96 1814.09 868.08 1779.40 877.05 1767.56 877.16 1750.28 868.48
8 999.92 879.46 1006.48 783.86 1072.14 757.85 1114.95 773.91 1148.71 824.40 1129.58 866.24 1071.85 914.04 1025.60 900.81
10 2281.58 1438.44 2256.91 1479.54 2230.35 1475.38 2198.95 1461.99 2193.17 1447.74 2180.88 1412.65 2181.22 1406.55 2235.06 1392.46 2254.91 1394.14 2268.57 1397.10
8 248.85 1154.47 259.25 1185.91 256.98 1203.55 202.08 1228.98 181.65 1211.65 186.51 1194.58 212.80 1172.40 229.84 1161.01
5 906.74 386.80 885.21 331.73 907.88 290.77 958.67 319.60 944.15 386.07
10 541.00 713.88 555.96 672.24 586.27 646.08 616.50 642.97 644.13 685.88 651.82 706.54 642.53 726.99 619.28 744.56 599.01 753.55 577.82 750.14
8 204.04 1395.64 215.56 1368.69 312.57 1413.67 325.73 1422.09 326.32 1444.34 280.34 1466.34 240.98 1481.29 205.21 1422.68
10 948.35 1915.52 947.82 1894.60 967.14 1873.25 1020.65 1863.26 1058.41 1872.09 1066.48 1874.90 1088.50 1915.39 1085.10 1947.44 1034.85 2001.71 1010.65 1985.84
6 743.67 1008.34 785.94 936.53 816.96 944.77 861.42 1010.44 827.44 1062.93 776.99 1059.66
9 747.18 1524.01 748.81 1486.94 761.73 1460.28 846.98 1498.39 860.97 1511.95 873.82 1547.32 828.86 1577.33 800.69 1575.85 774.28 1563.62
8 684.60 2277.93 693.59 2261.48 738.65 2199.99 779.69 2206.90 793.47 2222.19 778.39 2250.62 748.23 2288.56 716.45 2304.73
7 1914.63 790.29 1961.50 703.12 2039.44 732.51 2053.04 779.12 2056.76 815.30 2003.30 866.21 1928.22 834.04
10 761.38 1324.27 781.65 1225.14 793.05 1217.73 845.29 1190.60 897.68 1222.11 919.27 1307.02 911.28 1317.76 885.31 1336.00 837.81 1353.98 793.01 1354.60
10 1883.10 1395.43 1857.95 1327.48 1878.82 1292.65 2005.64 1305.23 2014.67 1309.56 2015.51 1372.63 1974.29 1413.98 1971.37 1414.64 1920.61 1417.23 1900.13 1416.24
7 2007.00 1873.36 1973.26 1908.68 1966.15 1906.75 1896.79 1862.42 1906.06 1825.45 1965.98 1805.16 1995.16 1839.24
9 1888.44 241.14 1921.61 273.42 1916.65 285.65 1895.19 312.23 1857.12 304.95 1849.79 293.93 1844.14 272.25 1852.41 253.91 1858.63 249.04
9 386.14 1953.70 414.36 2027.87 398.71 2060.97 351.24 2063.16 314.03 2063.17 302.46 2054.23 293.64 1996.51 334.15 1969.42 364.19 1956.37
11 1664.20 1845.87 1637.94 1773.63 1690.28 1722.56 1706.63 1713.22 1724.80 1705.59 1739.93 1714.50 1777.17 1739.72 1778.65 1793.78 1750.41 1841.08 1747.27 1843.55 1720.74 1846.88
7 1026.30 1002.64 1011.80 1076.70 962.00 1063.69 949.57 1046.35 926.77 1007.04 942.93 988.24 972.81 953.56
8 1120.04 625.00 1128.95 591.71 1155.94 591.52 1181.39 611.85 1191.79 644.36 1186.57 665.26 1147.68 662.28 1144.71 660.83
7 1826.27 714.11 1837.69 775.98 1815.26 804.14 1748.65 797.92 1741.63 773.42 1737.37 742.61 1758.78 721.19
6 2139.50 249.99 2148.81 314.84 2140.68 343.03 2089.15 314.86 2070.46 298.60 2079.65 262.63
7 1215.95 120.77 1258.81 174.50 1212.14 222.49 1182.47 222.38 1148.78 196.73 1173.54 138.86 1180.69 122.41
12 701.61 506.86 659.73 494.59 641.35 467.49 641.28 419.02 652.41 396.99 681.73 369.65 701.64 375.11 750.73 392.50 751.31 413.29 748.27 429.84 729.84 475.19 713.04 506.67
6 330.50 930.52 371.31 1002.98 353.67 1059.08 295.56 1084.40 203.54 1016.77 274.82 955.62
8 430.09 840.77 454.70 816.67 494.10 834.59 501.87 843.29 492.51 904.69 487.92 913.74 466.74 928.19 439.34 892.63
10 1884.93 2263.88 1864.48 2262.38 1841.76 2225.58 1840.51 2216.52 1861.56 2181.78 1900.96 2176.07 1926.54 2191.58 1930.02 2206.27 1916.87 2236.17 1910.19 2245.43
7 1447.25 1955.74 1405.86 1918.12 1422.21 1887.86 1443.55 1864.79 1483.31 1875.74 1484.06 1929.70 1459.38 1953.60
11 325.92 2199.03 342.61 2175.16 356.72 2171.12 385.98 2188.42 398.47 2199.74 400.52 2219.42 397.40 2234.38 390.21 2241.42 368.71 2246.04 342.94 2240.94 327.06 2219.11
8 259.23 132.01 265.77 191.91 242.81 213.04 209.67 220.46 167.31 201.70 166.68 200.32 160.42 128.78 189.16 105.88
8 1410.84 1100.42 1479.50 1120.52 1465.27 1174.91 1441.11 1212.01 1398.89 1203.70 1385.09 1167.11 1390.31 1138.13 1396.77 1115.33
8 1741.24 1070.14 1747.97 1040.24 1821.93 1053.33 1837.47 1073.02 1818.00 1097.71 1801.01 1107.03 1785.80 1110.28 1771.82 1106.50
9 1493.80 1282.36 1492.42 1267.14 1503.51 1218.38 1505.01 1212.72 1552.93 1208.37 1560.29 1213.14 1556.49 1262.13 1541.68 1282.77 1510.80 1288.01
8 1313.80 1513.29 1275.02 1603.79 1242.58 1598.55 1226.92 1560.39 1205.15 1502.79 1234.09 1476.65 1268.57 1452.15 1297.90 1437.88
