Small_45_B
2241.47 820.60
2319.09 1955.33
4 0.00 0.00 2800.00 0.00 2800.00 2800.00 0.00 2800.00
45
7 2420.02 2504.30 2337.17 2558.63 2342.41 2525.89 2327.75 2478.93 2337.38 2463.94 2375.97 2453.11 2415.47 2456.92
8 785.73 1035.28 774.05 986.52 810.08 961.39 836.18 958.29 857.72 977.54 861.60 1039.04 833.70 1046.84 821.39 1046.90
6 1666.44 1699.82 1677.33 1621.82 1733.20 1638.19 1747.65 1659.53 1714.15 1724.97 1682.20 1740.79
7 1327.21 1985.34 1325.13 1971.70 1296.16 1960.51 1328.23 1962.27 1338.78 1950.96 1340.88 1946.93 1363.31 1962.13
10 1046.26 2274.32 1043.16 2250.52 1044.19 2215.90 1070.54 2176.64 1156.13 2146.44 1179.86 2157.61 1215.48 2208.41 1205.12 2257.36 1200.35 2272.74 1117.39 2321.35
13 2562.77 2425.24 2545.63 2439.19 2544.57 2373.31 2535.03 2386.21 2542.16 2361.41 2504.94 2368.25 2476.14 2342.18 2486.47 2312.79 2497.06 2292.72 2498.36 2290.74 2509.33 2275.33 2564.46 2256.46 2564.55 2284.23
6 335.71 1166.56 353.28 1221.75 274.93 1245.13 266.57 1235.31 242.69 1201.37 248.37 1196.17
7 1541.48 307.93 1577.66 260.40 1597.00 268.79 1615.91 281.03 1618.16 300.51 1605.50 326.62 1544.62 332.29
15 643.50 1212.42 647.90 1225.82 631.54 1207.85 617.88 1219.59 621.33 1204.79 615.24 1217.16 594.06 1204.24 610.82 1189.82 608.38 1165.25 626.03 1158.04 632.70 1177.48 648.78 1179.13 641.70 1189.44 653.55 1194.20 637.48 1195.92
8 635.26 2695.84 587.37 2631.53 611.50 2594.93 632.84 2562.62 640.37 2557.05 703.96 2569.52 726.02 2599.91 692.79 2655.16
7 901.51 2640.24 905.74 2662.32 897.15 2643.39 883.20 2641.63 848.13 2622.16 858.30 2585.28 908.38 2596.70
7 193.75 1454.73 259.78 1545.75 211.16 1605.45 156.00 1615.27 103.45 1554.16 129.68 1481.67 164.14 1456.28
9 2384.53 1942.14 2408.09 1955.34 2364.75 1973.69 2362.62 1948.30 2337.30 1954.11 2345.88 1949.85 2384.58 1908.60 2397.70 1910.94 2401.49 1925.58
5 2189.66 1229.56 2134.62 1216.39 2081.95 1191.74 2135.37 1188.66 2114.16 1135.55
8 2206.06 182.26 2183.71 203.16 2148.79 170.46 2146.66 166.99 2152.57 144.78 2160.76 128.15 2158.53 114.98 2241.07 135.79
8 825.24 1536.75 811.79 1583.12 798.36 1579.00 805.29 1505.50 810.66 1511.54 849.74 1496.38 838.98 1509.71 870.23 1526.93
13 2060.38 555.35 2045.46 571.77 2017.79 566.87 2008.39 563.09 1997.21 560.32 1977.35 542.64 2002.46 548.43 2005.44 547.31 2005.85 541.49 2003.47 517.65 2013.72 533.21 2040.96 516.61 2052.67 522.12
11 1966.02 2056.12 1971.46 2042.75 2003.73 2001.23 2022.46 2007.28 2034.59 2015.69 2043.78 2039.49 2037.88 2069.27 2018.57 2086.46 2010.89 2085.66 1981.53 2080.58 1972.86 2067.28
6 1200.91 1690.06 1288.74 1764.06 1258.76 1842.55 1192.67 1827.02 1130.52 1788.01 1142.57 1727.92
7 610.96 2365.09 575.98 2357.40 542.79 2343.22 544.17 2339.33 561.21 2314.14 581.97 2322.82 615.38 2320.75
9 413.82 2039.42 446.75 2024.76 516.17 2029.55 541.66 2087.11 541.37 2133.65 514.71 2177.62 454.39 2187.03 381.08 2134.30 382.67 2112.01
9 1249.22 1370.82 1333.25 1339.05 1370.71 1380.70 1371.88 1425.24 1296.76 1464.11 1265.90 1467.56 1249.03 1454.28 1223.14 1392.40 1223.35 1391.71
10 1643.84 1332.95 1642.89 1315.80 1652.41 1301.02 1667.37 1288.39 1714.73 1266.11 1753.28 1302.87 1756.78 1317.32 1734.11 1353.85 1689.40 1375.30 1665.04 1353.63
9 323.05 2496.69 306.13 2498.65 291.19 2508.40 276.88 2521.73 288.41 2483.29 253.64 2481.42 290.74 2479.57 280.69 2473.12 343.67 2465.51
15 727.48 1053.58 696.72 1060.98 694.04 1065.56 682.61 1074.20 676.02 1070.70 664.30 1041.30 687.87 1039.81 663.79 1029.73 673.53 1013.19 681.46 1009.92 698.82 1020.82 710.98 1019.38 728.94 1013.46 729.01 1013.52 734.03 1012.81
11 1865.83 2446.26 1829.31 2509.76 1799.84 2505.61 1780.06 2486.67 1762.82 2460.18 1760.06 2443.36 1766.13 2428.13 1767.46 2425.35 1772.41 2417.48 1777.77 2411.03 1831.58 2412.36
8 1926.51 1186.23 1936.50 1247.73 1883.35 1252.83 1851.27 1229.52 1861.87 1193.48 1868.15 1174.21 1883.67 1159.99 1908.46 1173.56
6 564.59 1670.03 529.09 1725.94 459.76 1671.86 514.69 1614.17 548.76 1620.13 567.79 1649.55
9 2093.75 2539.55 2113.05 2493.17 2124.34 2488.67 2151.60 2499.52 2156.17 2502.17 2161.25 2509.51 2156.83 2539.06 2121.00 2558.53 2110.81 2552.56
8 2211.52 1688.82 2235.54 1721.01 2221.94 1771.78 2213.00 1777.61 2178.17 1780.98 2166.31 1777.28 2148.22 1761.28 2180.55 1700.29
7 901.32 1390.68 872.80 1412.66 861.09 1422.70 856.61 1396.51 854.02 1378.25 900.29 1353.54 875.92 1387.34
14 2597.89 1213.39 2594.08 1218.36 2585.53 1213.33 2546.97 1255.86 2546.93 1234.39 2505.87 1228.76 2528.76 1210.18 2534.08 1179.40 2527.48 1129.09 2566.90 1168.08 2579.19 1160.68 2572.26 1171.89 2587.56 1170.67 2589.40 1182.59
14 897.22 323.82 920.11 336.69 888.29 360.05 849.04 337.81 846.49 346.37 815.84 365.07 812.85 370.74 769.95 346.58 815.26 271.02 882.84 234.04 889.65 263.47 874.85 281.96 872.96 290.46 909.57 308.32
5 2641.56 1157.41 2610.50 1157.48 2584.53 1147.63 2593.92 1139.16 2581.28 1125.17
6 1585.44 2560.26 1495.23 2587.33 1528.49 2472.67 1535.43 2479.80 1539.87 2525.72 1546.99 2526.65
12 2042.83 2617.15 2031.92 2644.45 2013.63 2640.55 1995.04 2639.17 2005.22 2626.80 2019.91 2611.61 1998.40 2609.02 1996.37 2601.86 2003.35 2588.12 2030.80 2567.03 2043.64 2583.92 2040.37 2598.40
10 323.31 2315.36 359.90 2389.97 323.43 2431.50 277.09 2453.98 252.85 2452.18 189.80 2418.51 240.25 2353.14 245.12 2348.91 257.38 2342.79 310.89 2320.12
9 1080.56 175.60 1108.16 140.97 1132.48 142.77 1145.28 146.94 1163.90 164.60 1171.51 180.70 1161.47 211.14 1129.81 223.87 1093.45 222.27
12 1738.79 1555.32 1700.35 1556.76 1690.09 1538.59 1684.23 1525.87 1665.12 1566.18 1683.45 1524.92 1667.26 1509.57 1671.70 1500.33 1658.64 1468.36 1713.35 1482.64 1716.29 1491.94 1743.59 1478.61
11 1703.38 1786.10 1742.30 1773.13 1802.35 1778.05 1817.98 1790.19 1840.26 1830.34 1841.71 1855.66 1802.70 1903.53 1756.62 1897.73 1705.38 1884.73 1684.79 1827.29 1687.03 1816.59
9 471.53 1755.04 503.87 1810.44 494.18 1834.24 467.30 1857.36 403.96 1872.53 398.92 1871.67 376.90 1800.68 381.73 1767.73 412.64 1757.30
7 2187.48 2185.03 2229.38 2137.18 2295.78 2164.07 2310.57 2194.29 2290.71 2220.77 2247.93 2255.52 2214.49 2246.40
8 2051.83 1590.18 2002.82 1595.24 1994.80 1597.64 2022.61 1568.91 2012.79 1575.63 2029.10 1523.65 2035.70 1491.45 2078.55 1533.76
11 1446.14 2231.60 1398.04 2212.02 1394.36 2206.95 1390.69 2191.85 1391.79 2184.40 1410.85 2168.53 1426.05 2157.47 1447.78 2153.87 1469.39 2162.26 1486.80 2190.84 1464.40 2231.38
11 2147.99 2056.36 2117.92 2048.94 2106.02 2031.49 2087.27 1998.50 2086.00 1977.91 2115.42 1954.92 2147.88 1958.64 2163.01 1967.36 2184.95 1986.49 2186.29 2027.23 2160.93 2048.57
