Small_15_A
912.92 292.10
818.69 1207.93
4 0.00 0.00 1600.00 0.00 1600.00 1600.00 0.00 1600.00
15
9 486.22 1001.13 489.28 1022.50 479.25 1045.63 441.44 1058.77 431.62 1055.62 423.09 1039.77 413.09 1020.96 428.15 1009.30 465.89 1001.71
10 1130.62 1186.42 1138.13 1168.26 1156.82 1156.87 1204.67 1136.96 1222.47 1142.95 1234.72 1152.40 1244.31 1199.91 1241.89 1213.26 1206.87 1246.86 1156.03 1238.83
7 301.84 205.50 243.28 178.10 269.12 135.39 307.26 114.53 317.06 117.89 348.15 180.37 332.15 204.43
9 689.84 808.93 712.43 731.49 744.14 711.55 785.11 701.00 829.48 716.30 846.79 798.66 831.41 848.39 749.92 872.96 739.55 862.68
10 751.57 1033.30 766.21 1009.76 783.34 1003.40 811.73 997.28 820.31 1001.69 826.34 1015.49 830.65 1042.02 819.28 1055.42 781.21 1065.83 766.55 1058.95
10 412.53 368.13 377.23 290.67 416.10 258.29 446.66 243.77 473.15 235.56 516.24 291.09 527.06 310.55 526.64 355.89 457.49 377.82 423.79 371.10
7 286.04 581.47 316.19 506.22 364.73 510.42 431.49 557.28 421.15 610.98 390.23 646.59 316.11 630.33
10 1221.92 561.14 1230.73 527.08 1275.94 482.46 1330.02 504.50 1363.20 537.39 1364.30 566.93 1324.26 609.67 1269.84 633.67 1258.34 624.38 1228.48 576.71
7 663.25 1121.01 731.47 1084.11 762.90 1095.53 769.45 1108.59 754.30 1156.43 739.73 1192.55 697.51 1191.34
6 892.24 911.00 902.99 953.50 870.23 981.71 835.93 975.56 834.98 936.05 842.16 912.77
11 1347.94 204.59 1292.91 238.30 1280.35 235.53 1257.92 219.67 1247.81 202.75 1255.89 162.12 1288.52 147.71 1291.14 147.17 1318.37 142.21 1327.37 158.05 1331.50 167.41
12 160.64 1212.53 185.53 1213.29 197.57 1221.38 237.53 1251.81 228.31 1302.52 194.25 1337.63 143.50 1358.01 131.11 1358.41 91.07 1322.75 91.54 1270.50 104.43 1224.14 119.70 1214.37
7 965.91 825.95 915.57 789.54 924.91 749.08 952.61 736.20 988.93 752.00 1005.41 777.40 988.16 817.62
11 491.85 560.67 489.93 502.68 497.89 490.80 499.78 489.50 537.77 481.24 552.92 491.88 561.15 523.79 561.58 549.19 555.79 561.53 527.78 563.92 513.24 563.21
9 818.54 381.38 822.60 342.25 837.01 332.02 862.61 328.79 882.10 330.59 896.66 356.98 887.54 381.94 858.45 397.82 834.18 397.18
