Small_15_C
1039.59 559.58
985.43 1211.61
4 0.00 0.00 1600.00 0.00 1600.00 1600.00 0.00 1600.00
15
15 1092.22 975.32 1022.34 968.57 1029.28 1001.79 1002.10 989.18 953.54 1017.72 921.08 980.26 981.66 942.45 977.89 915.05 969.24 873.04 972.29 877.18 1004.21 868.85 1042.07 890.82 1080.19 947.79 1026.06 951.57 1081.99 951.46
9 677.61 1355.42 655.65 1365.41 649.72 1368.66 646.41 1347.71 609.15 1323.92 630.30 1317.20 657.98 1254.79 702.45 1259.34 698.56 1273.73
12 1400.89 885.78 1417.85 940.77 1330.00 902.61 1293.12 885.97 1305.08 880.07 1325.60 866.89 1309.14 855.45 1384.73 857.07 1413.57 838.90 1439.14 823.96 1446.94 834.31 1417.32 854.24
15 1414.00 540.53 1430.96 554.61 1400.30 547.65 1389.90 591.09 1369.28 556.81 1323.71 554.30 1347.43 541.30 1349.58 536.97 1308.32 531.72 1307.11 524.25 1328.98 506.14 1382.11 510.21 1384.52 520.96 1422.80 481.34 1413.51 505.09
10 960.32 221.39 963.23 237.22 952.93 237.67 896.34 209.13 918.91 178.08 934.24 178.46 948.67 188.84 954.21 200.38 978.46 190.31 964.36 200.11
9 398.64 1154.21 416.96 1177.20 399.22 1157.83 369.01 1170.19 373.95 1143.63 373.16 1117.06 400.59 1091.36 410.19 1115.22 422.29 1121.43
12 278.55 512.76 280.77 533.70 241.79 532.03 206.27 552.81 196.22 568.10 186.85 519.83 152.12 523.34 210.97 471.99 228.15 465.37 232.03 452.50 254.20 463.14 270.71 494.45
8 170.82 838.69 172.31 783.37 160.03 776.49 161.63 740.94 195.23 763.70 205.49 766.56 245.85 775.92 206.62 784.38
14 792.93 401.53 802.41 403.46 811.96 412.79 812.17 417.32 809.26 426.47 808.61 434.54 800.82 439.46 756.79 409.20 747.79 396.97 782.93 359.54 789.90 390.64 823.49 385.54 823.84 396.34 826.64 399.15
11 610.69 344.32 588.75 320.96 571.56 343.67 578.69 313.45 585.19 310.18 589.41 298.87 600.13 261.82 609.01 288.21 622.07 271.37 610.02 297.34 607.86 299.57
9 547.05 808.67 499.98 828.38 497.28 813.21 509.78 801.11 513.50 788.65 502.96 774.01 500.81 770.56 514.62 782.09 527.03 787.07
13 831.10 993.74 816.02 1050.53 801.62 1019.12 804.14 1062.76 764.78 991.69 744.33 988.51 715.27 928.05 773.66 937.98 780.25 933.15 793.34 958.62 805.62 928.78 811.56 923.12 862.15 949.22
8 595.84 499.31 577.98 511.75 543.09 520.14 557.12 499.50 549.46 490.93 542.48 475.86 569.53 474.91 574.19 483.73
13 1401.50 324.58 1424.27 342.98 1406.90 334.61 1369.10 335.98 1368.63 327.37 1319.46 338.84 1349.59 319.69 1312.35 319.54 1320.78 298.26 1360.12 296.68 1376.59 263.93 1385.24 282.32 1402.27 296.94
14 510.53 1237.44 525.45 1251.27 508.97 1252.30 489.22 1282.35 488.70 1273.47 462.07 1261.47 460.82 1239.86 486.46 1225.43 497.02 1213.92 506.47 1177.39 539.84 1193.72 510.23 1222.93 518.63 1218.19 537.83 1219.11
