Small_25_B
1334.17 345.30
669.49 1004.43
4 0.00 0.00 2000.00 0.00 2000.00 2000.00 0.00 2000.00
25
8 545.62 631.10 583.32 569.73 578.70 544.99 646.07 548.62 646.07 583.19 642.53 589.39 682.56 592.02 682.77 592.44
10 1445.99 417.77 1443.89 495.74 1424.97 503.83 1402.77 506.84 1355.84 510.79 1323.40 503.26 1316.30 491.70 1342.59 412.62 1359.74 396.83 1398.66 397.45
15 745.38 730.78 732.27 741.54 685.69 754.50 692.92 734.16 665.65 741.75 679.30 730.20 696.17 703.97 688.68 701.72 716.38 703.39 677.23 690.60 704.97 667.99 727.76 692.95 693.99 645.69 727.68 673.97 748.45 689.10
11 1730.60 203.41 1673.06 233.49 1668.66 207.55 1645.90 186.58 1638.35 159.83 1624.76 136.96 1660.08 147.85 1690.41 146.20 1716.13 115.87 1702.13 153.65 1725.62 156.57
7 1623.67 632.50 1589.37 668.25 1569.58 652.10 1528.87 612.32 1557.78 580.18 1602.09 573.60 1621.22 608.01
9 327.53 307.81 325.94 311.86 333.37 334.26 322.53 355.50 318.36 348.56 295.20 308.45 295.78 257.74 370.94 292.33 354.38 295.60
15 848.20 770.77 854.26 777.68 844.69 785.81 835.52 809.46 833.69 786.24 823.51 775.53 813.97 775.59 822.95 763.28 818.83 758.49 801.04 755.33 789.43 743.23 843.39 724.24 850.70 735.00 880.72 738.80 849.93 753.59
9 845.16 431.63 911.12 387.54 914.81 388.33 973.11 410.49 992.69 450.92 990.14 532.01 945.24 559.22 889.96 555.11 855.64 527.76
9 485.79 1636.80 519.20 1698.44 504.78 1760.30 478.77 1767.44 416.69 1756.11 405.52 1691.01 404.51 1664.51 440.24 1640.10 456.43 1635.27
7 228.66 366.86 257.96 326.49 298.77 334.90 304.19 351.66 305.71 366.71 262.58 382.27 243.49 384.92
7 1696.23 1765.06 1725.78 1819.00 1723.21 1834.08 1709.08 1847.60 1638.40 1850.97 1641.21 1791.97 1654.21 1763.27
8 426.39 451.39 421.43 438.39 349.87 434.51 418.15 353.60 458.48 376.44 451.27 384.94 452.40 393.57 461.48 394.82
12 1320.54 546.80 1305.29 573.31 1297.45 554.58 1288.68 564.90 1267.16 560.71 1280.16 549.61 1283.35 540.90 1268.23 525.10 1272.27 510.42 1295.43 528.45 1291.69 513.88 1303.50 507.26
6 1190.19 911.28 1214.78 945.63 1186.86 932.72 1153.40 974.31 1122.83 889.84 1131.54 867.19
9 1696.84 560.38 1683.54 559.90 1654.10 543.60 1638.85 530.13 1640.15 516.69 1656.17 501.95 1699.73 510.36 1714.48 514.90 1712.37 530.07
9 1435.94 1748.30 1410.56 1759.59 1386.92 1747.42 1369.81 1759.04 1336.50 1750.22 1350.52 1735.45 1358.06 1683.92 1374.58 1707.04 1412.34 1713.91
10 1026.91 1723.89 975.79 1723.67 1008.63 1791.96 958.35 1742.15 927.72 1722.17 907.60 1720.81 895.97 1686.80 920.20 1641.50 966.30 1669.11 973.75 1686.47
8 1661.08 1232.38 1639.60 1254.42 1589.51 1238.37 1579.10 1218.38 1590.71 1193.14 1606.45 1177.25 1629.79 1173.12 1658.37 1208.76
9 1334.64 1024.62 1304.75 942.97 1339.11 925.20 1385.00 932.15 1401.47 959.50 1413.39 985.12 1406.66 999.52 1398.67 1010.31 1391.97 1012.32
8 272.94 1027.10 218.28 1023.69 216.62 1041.21 221.27 1061.69 118.38 966.37 201.80 953.55 211.01 1001.29 215.29 1003.50
9 504.49 190.42 482.33 189.25 475.45 194.51 465.75 194.02 465.58 188.12 441.62 202.79 458.77 157.85 477.34 145.45 480.90 150.53
8 1834.36 354.59 1796.35 390.07 1771.75 365.25 1760.74 354.00 1755.45 328.42 1794.93 316.89 1817.85 316.64 1832.43 322.47
14 860.68 396.52 815.75 390.83 816.87 376.51 795.73 372.02 806.21 341.25 791.89 330.63 821.05 341.33 837.18 334.13 853.65 338.10 863.02 327.33 875.78 312.71 870.03 321.45 876.45 331.06 867.23 337.16
8 271.82 751.86 235.72 767.74 182.16 790.36 210.50 733.64 208.66 706.20 268.75 713.67 261.74 729.72 270.98 730.20
10 1181.70 1531.93 1169.68 1464.76 1184.53 1440.95 1194.20 1430.99 1220.50 1429.35 1255.56 1442.97 1275.94 1485.50 1267.28 1503.03 1227.80 1532.69 1205.04 1536.35
