Small_25_C
713.23 225.96
399.89 1474.59
4 0.00 0.00 2000.00 0.00 2000.00 2000.00 0.00 2000.00
25
8 1823.02 1539.68 1829.27 1541.25 1800.29 1576.76 1806.09 1548.50 1798.29 1553.87 1792.59 1553.29 1806.76 1519.76 1834.26 1515.84
12 803.92 256.91 809.61 267.21 773.59 269.15 788.87 319.77 784.83 318.15 775.17 303.69 732.37 282.81 740.46 250.13 776.99 171.04 773.27 238.94 848.03 237.02 817.09 252.00
7 1274.06 586.19 1240.77 638.01 1207.94 649.31 1239.07 591.96 1204.37 558.13 1227.10 546.36 1321.34 558.98
13 833.38 1327.28 821.65 1331.80 807.68 1318.73 802.55 1324.19 781.09 1318.31 796.80 1305.86 797.88 1301.23 797.67 1295.31 809.42 1271.12 819.38 1296.34 832.43 1292.39 851.77 1295.46 832.78 1301.30
6 1599.51 723.97 1578.86 732.55 1540.56 675.59 1540.86 660.97 1605.01 635.27 1675.87 680.56
6 431.90 1828.85 371.46 1809.53 362.77 1792.25 401.61 1748.95 419.75 1762.78 434.56 1757.41
5 1575.56 1830.63 1571.78 1855.29 1568.50 1850.93 1547.38 1795.29 1582.68 1786.41
9 718.91 649.04 689.21 667.96 680.24 642.05 643.71 661.20 650.09 627.88 604.19 608.43 624.98 590.09 657.13 611.09 668.24 571.32
15 1830.69 369.99 1779.16 350.40 1756.76 391.66 1752.89 365.58 1752.65 348.24 1693.55 338.38 1722.61 298.31 1743.48 296.58 1748.60 304.63 1749.98 302.57 1763.76 315.68 1770.80 294.60 1812.28 294.84 1820.32 327.85 1803.54 333.65
9 1344.40 1129.66 1380.14 1148.49 1308.52 1141.31 1244.21 1122.62 1263.79 1104.37 1278.64 1078.10 1311.89 1092.83 1334.15 1058.88 1380.92 1114.90
12 545.63 1295.60 515.14 1309.32 495.18 1305.14 442.27 1287.54 432.63 1256.45 451.78 1259.25 426.47 1243.56 415.44 1225.83 447.98 1244.79 546.41 1241.29 557.67 1241.47 540.43 1262.71
7 941.23 221.52 923.66 200.18 918.24 192.98 936.71 200.19 940.90 189.90 943.45 162.75 959.13 201.06
9 1201.51 1728.14 1183.00 1721.28 1186.95 1723.59 1154.58 1734.36 1138.40 1723.10 1143.72 1706.59 1151.50 1696.67 1183.51 1702.14 1212.53 1710.60
11 1496.69 937.52 1506.90 951.56 1481.93 985.91 1475.85 983.00 1426.98 970.34 1447.69 929.40 1446.35 922.81 1469.79 896.02 1489.67 905.83 1507.00 913.26 1489.13 923.56
5 745.21 794.10 744.77 796.10 743.48 786.31 739.26 777.24 739.68 684.76
6 1863.40 357.97 1881.45 361.54 1868.02 366.59 1861.51 373.11 1843.26 338.76 1850.83 348.34
6 469.19 412.04 446.88 407.46 385.10 446.50 376.94 380.30 350.92 380.56 317.53 329.68
6 582.48 1722.82 567.84 1692.84 597.95 1656.25 599.36 1678.34 619.87 1680.16 629.16 1687.73
15 261.11 1106.58 250.52 1145.43 235.20 1161.06 239.82 1114.88 202.19 1129.83 231.02 1106.15 230.01 1101.57 219.44 1056.37 237.83 1058.13 238.41 1060.64 248.81 1060.80 249.21 1049.78 277.39 1053.78 263.29 1081.96 274.94 1091.09
12 858.04 1439.57 812.37 1480.02 797.99 1425.11 785.45 1430.96 711.38 1416.70 731.70 1387.01 743.16 1379.59 739.41 1333.14 779.90 1352.05 793.15 1378.90 799.26 1381.38 823.37 1377.62
9 432.63 1182.93 399.47 1190.57 363.50 1202.55 340.01 1175.40 333.09 1153.74 349.84 1131.70 373.15 1138.00 394.50 1122.31 422.55 1126.18
5 1252.49 1851.17 1259.01 1855.54 1251.09 1855.85 1203.03 1837.08 1230.02 1805.78
11 854.43 486.28 838.19 475.41 816.98 454.87 814.88 423.37 827.90 430.54 822.67 420.07 840.57 432.71 847.39 400.83 847.86 403.37 858.43 440.89 877.40 443.60
13 335.50 492.49 363.67 512.28 337.36 509.67 280.56 547.86 284.37 495.17 256.85 466.49 289.58 459.04 302.35 467.20 320.42 467.81 328.18 459.69 332.04 473.55 321.19 486.69 332.82 487.70
7 1556.57 541.67 1552.35 552.23 1536.38 552.40 1527.56 518.28 1529.29 517.04 1551.74 495.58 1558.47 495.73
