Small_35_C
226.25 1248.63
1105.84 516.78
4 0.00 0.00 2400.00 0.00 2400.00 2400.00 0.00 2400.00
35
12 2146.48 876.44 2141.44 878.22 2139.98 882.55 2131.67 901.37 2099.70 889.84 2100.49 883.93 2090.87 841.30 2119.86 847.01 2123.63 856.65 2153.56 831.37 2137.58 863.59 2152.32 857.33
15 1241.42 1369.06 1264.49 1389.36 1258.62 1387.70 1230.44 1415.86 1175.10 1392.69 1158.48 1350.90 1179.40 1341.93 1164.94 1330.67 1204.32 1352.74 1198.84 1309.91 1205.90 1326.07 1214.84 1345.38 1222.98 1351.75 1273.05 1350.58 1254.64 1356.40
10 1580.67 1634.84 1559.08 1649.54 1557.14 1640.58 1554.23 1668.10 1530.31 1615.42 1532.49 1604.79 1526.22 1576.88 1537.03 1581.10 1566.42 1577.30 1589.08 1605.39
7 1394.82 1595.11 1344.21 1593.24 1318.95 1566.43 1316.04 1563.52 1335.41 1536.36 1328.14 1521.16 1389.33 1539.17
11 1303.74 1648.84 1230.48 1660.93 1232.61 1655.75 1197.16 1618.79 1218.68 1627.29 1235.39 1606.30 1241.70 1611.65 1251.55 1611.56 1263.45 1624.15 1298.67 1616.63 1301.14 1641.44
11 561.16 894.08 552.07 891.66 524.25 930.83 519.74 889.36 474.24 881.92 510.11 874.63 506.78 863.07 472.32 845.27 494.21 825.46 529.98 849.67 542.14 851.76
7 1620.71 2047.00 1596.16 2062.92 1515.24 2032.94 1561.56 1943.75 1601.83 1980.27 1603.08 1986.44 1613.93 1980.71
9 436.24 1694.62 416.61 1720.53 398.68 1660.45 404.14 1627.09 429.09 1647.26 415.63 1665.96 420.40 1667.92 414.31 1671.41 436.67 1669.86
8 1342.58 733.00 1344.64 742.67 1308.19 733.75 1260.07 714.28 1306.85 697.14 1295.42 655.08 1357.92 665.14 1357.75 704.68
13 611.18 1802.06 607.73 1799.77 628.28 1820.12 599.05 1811.88 589.10 1798.59 556.47 1802.43 577.93 1745.02 588.45 1755.39 588.36 1753.91 609.24 1748.17 602.96 1780.18 623.74 1772.64 635.14 1770.23
7 1867.83 601.30 1808.82 617.92 1800.99 606.90 1787.99 563.78 1820.96 568.88 1831.88 546.50 1828.12 572.32
6 1667.37 1610.71 1625.61 1674.72 1595.87 1668.89 1619.83 1544.93 1637.00 1549.09 1680.07 1608.64
13 1798.85 1055.32 1794.80 1069.24 1721.86 1013.33 1717.29 1005.42 1744.21 979.38 1759.83 1017.80 1760.82 997.63 1767.09 984.91 1775.48 1005.57 1769.73 1017.81 1785.45 1000.66 1804.86 1005.32 1783.91 1018.42
13 1176.82 1124.84 1181.87 1141.90 1122.39 1150.29 1084.42 1178.62 1082.08 1177.94 1039.76 1163.91 1064.61 1137.65 1065.90 1115.52 1032.14 1103.31 1075.87 1102.49 1077.58 1102.19 1107.08 1055.07 1152.35 1086.72
13 674.33 1636.32 669.43 1669.66 651.61 1629.56 597.68 1641.77 625.54 1617.26 626.76 1615.53 600.51 1606.51 628.90 1603.44 629.38 1586.07 631.59 1574.59 655.73 1577.73 693.64 1604.60 674.99 1612.44
10 1304.44 2079.46 1293.60 2060.46 1292.15 2056.09 1270.66 2038.81 1246.00 2019.42 1262.45 2018.23 1274.17 2008.13 1300.74 2024.19 1307.36 2026.49 1310.57 2030.23
14 1082.64 2077.47 1071.27 2078.64 1064.14 2108.58 1054.66 2086.83 1049.34 2086.77 1042.12 2090.29 1041.38 2090.88 1012.30 2092.30 1008.01 2069.58 1032.57 2056.05 1062.46 2038.07 1061.69 2047.34 1068.58 2037.38 1062.70 2065.40
5 1101.85 1640.12 1113.73 1665.28 1059.38 1701.32 1017.89 1634.30 1118.60 1600.92
6 1306.83 1833.08 1222.31 1863.85 1216.31 1851.60 1272.02 1766.36 1290.68 1785.85 1308.31 1788.69
10 534.08 668.23 476.65 663.81 466.56 714.20 463.70 688.38 423.06 686.05 468.52 592.56 491.50 585.38 473.56 624.95 503.18 611.30 524.40 617.11
8 2114.42 651.38 2082.95 612.56 2091.48 603.01 2060.28 577.56 2068.71 567.44 2095.75 553.82 2140.61 574.09 2193.14 559.45
8 1885.77 370.52 1885.25 371.03 1860.53 336.13 1809.25 315.11 1849.10 288.51 1858.21 300.33 1863.75 282.26 1884.77 291.26
11 1649.23 568.93 1625.07 515.72 1614.00 509.66 1636.97 509.31 1623.77 492.16 1644.37 513.95 1634.99 490.18 1662.23 488.48 1674.50 503.52 1686.50 502.64 1706.65 517.36
8 1235.95 694.16 1219.23 695.60 1227.28 675.81 1211.34 674.14 1234.44 654.86 1242.82 635.20 1246.14 649.11 1257.92 647.82
14 1707.98 1836.05 1731.23 1858.76 1713.35 1865.03 1684.64 1867.94 1671.55 1857.25 1676.08 1839.03 1673.74 1831.61 1643.86 1815.32 1671.13 1794.15 1690.21 1815.39 1698.72 1799.71 1723.13 1801.28 1731.89 1798.72 1716.86 1823.92
7 2016.65 1473.47 1982.69 1436.11 1953.93 1419.14 1986.94 1404.78 2006.69 1372.18 2008.38 1383.33 2016.88 1399.57
14 384.64 1533.15 372.68 1527.67 361.53 1557.53 312.28 1538.17 320.52 1512.27 311.78 1502.11 304.22 1493.77 323.95 1492.84 336.88 1495.15 337.99 1482.42 349.98 1471.21 359.03 1488.35 382.39 1475.11 402.45 1494.02
13 270.08 1825.85 247.82 1812.43 234.82 1816.20 215.77 1845.44 197.64 1823.49 206.05 1794.93 228.63 1796.72 223.88 1770.10 224.88 1762.48 235.83 1782.47 240.53 1759.49 242.53 1788.16 271.85 1788.34
11 1099.96 1013.95 1079.52 1037.13 1037.92 1023.28 1001.60 1033.11 974.10 1047.49 971.96 1016.65 961.53 1011.69 984.40 943.79 1008.86 939.94 1014.48 959.67 1026.93 953.79
9 1767.86 191.56 1747.11 251.64 1746.43 155.84 1778.43 126.23 1790.76 133.76 1803.80 145.00 1760.19 175.70 1765.34 181.57 1784.15 184.90
14 505.61 518.91 496.36 520.60 512.83 539.46 505.74 539.82 479.53 545.99 471.09 520.71 456.12 540.64 450.14 537.74 425.26 527.00 455.80 508.00 430.14 507.14 426.21 487.19 501.82 464.71 515.80 501.41
6 1958.08 607.95 1969.31 636.70 1943.80 615.00 1889.71 612.66 1890.48 573.61 1958.69 565.22
5 823.69 1080.96 763.34 1079.57 697.99 1083.15 705.30 1048.59 795.32 1038.91
5 1302.85 1321.58 1271.46 1313.39 1235.72 1312.27 1256.02 1308.01 1326.78 1286.86
9 2129.93 699.78 2134.59 703.04 2075.36 713.15 2096.35 699.80 2084.51 691.31 2084.81 677.27 2102.67 665.75 2108.49 674.19 2128.20 665.25
