Small_35_B
1487.07 1491.30
236.90 174.54
4 0.00 0.00 2400.00 0.00 2400.00 2400.00 0.00 2400.00
35
13 1860.14 2045.48 1844.42 2095.72 1832.07 2063.74 1830.83 2052.05 1824.52 2074.23 1828.12 2059.80 1769.83 2079.55 1814.80 2039.72 1786.98 2004.24 1801.17 2002.35 1794.16 1980.68 1877.40 2005.44 1894.51 2027.33
10 604.36 1070.31 628.23 1111.38 595.63 1121.09 555.20 1076.86 548.14 1080.60 568.23 1047.88 533.57 1018.02 548.87 1000.79 628.75 1051.42 625.97 1056.30
7 291.74 1370.20 303.81 1404.10 299.08 1420.03 280.55 1418.94 220.54 1385.41 231.49 1372.70 242.00 1370.96
6 253.28 991.81 237.04 1027.98 193.94 1018.63 155.27 949.57 209.42 940.18 226.35 940.07
13 1909.75 971.66 1923.32 924.58 1962.62 921.73 1965.91 921.83 1992.69 931.92 1999.89 938.47 2001.02 957.21 2000.06 963.08 1992.69 979.95 1965.84 1010.73 1947.98 1011.63 1917.68 998.56 1911.74 988.68
11 1037.05 750.74 1022.94 748.63 1007.31 724.00 1004.49 716.37 1007.61 707.49 1017.36 690.46 1029.93 682.93 1052.89 680.58 1072.58 699.61 1070.02 738.00 1051.60 750.11
9 1392.37 259.33 1416.65 203.10 1449.26 192.60 1451.79 191.92 1480.72 195.14 1515.74 263.14 1512.64 277.23 1488.87 287.52 1426.41 284.23
12 1566.26 1092.86 1531.91 1065.88 1560.74 1105.67 1507.25 1093.22 1494.69 1099.65 1480.13 1090.74 1458.97 1096.84 1472.85 1061.82 1488.45 1018.89 1519.96 1033.40 1531.28 1029.49 1529.53 1047.44
12 1988.79 1836.17 1975.61 1837.18 1938.55 1862.72 1875.70 1832.66 1872.05 1833.81 1902.40 1818.56 1852.21 1826.27 1852.91 1816.90 1899.44 1769.13 1929.92 1784.35 1994.08 1766.52 1984.32 1793.34
9 938.08 639.57 896.83 646.10 897.15 641.94 904.48 583.81 905.25 582.31 868.71 515.65 882.14 519.30 923.13 519.90 992.40 575.43
7 712.30 1855.68 718.07 1867.14 675.58 1878.65 662.22 1802.18 652.64 1794.60 679.06 1790.89 725.39 1785.90
13 1468.54 2133.37 1470.04 2141.97 1467.95 2156.69 1447.69 2144.64 1428.74 2197.40 1432.89 2152.06 1429.70 2130.57 1405.01 2109.69 1424.08 2090.49 1428.42 2089.43 1475.33 2103.87 1486.68 2109.41 1478.03 2120.19
8 1857.47 845.94 1806.74 879.93 1755.43 861.30 1725.56 833.55 1734.61 807.65 1791.35 732.43 1814.70 737.14 1849.31 799.04
7 442.72 1450.48 427.98 1434.76 409.65 1405.44 396.96 1382.80 420.25 1403.68 422.08 1373.82 435.56 1370.27
10 2197.62 584.78 2237.24 584.25 2252.18 617.62 2256.81 630.88 2226.66 655.75 2211.46 659.70 2194.13 650.72 2178.40 618.70 2178.11 613.45 2179.20 606.38
8 1104.20 1717.04 1139.52 1683.14 1165.52 1693.29 1174.82 1704.92 1179.82 1736.10 1170.28 1747.52 1151.67 1760.12 1127.37 1755.77
8 2167.16 1611.10 2137.92 1540.36 2176.95 1534.64 2203.98 1549.62 2215.14 1496.08 2224.78 1505.60 2238.65 1529.19 2254.52 1549.97
7 195.62 2255.84 286.41 2171.27 357.27 2201.45 349.62 2248.11 344.91 2274.71 290.74 2322.47 215.72 2271.72
9 2190.27 1190.02 2153.44 1142.58 2187.07 1087.50 2228.70 1065.63 2257.34 1056.75 2306.13 1103.28 2320.41 1125.06 2292.18 1199.87 2232.73 1234.96
14 1940.77 1155.86 1936.73 1166.63 1930.01 1155.79 1918.75 1153.85 1897.85 1151.49 1888.13 1150.61 1903.49 1146.68 1900.28 1123.61 1901.45 1120.96 1921.15 1107.79 1950.86 1114.38 1952.68 1124.05 1954.58 1135.03 1940.85 1146.49
7 1440.27 1561.36 1401.80 1605.41 1295.55 1562.13 1305.84 1507.43 1317.13 1513.79 1319.90 1508.39 1390.14 1523.13
9 388.79 418.35 407.42 359.93 472.40 342.46 507.71 385.47 490.32 466.22 473.46 488.73 451.03 497.05 427.14 492.22 394.14 472.89
14 1680.29 417.48 1697.00 420.67 1671.83 443.06 1643.51 434.66 1624.73 457.94 1621.71 427.53 1576.46 429.94 1560.12 404.11 1608.67 399.30 1590.67 364.72 1608.10 379.19 1602.36 355.72 1613.02 358.24 1655.95 409.74
13 1822.47 1303.31 1773.67 1329.42 1771.01 1327.51 1751.13 1281.72 1716.66 1281.23 1748.75 1271.81 1704.20 1265.36 1724.27 1266.63 1723.89 1258.60 1743.69 1224.73 1775.81 1212.55 1823.47 1254.22 1796.08 1264.81
9 700.46 1466.42 708.07 1379.27 721.01 1354.33 752.19 1354.37 829.97 1388.22 825.89 1400.25 793.96 1449.43 781.41 1463.96 760.25 1468.46
13 731.10 795.04 710.61 826.83 686.31 798.53 663.24 813.14 657.77 797.19 638.90 779.78 649.82 767.45 679.42 762.97 669.78 741.29 700.13 761.43 705.38 752.80 700.00 765.61 698.46 773.29
10 1428.97 1441.44 1400.91 1428.66 1376.47 1397.27 1354.49 1359.10 1380.42 1322.11 1433.40 1308.84 1468.19 1330.57 1480.73 1342.43 1480.47 1362.83 1467.56 1413.18
9 531.03 1569.75 538.72 1525.06 573.22 1495.50 638.92 1535.38 653.96 1550.27 656.31 1554.04 619.48 1603.05 599.61 1617.91 533.51 1572.85
12 2131.55 1368.37 2106.06 1351.61 2079.30 1286.07 2074.33 1243.48 2108.44 1223.85 2136.90 1220.94 2207.78 1229.09 2230.93 1260.60 2236.12 1276.48 2239.51 1289.54 2194.25 1352.74 2155.12 1363.92
13 368.97 1685.20 353.99 1678.51 339.02 1706.71 323.42 1713.97 269.42 1686.51 269.66 1684.45 294.90 1670.52 292.57 1652.90 296.48 1614.63 326.24 1627.47 328.25 1641.71 363.79 1613.19 367.93 1623.44
15 2092.75 2000.91 2081.37 2021.59 2079.57 2031.11 2060.37 2028.29 2044.21 2026.19 2050.68 2002.76 2045.00 2003.71 2024.13 2009.31 2054.72 1999.44 2026.38 2000.25 2039.82 1976.89 2054.20 1966.91 2070.68 1964.32 2084.46 1982.51 2076.40 1990.22
10 709.21 2121.91 707.21 2104.68 712.01 2073.86 730.83 2060.07 778.93 2050.28 789.66 2053.82 823.37 2075.42 837.22 2095.50 826.20 2138.29 767.00 2176.55
14 2193.25 1015.84 2183.18 1021.27 2141.46 1043.44 2108.10 1023.62 2134.37 1004.26 2104.44 1000.58 2100.04 982.29 2105.83 982.37 2119.08 957.32 2136.56 933.74 2144.72 974.84 2195.96 956.85 2174.89 979.67 2176.30 987.10
6 913.06 1581.35 902.47 1553.06 872.29 1527.61 929.01 1537.57 942.71 1515.76 958.98 1542.80
12 500.69 1566.92 439.31 1569.14 402.34 1564.23 340.25 1557.54 325.73 1558.70 391.88 1542.09 353.74 1494.50 382.73 1511.52 404.51 1521.73 395.67 1451.46 450.50 1508.07 453.69 1522.81
