Medium_500_C
1996.76 8951.98
674.00 4348.59
4 0.00 0.00 9200.00 0.00 9200.00 9200.00 0.00 9200.00
500
14 7638.24 4824.98 7611.22 4816.40 7618.95 4836.26 7592.76 4826.16 7589.73 4853.91 7575.59 4807.54 7575.06 4804.72 7555.61 4778.56 7578.87 4791.34 7569.93 4766.03 7594.89 4766.09 7598.84 4765.91 7627.10 4794.08 7613.30 4801.95
14 3089.24 5293.96 3091.75 5282.90 3079.74 5294.50 3038.74 5257.56 3031.62 5254.33 3059.76 5252.66 3051.40 5248.98 3050.15 5235.80 3062.52 5233.31 3091.83 5231.55 3122.99 5193.18 3113.49 5231.52 3108.67 5241.08 3134.40 5215.19
13 6657.13 5951.32 6636.46 5951.01 6647.34 5962.44 6627.15 5984.03 6613.18 5992.21 6571.66 5959.20 6531.34 5922.73 6534.30 5868.84 6585.63 5904.87 6609.44 5894.38 6616.68 5896.53 6635.44 5888.19 6653.76 5913.42
14 4496.34 531.19 4458.10 564.80 4451.88 525.65 4441.27 539.62 4423.29 553.90 4427.80 543.69 4420.66 511.26 4434.98 507.20 4419.23 480.74 4454.51 477.64 4459.79 478.31 4477.00 467.96 4484.28 482.19 4502.21 497.62
11 3542.14 4994.34 3506.20 4981.18 3522.63 4999.32 3510.71 5003.10 3459.01 5017.28 3441.11 4958.82 3441.47 4920.68 3471.24 4934.14 3484.07 4948.89 3525.02 4928.50 3534.02 4948.18
9 3226.41 324.18 3186.79 344.14 3191.15 314.49 3169.90 334.11 3152.23 286.07 3173.17 285.95 3165.65 277.78 3211.42 279.51 3209.39 287.50
10 2991.75 627.87 3000.98 644.29 3014.81 676.64 2981.19 680.93 2946.48 654.10 2919.80 648.95 2915.21 646.56 2971.98 604.58 2983.80 596.91 3017.26 616.28
14 6298.10 8333.32 6282.14 8346.00 6248.90 8376.23 6250.63 8339.39 6209.24 8320.54 6205.81 8318.92 6258.89 8317.26 6242.66 8270.49 6276.49 8296.81 6317.58 8266.35 6327.38 8294.04 6329.43 8305.92 6293.93 8322.20 6312.90 8324.46
6 4101.00 1349.92 4044.70 1352.79 4041.09 1350.54 4023.91 1324.26 4075.32 1329.69 4084.40 1333.73
8 7128.92 8829.90 7093.75 8821.91 7076.07 8842.39 7070.51 8846.38 7067.88 8802.64 7111.16 8798.03 7114.22 8802.25 7134.44 8792.10
11 1891.38 1816.87 1873.47 1801.13 1854.93 1797.38 1845.54 1811.26 1842.32 1803.95 1834.41 1802.76 1837.25 1799.09 1836.84 1783.46 1843.37 1768.67 1851.27 1761.64 1871.19 1764.85
5 2884.90 3466.68 2809.19 3346.05 2868.69 3364.79 2879.99 3349.07 2917.61 3360.43
14 7304.60 6744.37 7305.10 6750.29 7306.19 6786.23 7306.78 6792.16 7283.67 6766.46 7258.48 6768.52 7244.80 6777.83 7258.68 6766.57 7271.62 6757.72 7278.38 6752.53 7270.84 6732.65 7286.97 6722.93 7302.10 6709.72 7296.20 6729.90
7 2564.38 7820.19 2540.98 7832.55 2512.29 7849.69 2518.25 7813.29 2499.01 7808.99 2476.33 7807.78 2512.11 7790.68
11 5475.77 930.82 5441.34 949.61 5402.46 985.45 5392.75 980.30 5380.46 942.07 5386.24 932.49 5363.16 860.52 5393.87 883.81 5403.09 871.04 5422.46 876.95 5434.75 846.38
10 5589.59 2979.35 5614.34 3014.15 5578.30 2999.59 5548.13 3005.13 5505.03 2974.89 5508.35 2963.61 5560.14 2956.18 5566.71 2945.21 5578.75 2922.19 5602.66 2958.70
12 4017.29 8280.89 3913.50 8292.32 3909.84 8269.00 3916.13 8248.29 3919.38 8211.94 3900.93 8202.15 3933.26 8192.35 3981.54 8132.16 3986.43 8179.74 3988.51 8180.35 4041.31 8189.65 4010.78 8211.35
13 8790.01 670.11 8765.49 667.37 8809.08 702.88 8788.35 695.29 8728.98 687.75 8712.48 628.08 8705.74 611.39 8740.95 637.77 8746.87 640.47 8763.94 615.56 8770.20 637.64 8767.20 641.70 8819.27 636.79
15 2203.51 5519.18 2253.60 5541.00 2174.47 5533.06 2160.15 5533.36 2138.83 5537.81 2098.83 5556.32 2120.64 5542.05 2106.46 5510.93 2146.37 5502.16 2149.99 5493.57 2125.96 5464.81 2207.45 5442.75 2183.20 5493.62 2188.49 5496.43 2227.39 5470.31
15 4282.89 7467.51 4267.49 7468.30 4227.12 7522.60 4212.94 7500.99 4203.42 7493.78 4193.53 7485.98 4175.48 7464.01 4174.32 7422.59 4222.40 7392.62 4249.06 7410.99 4251.95 7403.12 4265.12 7420.92 4262.89 7442.44 4288.94 7422.38 4263.34 7456.56
12 6708.08 7931.87 6716.05 7946.35 6716.80 7961.09 6675.68 7947.61 6665.06 7955.40 6654.84 7956.95 6614.92 7938.55 6634.59 7902.25 6665.66 7896.34 6677.32 7885.80 6689.63 7893.26 6708.70 7900.96
11 7743.40 8660.68 7757.18 8691.35 7715.27 8675.74 7713.53 8717.64 7710.32 8719.18 7676.89 8688.66 7691.70 8663.01 7677.14 8663.86 7720.18 8619.96 7719.23 8644.27 7731.89 8653.33
13 5056.31 3723.70 5054.85 3730.70 5037.05 3735.36 5019.84 3743.56 5010.34 3762.89 5017.49 3735.21 5010.51 3735.60 5016.07 3728.60 5001.58 3710.94 5008.00 3675.10 5040.20 3695.95 5062.03 3700.29 5084.43 3711.08
13 4320.44 4030.73 4302.59 4035.51 4272.19 4051.63 4255.48 4042.07 4253.73 4029.96 4219.29 4025.72 4203.56 4025.01 4254.52 4018.29 4229.46 3989.51 4235.87 3974.02 4258.95 3991.87 4280.44 3929.65 4302.21 3991.86
12 7674.47 3203.16 7678.85 3218.88 7648.99 3201.76 7654.02 3196.50 7633.77 3192.68 7646.35 3180.63 7628.63 3164.38 7652.62 3174.27 7679.35 3151.64 7679.15 3166.41 7685.97 3162.69 7682.86 3190.59
9 3010.89 1053.38 2979.94 1010.97 2965.86 1023.84 2961.53 1010.66 2964.76 962.90 2936.95 931.80 2990.54 938.51 3038.45 951.30 3005.94 975.90
5 8259.93 7335.87 8199.56 7357.78 8178.47 7241.12 8198.50 7204.27 8220.08 7267.75
8 5719.73 3949.44 5684.75 3959.20 5623.11 4003.09 5633.45 3957.12 5640.70 3945.27 5649.93 3893.62 5688.85 3899.18 5695.72 3927.93
9 7052.23 6829.07 7013.97 6851.57 7011.15 6878.29 6991.58 6851.06 6917.14 6813.81 6979.70 6810.34 7008.33 6755.82 7008.66 6791.51 7038.12 6807.81
9 3466.75 1531.91 3474.72 1556.69 3425.83 1595.69 3421.97 1581.21 3370.84 1584.83 3378.39 1522.73 3356.51 1508.55 3355.50 1473.20 3434.09 1469.99
5 2629.55 8337.04 2559.47 8322.86 2572.13 8295.49 2576.59 8303.45 2587.29 8279.94
6 555.49 7595.85 482.69 7574.73 512.30 7544.19 522.65 7536.28 535.29 7526.81 567.59 7513.76
6 6685.75 8481.76 6667.35 8485.74 6629.68 8472.56 6645.06 8451.05 6625.53 8421.99 6671.40 8402.69
8 8716.87 2567.53 8693.40 2557.42 8721.48 2564.99 8692.57 2550.75 8698.72 2548.24 8685.95 2540.23 8711.46 2523.42 8791.82 2564.66
5 4585.33 5154.93 4584.43 5175.86 4502.03 5207.58 4526.78 5121.50 4530.38 5133.47
8 6201.60 790.52 6194.71 767.70 6190.84 754.77 6166.18 752.49 6183.93 746.40 6161.42 731.24 6169.43 712.37 6231.38 731.10
11 3125.55 574.35 3071.56 581.48 3046.71 605.49 3045.46 592.44 3058.26 562.17 3035.93 526.24 3066.32 547.50 3060.53 523.44 3068.72 521.10 3077.22 530.21 3096.19 514.68
15 3093.01 2762.81 3075.08 2786.19 3087.38 2808.09 2987.52 2781.76 3009.33 2715.53 3006.58 2708.79 3034.70 2701.20 3034.27 2693.59 3059.47 2688.84 3060.37 2715.59 3053.46 2741.81 3074.00 2715.20 3088.24 2744.01 3091.14 2758.37 3105.17 2761.30
8 7382.11 4305.84 7366.43 4326.66 7321.82 4338.61 7316.55 4320.04 7315.10 4316.30 7295.90 4285.32 7348.65 4259.09 7365.52 4230.35
8 7315.21 6167.41 7223.42 6115.43 7253.11 6032.37 7285.73 6053.35 7295.26 6041.03 7335.83 6025.88 7353.10 6034.26 7332.77 6081.90
5 6021.38 7625.42 5931.25 7549.31 5989.65 7554.83 6029.97 7513.33 6034.14 7562.81
8 642.02 4187.30 610.77 4174.03 590.10 4144.48 623.33 4154.91 627.39 4143.73 639.06 4159.87 665.56 4146.01 653.66 4163.71
13 1839.01 3050.22 1835.55 3047.26 1838.90 3057.49 1836.37 3081.76 1812.44 3087.60 1786.00 3022.70 1794.86 3007.19 1791.86 2987.66 1811.82 2988.05 1829.75 2985.99 1832.52 2987.86 1861.05 2989.66 1849.85 3007.88
10 1521.37 3883.93 1487.86 3895.90 1454.32 3878.86 1486.46 3848.26 1496.31 3833.55 1526.66 3846.62 1545.69 3842.17 1535.39 3851.68 1546.78 3855.02 1512.30 3859.88
6 3476.57 3629.03 3470.47 3648.28 3435.43 3652.21 3428.38 3624.65 3476.76 3590.60 3496.72 3571.93
13 3044.18 6884.63 2980.92 6873.53 2967.29 6892.63 2972.91 6850.90 2955.82 6885.03 2968.35 6849.21 2928.15 6857.90 2947.95 6842.18 2919.05 6855.97 2963.15 6780.29 3004.83 6797.70 3025.66 6793.64 3053.88 6784.24
8 3057.40 7559.51 3017.04 7559.19 2973.39 7596.44 2959.80 7578.17 2963.84 7565.04 2940.39 7560.75 2974.71 7503.64 2990.40 7525.02
14 4265.65 8059.67 4250.12 8055.88 4243.09 8044.28 4240.28 8047.73 4228.93 8069.34 4194.35 8062.26 4182.30 8028.00 4182.39 7989.59 4219.11 7989.61 4233.79 7991.70 4247.16 7987.92 4247.64 8009.71 4256.87 7973.12 4291.05 8003.78
8 6056.33 694.67 6005.50 697.68 6011.46 682.58 6008.48 640.01 6031.23 656.10 6038.02 621.14 6041.05 646.73 6045.11 663.66
11 1100.18 6444.71 1083.22 6456.62 1073.28 6436.13 1063.83 6461.32 1041.31 6460.56 1042.86 6415.16 1034.64 6393.73 1047.03 6397.12 1050.29 6376.72 1094.09 6389.97 1111.74 6387.92
15 1803.56 6645.65 1770.96 6630.03 1767.23 6652.68 1765.08 6643.84 1757.11 6676.32 1740.06 6614.43 1692.08 6622.62 1691.35 6615.65 1706.22 6592.69 1722.83 6584.88 1733.03 6566.66 1766.57 6579.36 1788.48 6567.86 1783.61 6586.16 1791.70 6589.04
11 8133.57 264.24 8136.09 276.35 8089.10 277.83 8080.87 285.29 8050.32 288.92 8076.41 266.06 8057.33 243.72 8076.83 227.49 8094.64 238.91 8097.24 228.58 8114.89 250.82
9 7072.44 3263.69 7062.44 3300.30 7053.67 3276.07 7030.94 3263.93 7047.45 3247.39 7019.26 3259.05 7029.49 3226.65 7083.57 3175.36 7101.35 3222.55
10 3436.57 5432.14 3431.93 5456.12 3411.60 5452.67 3393.03 5448.32 3382.61 5459.13 3367.94 5453.36 3360.94 5421.03 3378.12 5404.30 3401.23 5404.75 3415.51 5410.71
5 3152.08 7150.62 3067.36 7164.05 3072.24 7155.29 3089.61 7083.66 3089.28 7048.48
12 6512.42 6533.46 6491.89 6539.48 6490.57 6532.46 6488.08 6506.34 6486.75 6504.33 6467.77 6514.87 6459.68 6468.34 6479.64 6453.19 6482.36 6413.57 6485.91 6426.60 6553.14 6456.94 6537.02 6477.60
10 6809.46 2018.89 6817.96 2045.50 6810.78 2041.18 6786.29 2043.56 6780.37 2047.59 6781.90 2029.24 6812.18 1970.26 6813.61 1998.90 6844.47 2009.73 6826.35 2011.49
13 489.44 5716.12 472.23 5720.33 459.15 5726.92 413.90 5757.15 416.27 5727.37 390.14 5725.81 428.68 5707.37 432.25 5706.59 399.35 5695.10 413.46 5671.01 429.36 5685.37 421.87 5667.14 472.02 5673.32
7 242.05 5812.73 235.13 5746.36 238.38 5740.18 234.63 5706.18 263.78 5713.97 271.36 5721.20 276.92 5747.79
6 7715.25 5931.22 7740.91 5972.62 7705.53 5951.83 7679.56 5892.17 7682.10 5877.63 7714.65 5906.99
15 1780.29 6292.81 1749.03 6315.13 1722.05 6306.88 1717.55 6295.08 1750.98 6291.70 1744.24 6281.10 1737.65 6277.18 1750.68 6277.09 1739.02 6261.62 1736.60 6250.76 1750.35 6242.57 1754.52 6248.59 1766.20 6258.82 1771.72 6254.04 1793.92 6277.19
10 8522.95 5227.31 8533.25 5264.13 8472.45 5230.83 8453.85 5225.54 8402.66 5194.88 8445.24 5200.03 8452.48 5161.22 8454.05 5165.16 8457.20 5165.92 8478.18 5184.48
10 6406.08 6335.21 6405.72 6344.93 6361.59 6316.07 6373.48 6295.68 6388.08 6309.72 6395.49 6317.78 6403.53 6283.55 6405.07 6300.51 6418.53 6316.96 6418.75 6332.12
15 3450.17 199.92 3387.67 222.87 3399.82 190.28 3400.74 179.88 3404.09 167.30 3416.59 174.82 3394.20 138.26 3414.26 145.11 3447.84 143.33 3458.14 151.97 3450.37 167.70 3471.92 155.34 3454.93 177.91 3452.35 183.68 3455.85 183.77
6 8935.01 4331.93 8880.64 4372.40 8863.19 4331.32 8839.76 4339.64 8826.20 4317.49 8896.78 4275.69
15 7227.34 7297.69 7210.21 7294.35 7169.63 7326.43 7170.12 7297.89 7169.87 7291.14 7168.56 7278.37 7158.46 7247.63 7209.49 7248.12 7207.69 7218.07 7216.25 7265.02 7236.37 7241.19 7240.76 7258.59 7238.55 7275.44 7260.74 7273.79 7229.37 7278.06
12 4020.53 3829.55 4037.86 3837.54 4008.19 3862.40 4002.39 3850.03 3992.21 3841.20 3976.13 3849.76 3981.44 3837.63 4005.00 3813.78 4012.93 3794.28 4021.18 3789.02 4022.01 3800.32 4032.13 3806.53
12 8147.91 2884.82 8142.07 2877.67 8143.29 2871.76 8137.55 2871.54 8137.11 2854.30 8141.63 2854.23 8150.92 2852.10 8134.25 2843.31 8155.11 2814.40 8189.38 2808.38 8186.83 2816.65 8205.41 2849.76
5 2769.06 3462.97 2745.43 3476.42 2737.88 3493.01 2767.53 3419.91 2771.47 3419.66
14 2130.34 8478.54 2059.56 8466.31 2059.18 8484.94 1999.28 8494.42 2007.10 8485.23 1991.81 8480.28 2024.56 8452.35 2027.51 8444.41 2021.26 8429.07 2093.07 8377.12 2074.94 8427.25 2109.81 8405.64 2089.32 8426.14 2101.24 8444.38
8 3262.14 4273.18 3221.67 4338.28 3188.31 4319.65 3178.18 4231.18 3241.35 4230.42 3251.13 4204.71 3260.97 4237.07 3302.04 4199.69
12 2704.69 2019.72 2703.38 2028.90 2703.06 2044.10 2678.43 2038.93 2669.64 2035.17 2643.15 2040.26 2632.76 2019.72 2663.58 2009.03 2676.94 1965.51 2677.95 1987.80 2705.17 1987.21 2697.37 2004.11
6 6828.00 4626.76 6836.05 4606.66 6820.29 4581.66 6856.59 4573.86 6881.02 4590.80 6887.20 4594.16
14 982.78 8941.65 989.84 8946.66 976.97 8962.40 961.30 8951.90 963.76 8948.01 950.67 8956.92 946.30 8951.56 940.64 8946.08 967.99 8926.03 975.37 8931.23 993.66 8925.20 988.15 8930.35 993.27 8928.48 979.12 8937.57
11 590.36 2631.76 569.92 2652.25 533.01 2651.07 504.51 2601.50 473.33 2611.64 522.91 2564.17 491.35 2563.00 541.13 2531.97 570.19 2524.50 606.88 2493.41 565.16 2549.81
6 3179.14 3923.84 3186.25 3937.62 3124.10 3891.76 3129.67 3845.10 3142.66 3874.38 3196.81 3879.37
14 1961.09 5657.25 1959.06 5658.29 1963.63 5662.76 1981.30 5667.66 1954.36 5675.43 1933.70 5673.89 1917.56 5656.87 1899.12 5650.30 1924.57 5650.26 1917.28 5620.94 1934.33 5632.47 1936.63 5636.82 1974.35 5642.95 1978.55 5653.12
7 9013.72 1291.39 9022.72 1295.63 8972.09 1320.19 8939.82 1329.34 8957.00 1290.78 8936.09 1255.17 9003.45 1270.88
10 5307.31 2701.54 5289.40 2706.65 5270.49 2728.18 5269.80 2711.87 5261.58 2717.89 5248.87 2708.91 5232.11 2707.39 5243.31 2691.92 5245.00 2670.10 5278.27 2684.67
8 2816.39 3741.89 2815.02 3774.18 2798.06 3742.53 2785.77 3756.38 2787.27 3723.95 2773.78 3703.89 2804.21 3712.13 2824.83 3698.88
5 3906.09 5577.21 3895.93 5601.61 3827.81 5565.80 3900.63 5552.80 3897.75 5554.63
12 8071.64 1590.82 8078.77 1630.39 8049.63 1641.54 8034.88 1627.81 8021.70 1632.61 8033.84 1603.44 8038.57 1560.12 8053.86 1529.62 8070.86 1522.33 8079.04 1527.64 8075.82 1556.83 8088.31 1563.48
10 3504.44 6443.37 3479.79 6479.29 3461.26 6458.45 3473.74 6428.01 3468.55 6408.83 3476.12 6396.57 3482.72 6392.70 3486.95 6418.29 3501.43 6412.05 3519.51 6430.74
6 5801.43 1368.56 5775.95 1363.44 5700.76 1351.95 5751.71 1321.16 5787.85 1290.74 5848.91 1336.31
7 5959.29 6050.65 5936.85 6053.55 5937.63 6089.20 5908.01 6072.98 5910.95 6051.10 5871.32 6000.53 5906.85 5999.07
14 1022.78 8635.36 1003.54 8665.57 968.51 8678.95 968.86 8703.74 949.20 8653.41 927.68 8679.90 946.41 8638.26 941.02 8628.72 910.18 8606.94 944.36 8623.53 908.99 8580.93 962.69 8598.60 984.31 8566.66 1032.88 8600.03
7 4279.63 6897.57 4261.39 6929.99 4233.72 6896.10 4185.76 6861.29 4196.99 6832.07 4210.24 6827.81 4258.08 6854.02
14 8912.47 492.91 8898.60 493.68 8912.41 501.71 8903.22 510.39 8891.60 517.33 8890.52 518.57 8868.51 501.03 8856.20 506.59 8841.15 514.16 8844.94 501.82 8850.47 491.29 8861.59 454.24 8906.56 456.82 8911.41 487.20
14 6710.77 1109.91 6705.20 1107.07 6716.99 1124.76 6696.25 1105.89 6695.36 1115.20 6686.08 1109.44 6664.39 1119.49 6657.88 1106.37 6651.44 1097.79 6651.34 1096.59 6665.13 1075.71 6676.04 1072.99 6691.35 1063.46 6708.49 1073.13
7 3170.04 6920.98 3200.05 6954.86 3165.54 6972.19 3114.33 6893.04 3146.93 6900.26 3169.01 6886.73 3163.02 6909.00
12 8804.17 8023.96 8779.49 8021.14 8778.02 8024.86 8766.19 8037.65 8765.80 8045.78 8728.26 8040.23 8748.14 8016.33 8725.89 8006.45 8756.93 7993.25 8777.30 7980.27 8778.48 7980.28 8780.32 8008.50
8 588.37 8119.98 568.87 8150.51 535.07 8077.04 541.78 8059.39 572.73 8075.37 575.20 8086.22 594.03 8078.01 585.52 8098.59
9 5233.00 4896.95 5192.49 4879.73 5192.48 4882.39 5210.06 4903.82 5192.82 4896.58 5169.89 4884.60 5147.79 4878.52 5160.66 4869.73 5165.24 4826.20
5 1968.15 1821.76 1915.59 1836.66 1898.83 1807.50 1947.75 1807.87 1987.38 1814.25
8 7872.73 4755.78 7870.17 4772.81 7864.97 4788.25 7863.17 4787.93 7858.16 4771.20 7866.04 4726.88 7879.56 4722.78 7883.04 4731.97
13 4379.26 8585.43 4307.79 8602.94 4319.62 8656.16 4244.19 8600.67 4229.02 8590.08 4269.83 8578.38 4269.14 8565.24 4244.30 8536.38 4264.72 8541.43 4271.34 8528.41 4276.94 8535.17 4302.31 8528.16 4333.71 8560.75
8 6532.19 1780.02 6518.33 1773.90 6551.73 1795.96 6497.19 1786.55 6443.44 1781.27 6463.72 1737.94 6507.38 1729.89 6573.80 1724.23
9 4775.83 6263.23 4792.10 6273.40 4750.98 6291.32 4703.66 6217.41 4728.63 6207.26 4735.56 6186.20 4758.67 6230.39 4759.98 6241.28 4799.94 6218.77
15 5752.59 6927.95 5757.50 6943.73 5751.40 6929.77 5748.94 6931.95 5740.42 6948.86 5714.23 6927.75 5698.81 6897.73 5736.53 6875.79 5738.39 6872.22 5741.44 6858.14 5744.83 6887.95 5747.76 6886.25 5760.40 6874.70 5758.18 6880.67 5782.73 6889.23
14 1938.40 4778.67 1931.34 4779.97 1928.99 4800.68 1914.88 4777.17 1900.64 4796.96 1892.07 4805.50 1885.54 4801.94 1885.24 4755.92 1885.08 4736.23 1897.19 4740.98 1910.33 4746.60 1909.17 4703.24 1934.71 4734.86 1959.07 4751.69
8 5103.03 5241.01 5077.20 5238.16 5060.29 5241.54 5056.46 5242.38 5055.60 5241.45 5057.02 5238.95 5073.55 5215.39 5075.99 5215.97
8 5773.32 8167.27 5754.01 8201.76 5742.90 8198.17 5745.94 8175.47 5737.67 8187.96 5745.08 8086.04 5781.27 8111.75 5811.61 8099.54
10 7081.46 7355.18 7056.80 7393.40 7015.46 7355.71 7026.84 7347.01 7052.24 7320.38 7057.86 7320.69 7022.77 7302.48 7080.36 7268.96 7082.11 7297.30 7098.24 7329.56
13 1442.19 4188.39 1398.73 4200.00 1376.86 4217.07 1335.04 4241.61 1333.41 4220.94 1332.73 4209.00 1356.84 4176.60 1347.77 4155.83 1373.38 4125.44 1374.24 4118.35 1432.12 4115.81 1403.39 4163.90 1437.68 4164.67
6 4609.72 1920.51 4624.40 1877.03 4666.02 1801.81 4695.11 1815.61 4709.39 1850.92 4687.58 1866.95
15 923.65 4271.52 919.13 4290.62 905.29 4303.98 884.61 4288.38 882.53 4277.74 857.23 4305.25 871.08 4268.66 872.57 4265.71 874.04 4264.51 852.07 4261.44 873.97 4259.73 877.54 4246.14 877.11 4240.27 882.65 4248.22 885.52 4213.73
8 1972.80 703.42 1870.49 649.31 1904.74 647.66 1911.69 651.67 1889.58 622.88 1888.56 616.40 1943.24 638.86 1942.21 653.68
11 8779.28 7397.64 8761.70 7389.85 8757.07 7375.61 8732.91 7366.99 8736.04 7360.03 8741.17 7344.46 8755.12 7359.55 8776.45 7371.35 8802.97 7360.95 8792.81 7368.77 8813.14 7361.07
6 2230.62 282.10 2175.04 269.66 2197.70 212.15 2212.01 214.18 2260.14 216.45 2250.16 230.10
15 905.20 5429.40 884.18 5440.29 865.34 5424.34 853.48 5414.14 854.36 5409.45 847.26 5401.39 840.94 5400.04 844.71 5389.99 849.99 5384.73 847.98 5345.66 853.97 5337.29 879.45 5359.08 904.11 5338.23 916.76 5345.21 928.42 5354.26
15 9091.81 6921.45 9063.04 6938.37 9062.37 6938.25 9064.22 6960.00 9064.46 6965.36 9016.06 6952.14 8982.45 6904.70 9028.96 6910.82 9030.29 6910.38 9016.66 6879.33 9050.00 6886.29 9050.42 6902.77 9058.21 6888.60 9050.96 6907.89 9061.63 6916.46
11 4307.76 5357.52 4284.84 5359.29 4289.44 5409.57 4264.06 5367.13 4254.02 5392.29 4247.09 5359.17 4212.82 5362.94 4224.58 5334.27 4270.36 5323.04 4286.04 5313.94 4324.12 5302.18
11 1344.86 3086.82 1341.64 3106.17 1310.82 3101.38 1302.91 3111.83 1300.04 3130.03 1300.72 3065.85 1310.12 3030.58 1341.73 3046.14 1338.93 3062.81 1318.72 3073.86 1316.00 3079.91
6 1407.01 4333.93 1357.28 4348.45 1283.20 4301.65 1326.32 4270.52 1345.80 4282.05 1406.88 4297.97
7 7517.02 571.32 7480.92 552.16 7458.66 558.73 7422.46 567.63 7487.75 525.80 7528.08 491.95 7537.93 491.85
5 4207.84 2935.10 4199.13 2931.93 4186.18 2936.01 4175.90 2929.02 4208.55 2889.59
13 2194.94 748.46 2178.62 741.00 2164.21 738.14 2164.65 747.73 2153.88 753.40 2125.71 752.72 2116.35 735.86 2115.22 706.06 2153.29 674.83 2160.42 673.82 2189.11 688.97 2203.06 711.13 2177.20 716.39
8 2938.87 5442.95 2931.60 5439.04 2928.58 5435.28 2944.96 5411.21 2925.12 5405.93 2936.30 5400.09 2954.23 5399.86 2979.61 5398.71
14 8365.37 6062.74 8376.73 6063.54 8370.12 6067.18 8360.42 6069.78 8366.36 6081.43 8348.96 6074.27 8360.06 6097.20 8344.29 6073.37 8340.89 6081.13 8338.67 6077.04 8313.73 6057.10 8330.47 6047.88 8335.36 6023.56 8339.36 6037.41
7 6177.30 2958.16 6174.06 2954.59 6159.80 2929.57 6153.31 2938.76 6155.19 2908.81 6183.82 2894.25 6191.14 2911.22
11 6428.46 2407.76 6392.09 2417.33 6392.19 2422.09 6404.41 2437.15 6384.97 2445.21 6349.14 2417.25 6353.51 2408.84 6357.52 2398.23 6407.83 2390.63 6396.80 2399.46 6401.51 2404.54
14 2788.03 7565.60 2774.21 7585.91 2750.57 7560.87 2742.65 7540.40 2718.23 7582.78 2686.16 7543.03 2700.50 7537.05 2730.13 7518.31 2737.67 7503.63 2720.85 7464.52 2746.66 7450.85 2797.58 7493.82 2766.50 7517.48 2800.24 7516.96
15 6435.01 3530.68 6423.20 3518.49 6381.21 3510.57 6393.36 3504.41 6388.47 3475.09 6389.96 3468.71 6377.46 3446.47 6412.58 3450.76 6427.39 3440.03 6429.04 3443.25 6441.47 3454.12 6434.89 3483.43 6461.27 3467.12 6460.58 3488.53 6477.78 3488.97
10 3705.26 1173.61 3676.97 1148.62 3590.62 1145.92 3627.22 1124.54 3630.74 1105.95 3641.72 1097.97 3638.03 1086.25 3660.11 1092.50 3708.32 1051.43 3684.73 1090.76
11 5960.02 8485.45 5921.78 8513.12 5901.02 8520.98 5887.13 8501.68 5816.78 8517.93 5813.41 8513.71 5803.11 8485.76 5892.20 8428.73 5926.01 8406.44 5926.53 8426.98 5938.93 8438.60
8 5621.92 8950.78 5626.78 8961.48 5640.12 8971.58 5602.15 8985.99 5563.01 8986.45 5571.59 8943.94 5594.36 8929.51 5656.97 8931.50
10 7411.56 1897.33 7399.76 1924.19 7387.73 1922.73 7316.76 1933.18 7294.66 1914.22 7303.89 1897.69 7320.19 1892.48 7327.59 1855.09 7341.17 1863.42 7371.28 1838.68
7 1006.45 4470.17 999.13 4466.17 934.90 4480.06 928.72 4423.21 967.82 4416.28 909.94 4396.28 964.25 4358.09
8 2614.74 4609.08 2560.37 4607.25 2571.52 4589.64 2562.72 4542.05 2575.41 4549.44 2582.27 4542.23 2607.12 4582.19 2601.30 4602.84
5 1317.70 8780.10 1288.89 8806.13 1287.92 8775.01 1277.36 8743.66 1315.51 8745.41
14 1366.11 3447.76 1350.07 3440.58 1329.66 3448.86 1321.06 3449.27 1284.98 3458.03 1285.42 3451.70 1281.05 3439.21 1284.59 3429.58 1310.71 3411.73 1313.27 3383.68 1314.27 3388.79 1337.04 3383.21 1340.59 3407.00 1361.58 3414.10
5 2856.38 1312.41 2851.47 1329.07 2825.45 1291.59 2863.49 1272.27 2862.40 1304.46
12 8744.31 3953.88 8741.58 3960.58 8723.85 3963.46 8699.79 4005.76 8690.22 3975.43 8655.75 3924.33 8683.64 3930.25 8687.13 3887.16 8702.04 3917.47 8711.27 3914.14 8713.99 3911.09 8729.50 3932.81
15 2678.13 1458.09 2666.76 1487.18 2649.35 1469.54 2635.34 1489.23 2631.54 1474.95 2650.72 1446.92 2632.02 1428.29 2658.64 1404.30 2685.56 1401.77 2693.01 1406.73 2695.31 1413.50 2696.44 1415.90 2696.56 1417.62 2694.34 1427.58 2701.02 1428.84
10 5024.56 2280.79 5063.90 2291.47 5058.06 2313.13 5020.81 2291.19 5003.26 2336.52 4975.06 2254.28 5004.21 2256.92 5031.28 2234.90 5030.14 2247.77 5045.35 2271.12
12 2839.89 4660.62 2817.96 4649.33 2822.92 4661.81 2804.38 4666.71 2807.51 4648.10 2772.12 4638.03 2789.04 4634.11 2797.48 4630.86 2803.73 4618.59 2814.17 4620.71 2836.51 4612.94 2837.51 4619.70
6 2619.99 7740.79 2598.73 7700.58 2605.08 7689.17 2646.92 7634.64 2641.93 7664.10 2667.65 7648.63
14 5854.56 2510.59 5774.04 2540.92 5784.04 2518.90 5780.39 2491.15 5718.10 2474.55 5745.34 2470.78 5786.99 2476.21 5758.70 2461.11 5794.72 2459.29 5791.49 2425.76 5811.21 2426.45 5861.20 2435.76 5883.87 2465.64 5837.92 2477.34
9 6267.74 8990.88 6243.37 8988.31 6226.10 8972.15 6209.21 8975.85 6207.77 8959.87 6220.27 8953.42 6203.96 8924.97 6231.47 8945.64 6237.38 8950.77
5 4530.52 8020.40 4528.65 8014.94 4502.03 7999.10 4515.80 7970.46 4560.13 7986.81
10 9068.22 3170.41 9068.80 3197.02 9043.93 3211.84 9036.39 3215.35 9007.52 3165.30 9015.14 3142.13 9035.22 3111.77 9037.96 3145.08 9054.54 3138.99 9079.27 3162.86
11 1452.78 5064.00 1429.20 5050.88 1453.52 5071.03 1412.95 5092.45 1412.51 5058.95 1388.87 5083.56 1399.48 5055.49 1383.58 5043.18 1390.55 5023.67 1390.25 5021.87 1391.48 5013.43
9 4301.03 6209.64 4262.98 6215.96 4274.92 6200.02 4241.60 6190.69 4238.72 6184.64 4261.61 6185.13 4264.72 6172.92 4302.58 6154.32 4315.01 6144.42
15 7378.71 2417.95 7342.12 2412.86 7347.63 2455.45 7335.25 2418.44 7333.78 2425.65 7280.64 2409.10 7296.32 2407.58 7302.71 2383.36 7330.17 2389.13 7339.65 2380.55 7357.41 2363.49 7339.31 2395.40 7371.11 2371.95 7370.63 2382.06 7366.73 2387.21
10 5563.89 6759.80 5581.06 6787.36 5551.12 6770.75 5549.46 6766.67 5536.12 6792.96 5524.95 6761.57 5539.58 6748.25 5549.63 6712.71 5556.54 6735.55 5561.33 6722.00
7 2141.71 946.55 2125.57 954.01 2067.63 920.65 2092.09 891.56 2121.96 909.89 2136.50 903.63 2157.34 902.70
12 8923.81 4122.52 8955.68 4181.52 8947.27 4174.60 8914.68 4151.09 8905.08 4144.80 8905.62 4173.86 8896.69 4200.64 8883.01 4142.82 8878.93 4092.81 8911.66 4070.08 8918.64 4059.13 8933.54 4057.27
6 9102.56 1793.53 9086.37 1820.77 8990.38 1809.41 9035.82 1766.80 9046.01 1732.45 9045.43 1764.99
11 5552.17 5869.79 5516.98 5875.48 5551.81 5853.36 5522.22 5823.93 5552.72 5840.26 5540.39 5796.88 5564.14 5793.00 5570.89 5830.11 5590.30 5835.88 5577.71 5849.99 5616.39 5824.74
9 4658.35 3940.40 4639.99 3934.23 4628.65 3905.09 4587.68 3883.22 4589.77 3865.04 4636.00 3872.35 4641.58 3852.07 4670.03 3838.59 4691.96 3849.77
10 1125.98 8999.45 1078.09 9044.43 1051.43 8988.67 1060.67 8961.39 1081.56 8956.70 1087.96 8940.41 1107.13 8967.80 1105.27 8929.47 1131.51 8968.71 1146.84 8967.49
6 3990.43 5638.50 3981.72 5639.20 3989.76 5655.74 3924.77 5620.33 3940.77 5609.69 3972.05 5622.39
14 5835.58 7268.57 5860.65 7292.69 5852.89 7315.95 5819.01 7294.13 5824.39 7337.12 5756.20 7263.82 5785.21 7245.81 5783.80 7233.89 5829.29 7236.78 5854.96 7210.92 5880.32 7206.69 5879.00 7218.34 5880.04 7226.07 5869.04 7241.64
8 1228.68 5699.09 1200.08 5689.83 1166.63 5699.92 1153.91 5716.24 1119.60 5694.96 1136.84 5655.82 1152.93 5649.23 1128.62 5620.48
9 906.65 5813.39 889.51 5816.83 878.40 5792.09 870.35 5795.43 875.44 5774.30 877.33 5751.53 890.97 5744.03 902.67 5768.98 920.14 5770.76
7 1438.55 6834.28 1412.01 6806.09 1445.56 6809.02 1427.47 6786.88 1447.50 6780.85 1494.00 6800.12 1553.23 6789.83
9 1154.02 1578.14 1152.67 1610.81 1108.21 1585.25 1119.51 1568.70 1094.68 1569.82 1098.86 1550.26 1129.13 1523.72 1160.99 1511.73 1152.54 1539.27
14 4735.64 6114.65 4720.99 6109.02 4712.58 6119.07 4698.42 6105.94 4702.08 6133.81 4697.97 6124.16 4661.88 6136.97 4667.76 6121.13 4644.20 6090.19 4656.44 6076.02 4687.14 6070.08 4694.70 6035.51 4696.28 6055.51 4723.69 6061.03
5 6102.53 795.19 6107.30 790.88 6112.90 775.36 6122.92 761.95 6142.24 778.49
10 5578.80 6883.30 5536.64 6927.54 5516.39 6877.63 5509.37 6865.06 5530.90 6826.39 5533.02 6815.87 5555.29 6835.48 5563.51 6829.40 5596.78 6840.12 5619.40 6834.75
8 5832.08 4566.02 5824.02 4572.13 5747.03 4620.33 5747.39 4609.89 5747.14 4587.47 5736.37 4569.85 5802.27 4509.24 5778.02 4539.85
12 8441.41 3256.82 8409.57 3230.57 8431.60 3256.15 8433.47 3261.85 8420.14 3274.87 8394.93 3302.82 8383.55 3272.69 8360.03 3264.96 8312.01 3195.84 8325.73 3186.52 8373.68 3168.48 8423.40 3140.77
8 7221.08 7651.17 7153.99 7670.75 7135.96 7621.90 7123.13 7605.99 7151.58 7613.04 7168.20 7588.76 7176.43 7574.08 7201.33 7602.28
6 4510.90 1986.03 4482.53 2002.85 4486.88 1957.67 4493.25 1962.93 4497.91 1968.69 4526.58 1959.88
8 5320.09 3670.66 5344.47 3679.80 5316.28 3677.47 5301.20 3680.48 5279.65 3643.53 5289.01 3649.23 5310.92 3639.72 5311.85 3648.50
9 522.31 3413.89 518.49 3421.33 501.49 3433.41 463.20 3477.69 402.38 3429.91 452.61 3357.28 521.56 3372.38 550.86 3353.28 559.88 3370.25
11 7546.17 5692.39 7579.54 5717.16 7521.21 5698.49 7516.67 5720.60 7516.08 5723.97 7507.30 5700.91 7500.10 5714.56 7465.41 5704.38 7488.23 5684.41 7442.87 5686.39 7437.59 5632.07
14 1514.68 8988.52 1510.85 8958.86 1498.66 8971.82 1490.52 8954.59 1495.99 8941.66 1465.78 8937.82 1496.24 8937.58 1497.44 8928.54 1475.72 8904.01 1516.60 8914.37 1536.11 8900.13 1523.20 8926.34 1539.44 8936.42 1538.65 8936.72
15 3286.44 5370.54 3290.06 5374.96 3307.36 5385.81 3290.23 5393.24 3272.58 5389.94 3233.31 5384.41 3227.08 5367.34 3234.68 5359.99 3259.76 5365.94 3248.90 5360.84 3264.19 5360.22 3271.90 5353.85 3277.01 5332.29 3283.64 5331.83 3279.37 5355.73
6 1634.50 5611.38 1610.97 5612.42 1622.33 5631.26 1525.38 5644.39 1568.96 5585.05 1606.25 5592.47
14 4289.63 7247.15 4285.12 7278.71 4276.25 7283.66 4244.81 7248.98 4267.26 7277.35 4253.28 7276.27 4223.68 7260.16 4226.82 7250.69 4206.30 7260.56 4203.30 7255.60 4211.40 7247.47 4197.83 7191.76 4222.63 7194.02 4294.63 7217.06
15 2020.14 8752.11 1927.31 8769.88 1919.34 8762.50 1944.37 8753.04 1887.14 8733.97 1895.25 8734.62 1922.72 8736.34 1956.29 8724.14 1955.66 8722.87 1943.70 8695.45 1961.42 8714.34 1955.65 8671.98 1974.25 8722.86 2002.34 8737.01 2058.74 8726.71
15 3722.73 2300.74 3718.88 2286.19 3724.92 2252.21 3723.89 2236.74 3746.12 2250.58 3742.46 2229.89 3752.92 2251.79 3760.48 2224.93 3767.61 2206.75 3759.17 2242.95 3784.14 2209.11 3770.33 2241.39 3804.08 2229.46 3821.64 2245.13 3793.80 2260.07
13 6463.68 2254.41 6454.45 2246.21 6432.55 2261.36 6433.92 2243.95 6409.70 2235.85 6429.14 2222.59 6450.01 2200.77 6452.43 2217.86 6472.05 2181.27 6482.59 2173.69 6469.96 2226.35 6491.92 2220.56 6466.20 2229.52
10 3827.14 3512.08 3817.74 3524.90 3731.67 3437.37 3776.20 3437.42 3768.80 3427.01 3798.75 3455.20 3801.10 3383.81 3825.31 3388.74 3844.65 3389.38 3833.95 3440.13
6 2294.73 6743.26 2212.15 6818.73 2196.41 6737.47 2230.58 6697.77 2242.34 6696.81 2251.00 6686.33
8 7008.44 3522.51 6978.44 3555.19 6972.56 3537.09 6977.43 3526.68 6948.90 3524.25 6965.59 3511.72 6968.61 3508.05 6961.32 3501.20
7 6786.63 3868.05 6775.89 3890.47 6770.17 3924.77 6760.81 3936.33 6742.07 3807.45 6740.93 3768.25 6846.49 3829.85
9 1127.53 1720.36 1108.79 1745.52 1016.60 1699.79 1057.01 1707.66 1040.76 1675.43 1057.54 1697.72 1064.05 1688.28 1080.41 1692.08 1091.19 1699.75
9 8232.62 6164.12 8228.29 6170.04 8210.40 6207.94 8196.09 6167.26 8211.41 6152.99 8215.73 6135.80 8225.68 6141.35 8251.36 6127.36 8248.39 6151.80
14 5066.23 1689.36 5036.64 1666.76 5020.74 1681.41 5019.49 1675.00 5017.98 1678.74 4988.21 1704.78 4969.25 1706.49 4991.64 1680.54 4965.61 1685.47 4950.31 1643.40 4994.52 1629.39 5026.59 1583.33 5085.88 1620.82 5070.82 1645.41
13 4785.51 5577.02 4800.54 5579.30 4814.05 5584.87 4796.32 5610.82 4775.84 5599.84 4762.33 5600.78 4758.80 5583.12 4750.44 5583.78 4747.02 5581.87 4772.16 5564.27 4774.73 5566.42 4778.78 5547.63 4781.23 5557.76
11 5559.14 8675.73 5561.59 8677.48 5569.87 8687.33 5547.47 8683.73 5511.15 8707.99 5511.69 8700.04 5515.73 8681.79 5517.30 8675.78 5515.74 8654.18 5531.01 8656.26 5545.60 8664.04
10 3889.59 3689.76 3887.36 3678.16 3877.92 3677.23 3834.38 3651.56 3838.71 3632.19 3869.45 3609.95 3871.08 3602.15 3986.20 3577.98 3958.77 3637.62 3968.14 3645.84
5 6423.72 2519.62 6389.34 2530.11 6383.40 2536.48 6315.67 2559.34 6347.58 2435.83
6 5830.64 5336.95 5828.82 5327.47 5838.47 5303.49 5802.38 5242.62 5867.47 5255.11 5880.32 5240.12
6 5475.80 6587.89 5442.80 6572.86 5411.62 6567.35 5362.62 6557.04 5398.12 6526.75 5427.68 6529.33
5 5235.41 7965.72 5164.92 7976.26 5135.44 7981.06 5171.81 7892.64 5190.15 7923.27
9 3412.52 2166.52 3396.13 2212.14 3358.34 2206.89 3352.68 2218.10 3331.06 2215.43 3320.03 2214.23 3280.36 2179.05 3357.27 2114.11 3355.72 2131.52
5 328.34 6753.07 274.48 6749.59 291.58 6735.97 310.73 6728.02 316.54 6736.02
13 6423.52 8466.70 6399.01 8464.20 6406.19 8484.29 6369.69 8462.85 6367.81 8464.43 6380.03 8437.75 6369.35 8424.33 6380.17 8428.82 6390.67 8414.58 6401.91 8403.44 6408.16 8416.64 6407.46 8417.93 6409.40 8436.77
13 6754.57 5054.85 6769.43 5077.86 6717.13 5064.70 6694.85 5094.86 6716.27 5041.56 6708.65 5039.15 6669.96 5059.39 6705.92 5037.32 6686.15 5037.95 6726.29 4952.08 6730.24 4965.09 6750.31 5010.67 6765.69 5012.05
11 3838.49 8796.36 3831.89 8800.08 3827.20 8802.83 3782.84 8820.47 3774.92 8786.92 3760.19 8785.97 3784.42 8785.02 3795.69 8777.96 3802.20 8764.41 3807.37 8763.13 3806.73 8781.57
6 9003.70 2556.53 9018.90 2619.00 8947.98 2573.94 8895.12 2566.76 8948.97 2526.69 9001.58 2512.76
15 665.44 6189.10 644.96 6193.00 601.38 6185.15 593.09 6207.47 587.74 6239.65 579.69 6203.24 548.01 6220.03 553.59 6167.27 552.82 6159.54 586.45 6138.60 593.97 6135.64 599.97 6100.71 598.47 6141.64 608.83 6114.66 630.71 6116.91
12 4864.53 1454.57 4822.32 1434.85 4825.28 1415.51 4790.10 1356.49 4821.36 1380.67 4819.71 1366.01 4831.43 1380.81 4832.85 1382.33 4858.52 1384.84 4872.82 1388.28 4894.55 1383.73 4862.86 1400.21
9 742.00 2530.26 746.81 2541.58 694.47 2512.48 692.22 2474.16 690.32 2466.11 711.72 2496.28 725.03 2484.33 731.64 2494.28 732.13 2501.52
8 8176.41 7030.61 8140.23 7025.69 8100.65 7019.91 8091.41 6967.48 8125.74 6985.24 8126.19 6971.68 8133.59 6973.64 8176.99 6985.55
14 2197.52 2027.23 2181.51 2023.12 2176.31 2040.99 2166.70 2036.92 2162.15 2024.37 2147.99 2031.11 2148.77 2009.37 2148.39 1988.20 2156.57 1997.24 2173.74 2007.75 2175.65 1997.65 2182.30 1983.62 2197.83 2000.01 2196.14 2017.88
7 6032.25 1380.88 6001.35 1428.71 5975.40 1398.95 5961.74 1352.20 6013.82 1342.31 6012.96 1365.01 6028.85 1350.35
11 5069.38 5786.21 5071.12 5812.43 5022.94 5798.23 5040.41 5767.78 5014.31 5788.97 5020.37 5763.90 5024.62 5733.96 5022.97 5724.48 5050.02 5737.01 5034.38 5719.74 5099.76 5729.97
10 8946.24 236.28 8966.97 256.24 8916.37 260.20 8891.29 254.73 8886.20 237.06 8849.08 230.80 8877.83 217.63 8871.41 184.92 8900.40 198.37 8952.32 219.81
8 534.13 6533.75 478.44 6540.69 490.26 6490.95 485.78 6492.48 438.62 6504.71 490.95 6446.62 525.73 6420.49 570.11 6467.16
7 7755.04 3718.06 7734.56 3716.88 7741.67 3724.84 7675.86 3713.22 7667.01 3691.17 7678.72 3689.96 7727.67 3695.34
11 6405.17 6963.91 6432.25 6980.05 6396.34 6976.64 6360.22 7012.47 6363.22 6966.67 6327.57 6951.62 6375.68 6917.24 6399.16 6947.95 6442.92 6929.52 6420.05 6947.40 6411.74 6957.06
10 4302.70 4430.99 4291.16 4436.19 4287.22 4449.66 4279.63 4447.93 4233.24 4425.11 4206.96 4410.20 4231.59 4388.01 4239.45 4385.28 4250.67 4389.79 4311.40 4390.32
11 3621.39 6025.13 3612.51 6048.76 3611.19 6057.24 3593.35 6027.81 3585.90 6026.70 3583.31 6026.61 3545.79 6072.70 3554.38 5949.82 3575.22 5981.78 3569.32 5918.49 3584.79 5924.48
13 2106.10 3718.04 2115.19 3739.12 2086.06 3731.18 2089.59 3719.90 2077.46 3727.20 2070.61 3730.01 2057.35 3723.61 2060.19 3714.68 2062.27 3701.16 2084.70 3681.69 2104.41 3664.22 2111.72 3691.22 2126.24 3693.91
9 649.25 3174.54 616.81 3192.71 597.08 3178.30 570.32 3220.55 571.70 3123.86 569.80 3109.38 603.30 3140.78 615.80 3108.94 662.14 3156.79
15 1378.48 7824.56 1373.03 7825.55 1400.29 7842.32 1368.86 7830.84 1375.83 7835.22 1385.33 7843.19 1340.48 7868.28 1329.88 7836.37 1342.56 7827.72 1327.42 7817.93 1358.95 7794.76 1370.09 7774.56 1370.63 7785.53 1403.31 7799.83 1401.35 7808.77
5 2899.40 678.05 2864.16 675.97 2875.02 686.75 2842.29 682.86 2867.09 663.90
6 5331.75 5746.78 5300.96 5706.16 5294.40 5694.70 5310.83 5691.78 5320.40 5690.05 5329.00 5706.01
11 4679.35 761.35 4618.03 774.76 4628.30 765.09 4607.03 752.06 4605.62 748.60 4617.04 744.77 4601.04 731.50 4606.84 723.05 4658.77 730.60 4690.54 738.73 4665.77 757.28
15 5506.44 3132.12 5475.18 3137.08 5498.14 3191.45 5460.73 3156.14 5449.54 3171.77 5429.53 3163.92 5406.52 3113.56 5430.77 3119.97 5411.98 3074.39 5428.94 3057.61 5450.15 3087.76 5483.82 3074.03 5468.74 3110.96 5471.30 3116.76 5497.98 3108.40
8 2603.30 1834.26 2574.16 1835.03 2542.70 1857.72 2564.31 1816.40 2536.95 1785.21 2555.63 1774.01 2590.03 1775.09 2628.00 1791.77
10 5826.81 4178.62 5830.75 4191.19 5812.54 4181.90 5799.72 4168.46 5796.13 4163.99 5799.56 4145.07 5824.73 4138.64 5820.23 4154.64 5823.93 4154.69 5848.27 4150.50
14 6715.52 7060.19 6721.09 7086.45 6724.35 7091.23 6709.26 7091.62 6678.11 7075.05 6662.52 7075.83 6687.99 7060.39 6680.51 7050.64 6679.64 7047.94 6662.18 7030.02 6683.45 7035.72 6717.07 7049.80 6729.58 7053.41 6739.88 7057.84
10 6534.23 4917.72 6459.27 4880.46 6459.23 4872.79 6478.02 4869.53 6475.45 4807.53 6507.69 4848.26 6528.06 4822.41 6526.11 4831.69 6540.29 4833.36 6543.43 4838.17
7 2093.41 8016.86 2064.94 8021.51 2056.46 8012.86 2030.64 8018.13 2067.23 7946.43 2110.48 7971.84 2114.56 7974.42
9 1881.85 2807.82 1866.40 2816.85 1865.91 2816.91 1837.27 2812.57 1833.17 2802.96 1830.25 2799.84 1809.76 2789.46 1849.42 2762.46 1861.76 2776.69
12 6475.86 4256.21 6424.45 4265.18 6426.34 4259.09 6428.45 4255.99 6431.94 4248.10 6416.87 4231.86 6433.57 4238.78 6428.25 4210.86 6439.33 4225.20 6450.25 4221.68 6467.13 4209.02 6473.68 4248.52
11 1026.37 1181.01 1029.04 1198.19 1015.50 1236.62 991.16 1234.17 954.34 1247.35 914.97 1121.55 966.68 1153.79 972.44 1154.51 1011.89 1098.70 1033.64 1140.48 1047.78 1136.39
11 1085.80 2838.59 1059.74 2843.07 1039.34 2839.57 1023.57 2840.85 983.29 2856.47 985.82 2847.39 1018.86 2790.73 1006.89 2778.56 1009.67 2779.67 1027.07 2739.87 1058.21 2790.72
6 5654.71 3501.27 5647.08 3515.70 5636.55 3505.62 5643.78 3535.95 5556.42 3459.45 5629.23 3452.71
15 395.06 7514.13 349.18 7550.87 338.75 7576.38 335.73 7571.76 311.60 7562.05 276.04 7484.82 337.85 7501.52 336.79 7500.62 321.55 7476.71 335.98 7473.90 344.39 7480.95 348.46 7469.48 358.60 7483.40 403.10 7452.54 401.88 7481.96
5 761.45 2194.79 756.14 2187.61 746.13 2184.57 693.24 2166.08 774.75 2115.50
11 7604.39 7673.80 7620.30 7707.57 7616.08 7706.99 7562.40 7703.38 7572.06 7683.06 7554.98 7709.13 7535.53 7694.37 7532.00 7650.82 7553.85 7655.89 7537.92 7628.32 7571.99 7637.37
6 8732.38 1326.87 8709.98 1308.16 8706.36 1255.71 8754.07 1274.83 8750.98 1277.33 8765.48 1290.62
6 2116.78 6651.19 2098.40 6613.83 2122.20 6605.70 2125.11 6598.53 2138.04 6602.38 2152.86 6621.16
10 6317.14 1299.62 6320.81 1311.94 6283.79 1312.62 6275.26 1313.33 6280.11 1308.46 6289.59 1298.79 6273.16 1284.42 6297.59 1278.40 6305.07 1284.07 6321.57 1262.27
10 3605.66 4637.85 3609.13 4668.26 3573.56 4668.62 3540.65 4707.51 3523.86 4633.33 3501.06 4574.42 3552.08 4559.96 3573.53 4626.78 3578.23 4626.01 3602.45 4630.72
11 2662.16 299.04 2660.20 298.45 2641.46 317.31 2647.92 297.12 2623.64 308.51 2638.35 276.83 2633.81 269.52 2618.19 259.92 2641.58 252.18 2647.67 258.81 2697.17 243.69
14 1519.38 601.22 1491.69 603.04 1492.46 628.53 1487.32 623.23 1472.47 608.26 1462.89 619.88 1445.00 603.44 1412.20 577.33 1415.56 577.18 1457.01 573.64 1462.92 559.46 1500.36 536.78 1480.86 564.57 1488.65 567.31
11 1261.23 6829.70 1220.55 6829.06 1213.68 6836.51 1204.01 6866.72 1204.79 6842.94 1191.18 6834.21 1201.31 6824.08 1206.50 6788.69 1210.74 6787.27 1238.07 6784.24 1243.09 6783.84
8 2671.63 2956.62 2645.09 3037.67 2609.98 3023.07 2563.25 2932.25 2594.30 2907.17 2629.52 2924.25 2663.14 2903.18 2696.60 2903.86
6 2198.78 8211.57 2163.08 8203.88 2129.98 8182.37 2116.81 8146.77 2184.33 8180.69 2205.47 8190.46
15 758.09 5374.46 785.50 5404.88 771.67 5407.52 757.51 5442.35 729.03 5417.45 705.03 5377.85 683.85 5384.40 702.15 5352.22 706.86 5350.65 721.36 5347.74 734.75 5348.88 745.05 5340.79 751.30 5362.95 771.17 5358.97 781.95 5360.16
6 5061.37 445.86 5039.83 437.65 5023.66 405.53 5027.42 400.37 5052.28 397.50 5074.56 398.20
5 6320.60 5071.42 6298.85 5059.58 6275.89 5019.46 6298.75 5015.51 6299.44 5025.44
10 4389.28 4273.48 4343.84 4268.73 4357.88 4261.39 4354.29 4257.91 4353.01 4233.37 4379.60 4243.75 4424.76 4218.73 4407.72 4251.22 4397.76 4254.32 4407.41 4254.32
13 2064.83 5510.48 2079.49 5558.79 2036.36 5541.60 1994.82 5513.05 2016.95 5492.47 2005.87 5478.46 2021.76 5463.77 2023.46 5428.36 2053.23 5473.15 2052.30 5479.03 2054.70 5490.62 2093.64 5489.58 2111.42 5488.55
10 4787.37 7965.93 4746.97 7979.37 4741.45 7979.47 4725.89 7932.65 4738.09 7928.49 4739.46 7926.50 4753.43 7933.25 4770.32 7912.42 4761.61 7927.31 4794.31 7922.79
15 1954.98 7704.93 1925.99 7727.17 1933.67 7739.92 1911.43 7726.40 1904.05 7746.87 1895.45 7735.53 1875.68 7751.42 1876.40 7731.49 1859.77 7727.10 1836.36 7713.01 1889.31 7651.67 1891.62 7668.70 1945.45 7671.70 1923.51 7693.57 1941.78 7691.20
11 4557.69 7189.93 4466.19 7256.53 4453.03 7266.38 4455.34 7245.96 4441.51 7226.61 4433.46 7195.59 4402.78 7198.13 4440.99 7161.78 4478.91 7156.29 4509.48 7161.93 4530.16 7183.48
5 4679.96 6641.88 4655.48 6625.64 4646.06 6611.01 4621.64 6573.21 4708.47 6545.59
11 8271.81 940.61 8251.45 938.76 8286.37 998.45 8169.95 956.29 8182.42 940.60 8165.98 936.88 8163.27 936.63 8195.12 908.34 8221.75 876.95 8251.03 888.79 8270.00 860.87
13 8981.04 1154.88 9011.28 1178.73 8999.40 1173.47 8981.25 1160.30 8984.77 1179.13 8974.60 1179.80 8967.84 1158.60 8954.68 1163.01 8936.00 1173.68 8928.67 1159.35 8920.41 1156.73 8941.50 1149.09 8994.14 1141.60
7 3324.60 3288.78 3299.50 3295.48 3305.54 3302.96 3303.33 3328.40 3243.73 3285.42 3259.97 3271.00 3265.15 3276.99
15 2446.31 6900.42 2421.39 6893.12 2419.99 6891.88 2428.41 6930.82 2413.73 6889.83 2403.24 6909.13 2367.17 6904.22 2366.94 6897.56 2389.48 6878.37 2386.27 6849.36 2424.68 6868.18 2451.33 6839.88 2453.03 6842.60 2434.67 6864.91 2429.96 6876.56
8 4489.83 3788.45 4462.90 3807.09 4402.84 3823.51 4404.87 3813.83 4418.51 3801.28 4446.98 3768.38 4479.02 3699.48 4498.01 3751.79
14 3447.53 3742.07 3439.88 3719.29 3435.57 3717.30 3432.87 3750.33 3430.04 3745.01 3419.31 3746.06 3424.89 3727.19 3402.51 3717.71 3444.39 3690.46 3443.14 3698.34 3458.90 3681.24 3458.96 3687.51 3468.26 3703.23 3465.93 3704.50
7 3263.70 753.79 3226.50 778.96 3218.65 769.82 3205.98 755.25 3149.28 715.60 3215.83 656.27 3243.90 654.33
15 8295.43 7494.76 8261.65 7473.77 8265.23 7521.91 8236.45 7504.31 8239.05 7475.39 8228.43 7466.28 8207.06 7464.42 8215.16 7458.58 8224.12 7407.60 8261.06 7407.56 8282.64 7397.28 8266.71 7433.03 8265.39 7435.79 8260.38 7446.12 8305.09 7438.82
7 7915.41 8786.19 7897.61 8803.06 7858.56 8816.64 7811.95 8827.77 7769.06 8799.90 7813.93 8698.49 7828.61 8745.69
15 7085.63 7909.89 7072.07 7918.11 7049.41 7900.99 7030.40 7938.65 7033.89 7903.60 7033.73 7903.74 7030.13 7914.04 7028.26 7907.32 6995.78 7931.16 6984.37 7867.31 7038.84 7844.42 7040.43 7846.14 7040.83 7857.25 7045.22 7868.74 7064.14 7851.50
12 6056.49 3236.61 6047.71 3261.52 6019.89 3236.47 6013.62 3246.02 6011.12 3221.70 6011.77 3216.91 6016.37 3217.63 6025.10 3204.09 6031.35 3214.83 6054.33 3204.40 6058.70 3202.08 6060.05 3208.75
8 6039.34 5979.23 6032.10 5980.34 6055.16 5991.81 5983.50 5991.21 6015.11 5951.30 6022.66 5964.27 6041.14 5971.67 6049.18 5971.95
8 2930.51 7451.14 2911.48 7463.59 2885.90 7444.57 2905.75 7423.62 2913.83 7415.13 2916.81 7401.98 2948.77 7411.23 2975.32 7416.78
12 908.05 1276.29 900.10 1274.60 929.32 1303.52 898.58 1282.70 860.07 1280.89 818.97 1279.96 822.24 1246.38 852.80 1241.42 852.33 1197.37 891.79 1198.11 890.01 1216.26 924.95 1205.27
10 2199.35 8096.51 2172.49 8133.79 2139.92 8137.20 2146.18 8114.32 2136.46 8101.47 2110.64 8076.09 2126.93 8057.61 2190.26 8044.93 2203.66 8029.26 2193.10 8063.62
7 8193.76 5652.69 8188.58 5651.19 8182.88 5665.19 8193.15 5691.90 8126.43 5627.60 8169.38 5629.05 8200.34 5635.85
15 5946.11 2248.59 5946.71 2274.19 5919.84 2250.64 5891.61 2244.59 5859.04 2275.97 5869.10 2230.46 5860.43 2226.66 5842.80 2220.03 5857.98 2166.95 5889.87 2206.69 5911.65 2165.53 5929.76 2172.76 5927.57 2197.88 5945.02 2199.90 5957.47 2209.39
14 2367.07 7038.60 2358.61 7041.86 2361.15 7045.23 2312.00 7034.23 2305.21 7043.17 2297.21 7039.94 2246.29 7010.21 2287.76 7010.80 2277.89 7007.65 2307.55 6985.46 2321.10 6995.48 2333.39 6989.44 2353.36 6979.91 2385.43 7003.95
9 6846.05 514.14 6740.47 504.63 6782.70 456.61 6743.05 492.18 6723.80 414.13 6734.53 386.34 6759.55 361.69 6792.50 417.19 6810.22 381.69
9 3059.31 5089.30 3059.87 5105.02 2992.26 5119.60 2952.57 5099.67 2934.22 5057.62 2993.69 5027.98 3004.07 5026.87 3055.74 5033.30 3063.69 5056.22
7 2281.72 1845.28 2236.37 1800.69 2248.76 1802.13 2259.74 1803.81 2276.76 1798.79 2275.65 1819.71 2293.67 1814.20
6 4731.03 2487.25 4666.23 2519.75 4606.90 2467.59 4611.72 2463.77 4653.01 2417.02 4678.40 2445.13
7 243.20 6789.85 160.93 6772.70 161.10 6748.29 143.47 6723.04 195.83 6753.06 224.02 6753.02 232.73 6764.52
8 3622.16 3383.87 3643.88 3386.58 3633.41 3438.52 3588.04 3460.87 3554.45 3429.29 3551.96 3392.20 3536.60 3311.51 3662.15 3331.89
13 514.99 7067.66 485.43 7051.78 475.39 7110.96 464.29 7130.96 460.08 7099.24 424.27 7115.56 447.91 7074.41 446.35 7074.70 434.86 7065.42 443.82 7048.90 440.72 7048.38 496.33 7012.26 547.60 7029.79
11 3429.05 4390.96 3408.08 4404.73 3402.42 4400.18 3390.99 4387.85 3344.32 4365.90 3401.08 4354.61 3406.77 4359.39 3413.49 4351.01 3436.99 4341.54 3446.55 4337.47 3434.28 4360.64
12 5112.96 6295.57 5118.40 6295.98 5071.14 6308.48 5069.74 6316.61 5063.49 6313.55 5048.83 6340.12 5005.74 6314.16 5011.31 6289.92 5056.69 6259.62 5059.17 6255.30 5103.41 6251.94 5114.73 6290.36
5 4570.80 4491.14 4577.47 4518.14 4574.36 4528.41 4566.93 4532.95 4498.23 4439.02
14 6080.99 1123.97 6066.42 1118.74 6077.87 1129.85 6020.70 1133.91 6016.72 1098.79 6009.15 1102.42 5997.98 1090.25 5943.23 1101.37 5935.15 1064.14 5994.28 1040.69 5977.78 1018.00 6032.22 990.37 6067.76 1043.13 6056.31 1075.49
10 3424.36 4192.64 3431.74 4233.29 3415.46 4206.69 3391.51 4205.48 3359.06 4162.24 3358.43 4160.77 3366.52 4165.47 3413.60 4163.45 3422.79 4155.85 3433.93 4157.99
13 3148.55 3071.72 3150.66 3093.90 3142.10 3089.37 3135.41 3106.30 3120.80 3139.67 3120.99 3084.96 3086.46 3100.17 3108.55 3070.96 3117.97 3016.93 3132.75 3002.08 3141.83 3060.36 3150.49 3069.15 3153.99 3069.23
9 302.17 8986.93 294.42 8994.91 244.71 8997.21 243.19 9016.41 243.20 9054.45 228.29 9018.32 185.03 9034.34 237.55 8917.57 247.03 8971.35
6 8441.26 7171.38 8413.09 7159.15 8389.02 7184.72 8376.78 7159.57 8369.74 7162.55 8408.52 7119.62
11 5312.40 6881.78 5281.40 6889.55 5209.77 6886.03 5236.90 6845.31 5197.41 6882.87 5241.10 6774.01 5247.55 6756.42 5259.87 6771.08 5310.80 6762.05 5283.43 6800.32 5287.17 6801.81
15 3048.25 3197.81 3044.27 3217.93 3021.88 3215.95 3024.46 3209.67 3012.21 3211.22 3000.94 3217.57 2990.04 3215.39 3019.32 3186.84 3011.06 3161.02 3044.75 3157.62 3048.67 3151.99 3044.18 3173.31 3047.75 3171.90 3060.80 3157.92 3046.38 3184.10
14 6955.13 5383.48 6957.03 5412.79 6947.63 5440.94 6919.12 5411.74 6926.40 5448.22 6913.39 5431.32 6910.38 5430.45 6843.70 5372.20 6883.45 5371.41 6887.97 5358.14 6894.79 5318.24 6906.78 5351.15 6926.53 5368.48 6978.86 5381.37
6 461.45 3642.36 452.82 3647.66 402.93 3649.36 414.78 3627.05 418.22 3626.30 431.31 3629.99
11 2133.89 2896.17 2141.33 2901.15 2136.90 2939.67 2122.07 2932.46 2080.78 2935.86 2071.82 2937.51 2092.19 2895.46 2067.03 2894.72 2059.32 2864.00 2109.81 2850.67 2140.93 2850.81
10 5417.71 3544.27 5389.58 3590.21 5271.59 3549.67 5293.03 3535.60 5277.85 3530.27 5322.34 3522.03 5372.36 3481.90 5359.58 3523.52 5362.72 3522.58 5380.34 3513.91
7 2823.09 4054.61 2802.00 4059.94 2795.38 4032.44 2790.72 4031.24 2804.86 4010.15 2826.77 3985.27 2815.18 4018.97
7 6096.32 2507.78 6087.54 2525.24 6088.24 2517.64 6098.77 2457.01 6109.21 2471.18 6102.50 2485.23 6122.10 2485.23
8 4551.54 3400.78 4511.02 3410.83 4492.96 3403.57 4467.43 3386.79 4416.07 3352.74 4480.16 3351.83 4437.80 3316.55 4464.44 3286.02
15 6013.05 8809.03 6027.61 8831.27 6026.45 8848.90 6009.64 8838.43 5995.18 8830.60 5976.18 8840.28 5985.48 8825.56 5980.44 8826.73 5961.27 8822.96 5954.80 8803.17 5951.49 8794.17 5981.91 8794.35 5992.10 8789.30 6006.73 8779.52 6022.50 8802.78
8 8116.30 1783.93 8039.35 1862.94 7973.59 1755.51 7997.73 1759.50 7998.51 1757.08 8040.52 1704.91 8040.99 1735.26 8049.70 1762.56
7 6776.21 6620.88 6799.47 6642.09 6747.06 6659.17 6702.05 6563.08 6709.55 6566.89 6735.40 6573.98 6754.80 6570.73
13 7992.14 6276.13 7971.05 6255.48 7961.58 6270.03 7961.32 6251.01 7934.52 6242.37 7939.75 6242.63 7944.96 6232.69 7945.85 6221.54 7948.85 6198.73 7992.29 6205.85 8005.30 6213.55 7991.84 6236.09 8004.72 6244.87
13 9035.60 847.59 8981.94 842.96 9007.83 867.80 8977.15 858.10 8977.33 879.25 8937.91 850.46 8942.78 830.66 8954.27 825.17 8966.46 821.52 8966.99 820.70 8966.76 793.33 9013.05 808.74 9029.47 809.25
8 3231.07 1409.64 3232.42 1410.31 3226.13 1417.43 3216.27 1414.07 3205.87 1411.43 3191.89 1440.35 3195.24 1411.74 3178.63 1409.94
8 8072.15 7056.90 8063.43 7064.54 8017.36 7071.80 7998.49 7065.38 8004.90 7113.71 7997.01 7088.17 7967.93 6960.60 8006.31 7008.10
5 8023.16 6721.29 7973.81 6671.69 7993.50 6615.07 8097.65 6659.27 8059.64 6688.27
15 6592.66 1027.82 6580.30 1028.37 6557.36 1063.34 6542.08 1069.18 6546.03 1035.53 6542.88 1039.63 6503.15 1025.73 6527.30 1013.69 6541.14 1004.85 6538.36 1005.03 6540.09 980.34 6522.20 956.95 6560.35 974.13 6589.27 945.53 6579.17 978.24
14 6694.29 8254.84 6679.63 8259.58 6668.56 8262.02 6648.32 8277.42 6603.66 8274.69 6561.57 8255.85 6586.20 8218.77 6591.36 8220.09 6602.45 8225.12 6606.34 8205.28 6635.35 8169.07 6636.91 8234.99 6661.32 8225.23 6677.80 8232.82
5 6016.77 7402.92 6009.91 7310.85 6032.09 7286.30 6047.75 7283.05 6059.40 7300.02
9 7155.70 3005.09 7157.68 3018.56 7130.81 3018.44 7120.80 2996.33 7103.79 2960.92 7123.89 2976.71 7163.29 2984.76 7187.16 2983.55 7171.39 2986.80
10 5008.10 6236.81 4949.23 6242.45 4916.59 6254.72 4894.23 6290.55 4871.65 6273.00 4842.28 6276.32 4901.93 6201.48 4921.77 6190.37 4968.30 6222.41 4972.41 6228.05
8 6673.09 641.29 6603.59 656.79 6592.09 656.59 6616.25 626.70 6643.70 623.10 6670.16 610.32 6642.43 632.70 6645.07 632.36
7 571.03 4029.62 556.62 4029.58 551.23 4046.27 537.88 4033.56 501.52 4038.89 505.04 4005.10 505.25 4005.10
14 8647.92 616.05 8629.57 609.06 8618.16 635.07 8605.46 627.76 8600.49 619.68 8597.15 643.52 8575.68 642.32 8577.13 607.06 8550.15 610.73 8558.89 605.11 8547.55 602.16 8544.80 594.32 8586.94 566.79 8612.01 544.32
7 2349.38 8174.42 2354.93 8180.52 2331.60 8192.75 2286.76 8170.78 2301.97 8157.63 2332.24 8127.68 2359.27 8108.93
15 3986.95 1510.36 4007.37 1515.05 3992.55 1517.67 3991.04 1522.75 3971.21 1520.43 3979.45 1545.14 3951.76 1566.14 3920.82 1545.00 3920.46 1522.72 3908.16 1511.51 3919.61 1493.59 3948.98 1487.37 3945.10 1466.92 3968.28 1451.03 4015.13 1495.43
5 3303.40 2989.64 3272.96 2996.20 3250.14 2987.93 3210.39 2955.39 3247.52 2946.01
5 992.73 2405.18 969.95 2388.16 1002.77 2353.98 1051.96 2356.94 1053.17 2363.23
9 5544.28 3934.10 5528.20 3923.95 5520.61 3953.83 5488.08 3952.45 5495.26 3915.69 5518.47 3885.00 5518.96 3891.73 5540.20 3885.83 5547.34 3904.23
10 4777.64 2648.49 4762.04 2650.70 4709.16 2666.69 4704.01 2660.67 4715.13 2631.41 4686.45 2611.71 4714.14 2619.27 4703.96 2588.99 4754.40 2574.47 4775.89 2628.87
11 6553.47 4225.82 6555.45 4271.83 6516.67 4267.72 6507.51 4267.95 6494.73 4272.30 6493.32 4212.40 6486.34 4186.10 6524.64 4135.16 6527.59 4137.99 6551.01 4171.10 6577.61 4166.13
12 4746.69 3267.75 4707.19 3316.34 4710.21 3287.44 4718.34 3273.85 4676.15 3299.15 4707.13 3231.14 4721.54 3236.47 4704.41 3205.28 4742.75 3228.21 4755.23 3228.05 4764.17 3221.37 4811.70 3240.33
12 8009.14 990.47 8005.06 1002.55 7982.30 989.32 7979.11 988.53 7982.78 967.04 7971.68 970.30 7961.28 965.09 7975.81 953.80 7981.26 939.66 8011.71 931.66 8029.45 945.47 8022.80 952.47
11 9015.13 3437.67 9031.77 3445.93 8981.17 3433.94 8976.48 3437.36 8918.35 3465.84 8870.23 3458.03 8916.54 3411.14 8960.71 3410.58 9029.68 3386.08 8996.96 3420.79 9015.61 3425.31
7 5381.36 8704.41 5380.71 8727.99 5349.67 8737.11 5339.50 8716.77 5348.57 8700.97 5380.57 8682.63 5380.69 8683.20
14 5323.20 3151.58 5326.68 3156.51 5332.96 3160.82 5319.24 3159.90 5288.48 3160.10 5291.53 3168.07 5272.73 3161.52 5221.68 3156.61 5261.62 3130.36 5258.35 3111.28 5267.74 3120.89 5267.07 3108.03 5288.77 3131.58 5300.39 3124.44
5 8426.52 1959.59 8393.49 1983.48 8407.20 1930.40 8420.15 1937.45 8451.35 1922.90
12 2272.36 5979.28 2268.98 5997.11 2258.80 5980.19 2254.20 5979.72 2243.02 5997.28 2204.76 5971.25 2227.74 5961.09 2227.62 5956.22 2239.06 5942.67 2246.31 5925.92 2262.19 5922.94 2264.32 5950.58
11 4567.05 5446.90 4503.35 5451.70 4497.46 5438.08 4501.95 5415.70 4451.21 5416.47 4434.30 5383.20 4511.10 5354.53 4518.70 5341.96 4539.73 5338.26 4526.20 5373.36 4584.21 5389.24
14 3749.30 6471.98 3757.34 6480.87 3756.95 6482.49 3737.48 6505.48 3713.38 6508.63 3711.73 6485.65 3706.58 6501.08 3704.03 6479.06 3699.50 6478.99 3661.07 6485.86 3725.91 6418.39 3733.41 6456.49 3741.75 6457.99 3758.57 6458.85
7 2355.98 6281.97 2331.61 6253.61 2342.37 6245.72 2337.62 6230.20 2381.53 6198.10 2380.06 6235.47 2409.37 6256.27
7 4821.24 529.50 4800.94 558.32 4774.66 515.48 4817.42 479.83 4812.84 446.88 4827.18 477.00 4848.11 482.82
15 4776.15 612.97 4797.20 617.62 4801.86 632.24 4764.74 631.80 4758.17 624.72 4755.90 617.71 4753.97 617.28 4733.30 622.23 4742.23 605.97 4751.84 604.49 4745.20 587.70 4760.71 602.39 4770.16 592.75 4779.12 600.41 4778.78 601.15
5 4844.18 8184.61 4848.19 8238.29 4749.83 8112.75 4836.41 8137.29 4916.26 8129.77
10 1116.55 4895.57 1121.19 4902.51 1068.86 4903.37 1012.95 4935.55 1050.11 4881.69 1030.96 4871.30 1061.01 4858.35 1080.60 4823.71 1098.39 4813.00 1141.20 4837.07
7 1586.93 6631.56 1516.89 6656.38 1518.34 6635.30 1497.59 6590.49 1533.64 6607.05 1544.60 6616.03 1545.55 6616.98
15 1748.31 7168.50 1740.62 7165.63 1724.51 7159.45 1726.29 7169.85 1702.53 7163.59 1705.83 7156.70 1697.56 7167.30 1701.41 7154.83 1704.30 7130.72 1701.46 7122.97 1693.80 7105.83 1715.58 7106.20 1719.16 7129.98 1739.30 7115.66 1732.39 7126.21
8 365.95 2537.51 318.28 2539.73 265.91 2540.00 291.10 2537.58 284.67 2516.78 308.16 2522.93 312.27 2516.65 347.24 2497.67
5 4715.64 5732.68 4682.08 5716.61 4691.28 5695.80 4698.69 5704.91 4730.43 5709.07
7 2570.17 8855.14 2536.21 8820.42 2526.00 8773.42 2546.79 8767.38 2574.09 8740.00 2572.26 8745.60 2581.40 8761.57
15 783.19 5902.15 752.08 5908.97 738.37 5906.04 746.56 5918.41 729.06 5915.82 720.34 5912.35 678.85 5943.09 673.37 5936.59 695.89 5907.12 679.54 5913.81 699.63 5900.46 651.17 5867.26 751.75 5855.28 747.08 5861.83 756.22 5853.28
6 3983.07 5431.73 3965.45 5449.55 3924.08 5439.14 3931.73 5419.81 3924.01 5415.77 3967.67 5405.16
13 1671.87 1861.31 1662.09 1888.79 1623.33 1889.79 1589.70 1869.39 1601.11 1840.23 1631.35 1815.98 1633.46 1805.54 1646.91 1821.96 1652.92 1814.35 1660.59 1811.23 1684.22 1807.41 1665.42 1837.09 1696.80 1820.44
8 7434.29 7413.79 7410.39 7408.25 7400.48 7430.46 7351.12 7418.85 7369.15 7394.89 7361.02 7363.30 7421.29 7346.83 7460.57 7330.42
15 579.10 4895.62 599.58 4906.61 580.93 4916.06 580.30 4937.43 569.61 4921.18 563.14 4923.87 550.43 4892.82 514.14 4886.27 514.98 4882.86 532.80 4855.30 541.81 4865.40 536.84 4853.86 554.62 4874.46 574.95 4870.18 584.71 4867.20
6 4739.82 7383.37 4711.87 7396.91 4637.53 7389.55 4653.81 7308.02 4677.83 7332.63 4736.74 7335.22
10 7647.79 1043.97 7643.50 1068.86 7600.70 1049.81 7580.97 1047.82 7568.92 998.32 7574.74 935.41 7578.75 968.05 7593.33 994.39 7629.60 966.90 7639.13 1013.47
9 6801.76 1482.42 6783.23 1506.58 6745.02 1498.66 6719.60 1488.07 6726.65 1452.49 6705.95 1400.50 6762.13 1424.55 6774.28 1426.52 6802.52 1415.85
8 4393.25 3539.62 4390.17 3535.52 4355.97 3566.17 4342.85 3556.56 4372.71 3440.25 4390.29 3505.11 4441.17 3471.86 4414.96 3497.87
9 3252.05 5870.96 3226.94 5890.02 3193.79 5863.48 3166.88 5845.65 3193.85 5837.53 3217.45 5832.10 3220.95 5847.34 3226.15 5851.63 3243.86 5848.69
14 8395.41 2752.13 8397.13 2766.26 8373.84 2756.26 8374.09 2753.85 8363.84 2755.64 8364.80 2754.88 8347.45 2759.81 8352.78 2722.16 8327.34 2700.23 8363.19 2697.39 8397.49 2715.88 8412.10 2709.65 8431.57 2725.83 8464.25 2728.86
9 4262.01 379.66 4223.52 345.06 4219.57 345.85 4217.19 350.22 4163.11 338.77 4172.81 303.38 4209.02 309.12 4207.91 263.09 4266.75 316.52
8 8843.99 1582.81 8837.55 1583.04 8821.19 1631.89 8803.90 1633.04 8802.51 1592.11 8800.72 1504.85 8868.32 1540.19 8832.03 1562.11
6 4109.12 8246.76 4105.46 8263.41 4040.66 8227.73 4053.11 8205.22 4058.01 8207.03 4113.51 8228.03
15 5275.81 8490.21 5255.47 8501.90 5262.73 8514.01 5237.78 8532.18 5234.85 8531.16 5235.89 8499.44 5226.91 8523.68 5187.03 8497.58 5197.22 8489.93 5193.99 8468.74 5267.26 8445.31 5259.62 8460.13 5271.35 8462.45 5277.20 8462.21 5255.05 8482.04
12 6154.21 7193.74 6142.32 7230.27 6101.10 7226.29 6114.12 7198.93 6085.26 7195.14 6119.25 7181.04 6129.91 7178.04 6106.96 7160.93 6109.62 7156.81 6109.42 7150.35 6136.79 7151.99 6161.36 7131.63
15 8656.57 2978.47 8657.50 2979.46 8641.62 2983.23 8612.26 2990.54 8540.24 2995.10 8556.63 2968.24 8547.16 2959.36 8531.29 2923.01 8559.26 2941.36 8539.68 2886.41 8555.43 2916.26 8568.66 2896.90 8580.97 2888.60 8603.80 2917.26 8596.74 2947.91
12 2064.67 6910.04 2065.92 6921.93 2032.18 6939.01 2020.71 6951.88 2015.08 6960.64 2012.91 6930.46 2014.26 6928.21 1990.48 6886.45 2019.58 6868.55 2044.32 6891.08 2046.52 6900.21 2054.73 6903.12
9 2892.04 4352.73 2886.36 4392.90 2872.94 4374.36 2866.08 4375.90 2859.58 4399.91 2838.98 4379.68 2845.24 4371.37 2858.22 4326.27 2873.24 4336.14
9 5492.47 4504.14 5503.76 4547.65 5463.16 4461.23 5448.78 4425.23 5499.71 4458.03 5512.97 4465.25 5546.86 4463.17 5516.19 4481.87 5497.63 4490.86
10 2479.26 8453.72 2487.69 8460.29 2476.70 8473.75 2392.24 8492.85 2433.97 8457.20 2393.88 8468.35 2474.64 8426.76 2481.30 8426.47 2504.28 8411.50 2497.37 8427.04
8 1231.06 1971.54 1183.54 1959.17 1223.42 1991.63 1186.45 1976.91 1150.81 1959.97 1108.19 1958.16 1134.89 1914.84 1161.00 1895.22
8 4686.02 5343.10 4694.32 5368.65 4677.83 5340.59 4675.93 5356.44 4664.87 5350.87 4658.37 5356.00 4635.16 5304.09 4670.51 5317.84
15 7221.77 8138.08 7240.83 8202.77 7183.39 8182.80 7182.06 8143.91 7163.04 8133.79 7148.84 8101.91 7177.79 8091.90 7175.21 8076.87 7189.33 8096.69 7198.26 8097.04 7222.01 8052.93 7251.24 8098.29 7274.34 8092.03 7278.16 8108.40 7228.77 8117.21
12 6903.67 1300.80 6889.16 1294.47 6880.45 1278.96 6858.30 1239.55 6853.81 1236.61 6819.87 1225.66 6806.13 1187.37 6849.94 1180.50 6885.02 1166.32 6899.24 1144.35 6905.18 1189.31 6935.30 1174.67
14 5115.00 2080.64 5094.98 2084.17 5076.81 2121.01 5035.44 2137.31 5066.90 2082.39 5002.02 2082.84 4997.39 2069.82 5053.56 2067.08 5093.69 1994.20 5086.11 2039.89 5122.18 2003.79 5129.79 2030.91 5149.53 2024.61 5136.92 2055.46
12 3390.95 5566.44 3324.55 5596.94 3315.94 5579.84 3310.67 5567.68 3270.95 5551.95 3330.50 5540.94 3349.75 5513.81 3338.49 5543.80 3353.13 5545.63 3369.41 5544.17 3355.97 5551.52 3354.95 5555.71
10 6315.61 3954.86 6305.36 3970.73 6264.75 3931.94 6270.91 3909.52 6287.78 3891.42 6290.26 3883.87 6303.88 3902.84 6305.68 3899.80 6323.99 3870.06 6323.87 3920.08
5 3904.64 3052.52 3865.00 3041.88 3828.67 3017.74 3862.91 2994.17 3896.22 2971.86
8 8910.09 4669.01 8843.04 4697.12 8857.05 4681.94 8837.05 4671.31 8814.55 4658.85 8870.15 4642.04 8870.20 4636.58 8929.20 4644.80
13 3432.33 7566.18 3422.09 7581.76 3414.69 7625.39 3405.17 7631.93 3305.88 7504.06 3337.39 7509.67 3363.09 7514.76 3364.65 7519.39 3371.03 7528.57 3410.78 7502.85 3389.63 7540.73 3408.76 7539.39 3383.38 7556.23
14 4156.17 8972.80 4128.03 9001.02 4086.23 8971.14 4101.22 9026.36 4093.42 9023.34 4083.55 8977.48 4051.08 8987.40 4038.15 8985.78 4049.95 8963.52 4023.10 8953.39 4059.52 8920.95 4097.95 8927.61 4099.37 8927.17 4103.07 8927.00
6 4501.00 6212.20 4432.71 6215.84 4467.12 6195.77 4476.45 6187.67 4451.14 6156.50 4525.84 6156.99
7 5135.83 8317.53 5129.46 8327.24 5122.41 8359.84 5120.82 8326.77 5114.67 8360.96 5112.31 8345.85 5082.06 8329.22
13 2842.85 2513.13 2837.60 2536.95 2859.55 2553.00 2834.20 2578.45 2816.63 2563.13 2809.10 2559.16 2764.32 2507.40 2714.18 2495.51 2800.26 2415.79 2796.11 2471.76 2811.25 2427.47 2820.13 2484.42 2842.52 2469.26
7 2681.08 2819.61 2626.65 2808.74 2580.49 2845.27 2571.28 2807.95 2549.93 2817.38 2640.54 2711.59 2637.32 2723.07
7 5890.41 641.95 5878.77 617.83 5866.77 663.87 5859.39 612.24 5858.69 605.93 5820.19 555.59 5867.16 575.11
5 3352.37 7121.87 3338.05 7058.87 3343.15 7067.98 3357.86 7064.47 3353.43 7088.82
8 2622.29 405.37 2606.42 415.62 2600.09 410.85 2573.72 416.21 2570.81 383.21 2594.37 367.17 2598.40 363.74 2642.34 349.65
7 6532.57 7255.02 6517.70 7264.90 6535.26 7215.31 6531.90 7202.22 6541.45 7218.72 6557.13 7220.49 6565.65 7216.96
15 7510.79 4053.24 7502.26 4057.33 7512.47 4077.99 7501.34 4100.52 7490.19 4086.26 7416.82 4077.67 7424.04 4068.00 7425.48 4021.98 7433.12 4008.34 7431.20 3992.31 7461.59 4012.01 7470.02 4016.32 7489.84 3997.93 7488.24 4021.95 7485.61 4029.97
14 681.45 7206.36 650.00 7198.59 650.26 7171.77 604.87 7121.81 630.40 7132.38 644.46 7135.50 637.06 7114.54 629.81 7086.46 649.97 7122.20 652.62 7114.19 657.79 7096.23 684.82 7085.22 687.76 7127.04 716.86 7123.68
12 5852.37 5604.88 5878.02 5635.14 5837.90 5617.45 5824.07 5614.02 5818.98 5617.19 5818.97 5604.92 5775.62 5609.35 5807.67 5598.61 5816.58 5595.55 5811.56 5526.09 5857.79 5564.68 5880.85 5583.64
11 4297.93 6598.70 4285.68 6602.62 4275.78 6611.43 4261.56 6643.06 4251.85 6546.18 4244.87 6516.06 4264.56 6525.36 4279.02 6560.56 4289.74 6538.03 4303.10 6546.40 4336.68 6575.76
8 6055.25 4577.70 6029.19 4574.85 6030.53 4576.71 6026.44 4580.22 5991.31 4548.06 6007.76 4544.69 6049.80 4542.57 6048.05 4545.84
11 213.25 2850.10 196.57 2864.36 155.29 2882.13 169.10 2845.11 152.20 2831.32 155.38 2815.73 178.85 2834.73 185.16 2836.34 205.86 2811.91 191.47 2830.23 205.26 2827.22
7 2057.09 5382.34 2042.92 5379.43 1965.17 5325.37 2020.36 5270.74 2056.40 5315.35 2091.28 5286.18 2084.75 5317.64
7 7743.54 2186.16 7740.52 2220.70 7713.63 2217.18 7747.95 2132.77 7758.02 2132.20 7760.03 2156.56 7752.02 2164.69
9 3431.82 1925.60 3415.79 1923.55 3445.27 1968.39 3420.83 1944.75 3362.79 1923.29 3380.02 1908.45 3359.58 1894.30 3392.61 1897.34 3438.99 1853.50
10 1124.73 4732.08 1188.58 4742.75 1193.92 4750.70 1128.03 4749.79 1099.36 4788.82 1097.75 4750.12 1068.30 4672.36 1131.84 4668.00 1125.19 4700.64 1152.43 4694.39
14 5382.93 6788.76 5385.43 6790.01 5358.17 6846.05 5359.01 6812.59 5332.70 6791.15 5336.41 6783.13 5324.70 6766.95 5326.31 6766.71 5330.33 6758.09 5359.29 6759.73 5356.88 6733.14 5378.54 6755.78 5410.23 6736.79 5421.01 6766.29
14 7312.66 8744.03 7356.83 8755.68 7312.11 8747.34 7347.12 8760.82 7326.78 8761.94 7211.77 8758.17 7204.22 8730.61 7266.16 8699.19 7286.18 8694.62 7286.55 8684.44 7303.21 8690.41 7326.33 8673.23 7323.31 8716.66 7358.89 8724.24
12 1314.39 1897.83 1313.04 1910.74 1281.61 1896.00 1291.21 1885.98 1281.08 1872.72 1282.59 1842.07 1297.78 1856.01 1307.51 1849.70 1316.90 1871.39 1341.81 1857.44 1330.36 1872.95 1348.42 1868.80
9 3883.04 3929.19 3869.31 3900.14 3838.84 3936.65 3853.15 3884.16 3821.40 3873.91 3871.02 3801.69 3928.07 3807.58 3936.35 3848.85 3946.64 3851.38
12 4432.09 882.78 4435.25 893.42 4398.51 906.78 4378.24 889.94 4375.17 877.38 4366.18 871.19 4385.65 871.36 4360.53 857.17 4437.70 857.85 4418.00 868.17 4419.46 870.69 4439.60 868.09
10 8516.60 511.25 8499.73 516.30 8532.39 530.56 8520.54 539.93 8488.35 524.79 8471.13 581.58 8461.37 556.19 8462.78 541.44 8486.97 444.54 8518.39 497.62
12 6302.42 276.24 6271.68 274.71 6283.38 246.16 6265.03 221.81 6272.35 221.90 6275.54 216.45 6288.10 219.66 6294.87 227.17 6307.22 207.74 6313.42 224.44 6316.01 222.75 6332.59 232.48
12 3803.28 2624.02 3811.69 2631.76 3811.26 2664.37 3796.11 2651.62 3769.96 2651.81 3736.03 2689.82 3706.24 2674.52 3720.70 2640.61 3692.34 2618.64 3701.39 2605.87 3789.47 2599.91 3826.50 2596.27
10 4638.66 4416.04 4624.26 4411.84 4597.73 4405.45 4581.81 4446.31 4529.16 4413.15 4536.56 4407.23 4534.64 4375.09 4594.56 4351.54 4614.00 4338.69 4638.16 4367.96
5 6532.04 6905.10 6541.30 6967.19 6499.38 6885.05 6506.98 6887.66 6503.79 6829.55
12 5158.53 4970.80 5097.06 5001.82 5095.67 5039.87 5001.06 4979.03 5029.27 4954.64 5028.40 4914.07 5028.92 4907.99 5081.90 4908.64 5105.24 4928.97 5103.21 4939.33 5129.28 4911.52 5126.32 4969.91
11 2151.29 3397.59 2134.77 3419.21 2129.88 3423.28 2095.91 3443.35 2110.06 3409.87 2092.37 3393.82 2109.01 3378.78 2095.69 3355.43 2137.73 3383.48 2174.66 3378.74 2141.50 3391.83
10 7577.89 190.47 7551.63 188.18 7520.86 236.63 7478.88 236.63 7512.26 137.25 7532.45 159.78 7568.67 139.69 7543.51 175.98 7620.52 168.27 7556.10 182.13
8 7998.53 3183.72 7999.02 3214.93 7964.75 3199.37 7943.22 3151.30 7961.21 3157.87 7960.05 3134.18 7969.24 3156.78 8015.65 3125.46
5 4992.48 6382.78 4952.39 6414.99 4953.90 6402.61 4968.23 6371.24 4991.24 6361.94
12 6330.41 7031.88 6315.82 7046.43 6290.42 7035.31 6290.08 7031.10 6285.98 7017.30 6274.61 7003.71 6268.29 6987.22 6291.84 7009.87 6297.54 7013.88 6305.69 7001.27 6317.51 6993.68 6339.69 7006.11
11 8246.18 2436.97 8241.49 2445.96 8233.49 2458.37 8231.50 2445.68 8213.19 2376.27 8226.17 2374.96 8236.11 2382.44 8251.60 2367.27 8257.98 2378.88 8254.57 2393.33 8286.27 2370.38
13 395.24 5957.22 387.06 5960.59 382.22 5964.87 372.16 5973.71 365.59 5978.90 360.52 5992.60 344.48 5964.12 330.57 5927.89 354.53 5938.84 363.71 5942.97 366.50 5938.33 391.16 5921.41 404.43 5931.14
6 3509.97 5917.47 3465.36 5924.77 3463.54 5916.38 3449.81 5916.61 3465.63 5884.29 3488.97 5897.93
8 2041.35 3316.03 2019.89 3328.96 2015.71 3320.35 2007.23 3323.12 2020.99 3312.04 2014.93 3304.86 2023.85 3297.37 2012.90 3285.55
11 1451.33 1422.18 1422.44 1444.49 1405.14 1428.74 1396.80 1442.18 1388.34 1425.48 1373.16 1426.09 1366.44 1397.49 1385.99 1379.30 1430.93 1386.18 1435.27 1399.93 1441.78 1402.56
6 7065.67 787.96 7063.93 804.16 7008.40 842.62 6991.93 728.91 7004.29 727.29 7068.22 755.45
10 3920.99 6636.45 3872.83 6630.71 3852.55 6701.35 3838.80 6664.14 3828.77 6651.54 3795.98 6675.07 3804.01 6629.91 3794.76 6585.75 3833.96 6570.04 3860.47 6558.01
6 5746.22 3598.43 5681.39 3631.25 5663.90 3621.37 5622.45 3634.14 5622.25 3599.23 5703.93 3581.56
15 5592.75 5549.89 5611.09 5567.39 5610.61 5596.07 5597.57 5597.05 5571.57 5576.95 5566.90 5559.09 5508.04 5585.79 5549.33 5553.31 5504.55 5532.53 5518.14 5502.51 5550.30 5518.77 5606.28 5462.91 5593.91 5503.23 5625.87 5510.71 5608.16 5539.20
9 3198.69 4408.50 3130.09 4431.80 3065.83 4463.42 3078.68 4416.71 3083.82 4411.58 3078.81 4349.38 3101.39 4380.72 3172.50 4383.66 3144.13 4398.74
13 1384.26 4911.03 1382.07 4927.74 1375.81 4924.66 1364.44 4942.87 1366.70 4920.11 1364.34 4924.56 1357.92 4936.31 1359.43 4921.37 1331.71 4904.83 1361.16 4870.67 1375.93 4891.31 1387.29 4880.69 1408.12 4904.10
13 6451.00 349.67 6457.82 371.16 6447.38 354.53 6446.75 365.80 6440.54 358.29 6439.87 349.44 6425.12 345.86 6434.64 336.36 6423.80 326.83 6440.32 331.69 6431.46 306.37 6469.00 330.10 6464.51 337.57
9 5488.87 7719.79 5458.35 7734.12 5446.05 7726.07 5398.87 7755.82 5370.31 7716.89 5371.29 7675.96 5459.68 7617.24 5477.37 7667.74 5534.11 7659.55
14 3989.41 3233.32 3957.88 3227.01 3981.87 3235.25 3998.72 3264.19 3945.83 3300.34 3941.91 3283.06 3933.14 3242.69 3897.21 3262.06 3892.61 3168.81 3913.18 3166.43 3909.83 3144.96 3926.65 3151.84 3961.01 3167.46 3992.37 3182.94
12 3792.56 4904.88 3767.99 4896.05 3762.52 4903.12 3766.28 4911.03 3740.27 4928.61 3736.05 4896.57 3723.74 4872.51 3746.33 4864.31 3754.21 4848.49 3762.55 4878.23 3783.37 4862.01 3782.57 4870.73
11 6930.65 918.33 6942.38 931.97 6933.57 934.43 6925.45 922.09 6910.47 931.70 6906.50 906.27 6917.56 892.07 6920.51 892.81 6924.77 879.31 6946.29 897.86 6951.69 897.76
6 461.55 5248.33 423.11 5228.72 383.25 5258.63 384.99 5222.33 351.04 5157.28 470.48 5173.15
9 3271.87 2710.82 3248.05 2695.51 3232.08 2708.78 3168.55 2668.86 3139.52 2659.68 3164.24 2658.69 3210.58 2641.19 3248.13 2642.25 3261.36 2642.62
7 5273.99 870.86 5251.67 904.07 5219.20 861.22 5241.26 844.75 5265.75 844.48 5288.61 850.06 5288.61 853.34
11 6886.11 4095.06 6864.42 4073.67 6842.43 4077.01 6826.78 4087.76 6812.37 4075.40 6812.25 4049.09 6818.77 3991.54 6843.53 4033.64 6842.87 4023.27 6845.41 4023.07 6874.32 4001.49
7 5100.81 6087.45 5056.05 6068.53 5050.84 6060.17 5096.44 6043.51 5120.74 6052.89 5101.19 6071.99 5119.03 6072.99
7 5841.35 5952.05 5795.72 6007.99 5794.67 5998.67 5781.06 6009.63 5752.05 5946.70 5732.68 5863.76 5866.26 5915.99
12 3319.48 6481.39 3320.65 6496.86 3314.89 6493.35 3280.29 6457.84 3289.85 6451.12 3306.05 6449.21 3292.29 6439.34 3318.33 6439.89 3324.98 6439.47 3322.30 6445.54 3324.89 6445.34 3332.84 6443.77
6 6676.46 5707.09 6610.11 5700.96 6615.46 5695.86 6697.62 5661.18 6723.40 5650.06 6704.97 5662.98
5 2467.86 7650.72 2449.84 7677.17 2408.88 7645.02 2439.67 7639.18 2458.70 7648.53
14 6475.53 7759.72 6462.16 7768.56 6458.63 7768.66 6451.96 7779.62 6426.96 7796.39 6431.22 7786.47 6412.58 7752.52 6397.13 7737.11 6436.19 7738.09 6420.20 7698.99 6490.11 7716.05 6471.59 7735.46 6490.44 7727.93 6484.97 7741.57
12 979.53 1403.18 947.03 1443.79 938.16 1414.62 934.19 1420.91 931.17 1423.52 918.58 1436.25 869.68 1430.67 880.68 1329.15 919.64 1319.12 939.37 1333.66 972.99 1339.11 968.95 1353.79
13 3219.75 7615.33 3181.24 7678.65 3177.29 7643.31 3152.97 7671.68 3144.66 7611.86 3115.49 7597.34 3160.44 7604.35 3129.34 7590.04 3157.72 7588.40 3246.20 7555.43 3234.35 7589.52 3238.37 7595.51 3238.30 7613.86
15 4497.47 6983.86 4479.00 7000.42 4477.55 7011.36 4461.38 7017.46 4446.96 7000.29 4455.41 7031.20 4414.27 6966.02 4419.25 6934.21 4460.15 6917.62 4449.82 6951.66 4458.35 6940.03 4463.31 6930.94 4453.77 6963.92 4459.49 6961.82 4486.59 6973.17
15 2651.13 2492.80 2594.18 2517.51 2593.95 2507.13 2582.78 2540.37 2593.53 2494.86 2543.13 2526.78 2538.68 2523.32 2568.19 2486.88 2536.81 2481.48 2560.62 2458.89 2639.47 2427.60 2649.27 2438.48 2646.68 2455.87 2623.28 2469.80 2647.34 2475.68
15 5918.12 4868.41 5878.51 4848.57 5888.86 4886.64 5877.49 4878.16 5855.09 4880.36 5856.32 4870.49 5860.93 4861.19 5867.13 4845.70 5841.09 4867.21 5861.86 4834.09 5852.58 4815.93 5872.93 4810.70 5885.72 4812.41 5888.23 4810.62 5897.41 4826.91
6 7607.51 3641.23 7605.23 3653.87 7571.54 3608.27 7577.94 3611.81 7566.40 3591.43 7608.18 3592.81
6 6714.58 1590.16 6716.03 1600.98 6688.01 1616.39 6702.94 1565.54 6711.09 1559.39 6751.71 1575.81
14 2168.96 1126.31 2173.70 1132.46 2164.97 1162.67 2138.59 1146.21 2108.52 1174.35 2069.31 1154.88 2113.34 1124.36 2065.76 1090.01 2091.45 1088.48 2118.32 1108.33 2171.57 1069.07 2157.97 1096.96 2160.94 1119.06 2182.00 1115.76
6 5007.94 5143.01 4996.85 5158.23 4992.23 5166.73 4941.79 5122.72 4961.65 5133.14 4995.19 5102.98
7 4211.54 1812.13 4170.33 1794.77 4161.00 1810.90 4176.67 1851.24 4101.15 1803.57 4118.45 1710.44 4214.50 1765.99
13 1694.83 852.22 1672.35 867.60 1664.89 862.11 1638.89 863.68 1619.55 873.83 1610.52 850.39 1638.49 824.19 1651.20 785.06 1659.86 801.17 1657.51 810.18 1678.95 802.29 1664.03 822.68 1669.17 825.89
14 7591.62 8666.62 7584.38 8708.15 7574.97 8698.74 7555.11 8718.90 7560.42 8652.53 7530.76 8623.17 7555.97 8624.39 7554.74 8599.89 7565.75 8588.23 7585.31 8558.23 7582.91 8605.39 7592.72 8582.72 7618.41 8566.57 7600.93 8624.97
5 2980.95 1544.36 2929.52 1549.86 2908.70 1534.70 2874.61 1528.29 2890.34 1517.50
11 4337.78 5555.89 4328.35 5601.08 4311.30 5580.53 4295.92 5544.02 4284.39 5541.86 4282.19 5542.16 4251.40 5502.83 4262.45 5501.94 4316.69 5465.95 4343.82 5470.91 4354.26 5494.48
9 4502.36 8808.18 4449.50 8846.52 4397.30 8841.97 4394.08 8813.30 4368.29 8823.73 4404.63 8790.85 4386.34 8786.31 4430.76 8732.53 4462.66 8713.90
14 809.36 824.13 787.35 823.47 782.76 827.02 789.74 834.95 740.25 836.43 741.01 858.30 693.11 850.41 684.24 838.22 662.36 816.37 641.82 778.53 696.41 759.68 723.98 780.34 753.40 727.33 761.92 794.26
15 4936.58 7342.13 4961.67 7361.07 4947.96 7352.63 4951.02 7369.67 4946.67 7365.31 4944.64 7367.55 4891.77 7342.05 4900.83 7337.60 4913.05 7323.99 4924.42 7318.72 4932.76 7329.66 4933.98 7331.51 4948.28 7324.02 4963.60 7319.89 4944.48 7332.69
15 8558.06 5671.74 8549.93 5674.62 8542.27 5665.26 8545.79 5675.01 8500.92 5666.07 8489.08 5648.14 8471.39 5637.94 8495.33 5628.89 8505.25 5625.21 8483.51 5592.52 8515.88 5590.41 8548.07 5557.56 8545.18 5599.99 8540.95 5615.75 8542.99 5616.77
14 571.61 1372.96 539.40 1376.86 534.60 1310.18 556.03 1314.67 555.18 1311.78 559.30 1306.92 532.75 1279.43 575.41 1289.35 581.38 1257.77 597.14 1255.90 587.46 1299.32 607.59 1277.74 609.79 1279.93 645.65 1316.82
7 6743.58 7696.64 6748.15 7707.47 6740.14 7721.93 6703.45 7717.95 6730.51 7672.56 6745.50 7664.37 6749.15 7678.36
5 2836.47 8809.29 2818.19 8824.45 2813.09 8823.52 2801.19 8777.29 2830.73 8768.48
12 4633.84 7108.66 4630.80 7132.18 4631.98 7135.78 4606.64 7116.55 4616.25 7135.93 4592.80 7141.02 4584.47 7138.31 4586.78 7133.63 4581.73 7131.89 4600.61 7088.55 4601.37 7095.50 4616.11 7106.33
7 9008.62 7866.67 8966.50 7916.48 8903.30 7808.76 8969.31 7769.37 8990.33 7793.59 9023.21 7801.84 9001.65 7831.19
10 635.80 250.86 643.38 266.74 583.30 262.35 585.73 255.05 567.78 211.44 595.81 201.84 603.25 223.11 605.64 217.18 638.96 216.42 641.97 218.88
10 4006.45 2992.68 4010.75 3002.75 4015.07 3019.56 4000.43 2996.79 3991.41 3004.41 3989.55 3002.23 3966.30 2980.62 3976.12 2970.58 3992.85 2976.51 4020.99 2974.23
13 816.07 2346.30 816.33 2353.64 812.08 2365.57 789.29 2378.71 783.83 2355.96 757.79 2343.51 762.85 2342.03 771.06 2333.23 789.76 2331.59 805.96 2326.47 793.37 2335.70 821.84 2332.06 814.64 2337.44
6 584.59 2491.12 573.14 2490.41 541.05 2478.44 529.64 2484.87 545.51 2472.75 586.34 2427.39
7 2585.77 4474.60 2589.57 4490.34 2534.95 4487.77 2530.25 4468.95 2525.44 4466.96 2530.13 4438.76 2551.66 4451.41
13 7489.51 2987.28 7445.04 2994.40 7425.82 3037.00 7416.88 3029.03 7398.68 3030.66 7412.11 2994.79 7385.61 3008.02 7401.50 2982.37 7376.31 2970.36 7400.27 2943.86 7397.07 2926.33 7404.29 2936.50 7435.27 2911.44
8 4201.38 3109.37 4168.93 3116.23 4162.28 3126.39 4152.33 3053.86 4155.47 3052.28 4187.85 3038.51 4194.78 3052.16 4208.26 3028.71
9 1757.30 7303.87 1730.50 7283.06 1738.52 7293.85 1725.27 7320.93 1686.78 7264.87 1688.81 7252.29 1674.88 7239.81 1742.18 7220.52 1768.15 7237.87
13 3423.46 5957.69 3392.55 5971.68 3381.59 5965.47 3370.89 5969.14 3364.11 5937.06 3353.20 5929.09 3377.32 5943.01 3372.03 5924.16 3376.37 5918.35 3397.72 5934.59 3405.42 5927.69 3401.21 5934.72 3426.44 5929.06
8 689.15 2555.66 646.30 2583.74 620.07 2535.58 650.00 2496.55 670.37 2542.00 680.39 2533.16 692.26 2527.65 697.94 2544.06
15 8739.49 3144.56 8730.91 3145.06 8736.19 3152.67 8688.82 3150.34 8691.23 3206.57 8667.20 3148.37 8633.67 3177.24 8602.90 3155.72 8618.27 3126.53 8649.27 3124.66 8595.17 3097.32 8634.37 3113.66 8659.28 3051.02 8748.59 3101.41 8716.28 3128.85
7 1650.52 4422.85 1593.13 4419.11 1550.82 4429.46 1583.56 4376.22 1595.17 4385.77 1634.06 4345.17 1671.35 4395.22
7 8764.82 5708.65 8758.01 5709.72 8717.90 5711.55 8713.77 5684.75 8719.68 5658.18 8740.43 5630.49 8765.30 5660.15
12 5688.79 5322.37 5679.04 5321.64 5681.13 5342.48 5664.83 5320.22 5659.44 5326.53 5628.14 5307.50 5622.32 5295.96 5666.08 5301.94 5689.89 5276.63 5699.80 5285.38 5709.52 5293.03 5688.30 5306.93
7 8751.24 6793.23 8647.97 6788.74 8661.58 6751.70 8666.51 6732.24 8707.58 6711.81 8717.57 6726.11 8763.15 6717.33
8 8964.16 1133.74 8873.48 1134.63 8877.04 1109.04 8917.43 1065.32 8930.95 1056.72 8924.28 1082.42 8921.41 1090.69 8919.96 1093.07
8 5114.44 4401.47 5067.69 4415.82 5071.06 4406.10 5041.47 4431.78 5040.36 4390.64 5077.27 4357.42 5080.36 4378.50 5087.81 4370.60
15 7208.96 5258.53 7205.11 5258.99 7185.64 5249.73 7175.71 5258.67 7168.14 5262.90 7145.80 5222.88 7113.47 5201.76 7138.35 5199.30 7144.89 5202.60 7145.77 5165.52 7180.74 5156.00 7176.45 5179.91 7212.53 5184.26 7221.23 5198.82 7193.68 5219.69
14 9048.70 8084.92 9039.86 8089.84 9023.85 8088.04 9016.40 8089.53 9005.99 8078.72 8995.29 8091.27 8997.74 8077.85 8996.93 8075.73 8983.40 8080.12 8999.65 8065.91 9003.95 8065.60 8984.13 8056.41 8985.10 8042.41 8996.69 8032.41
13 8476.77 8141.59 8488.21 8153.96 8492.59 8170.81 8432.69 8160.68 8423.44 8160.45 8396.56 8165.55 8414.41 8150.64 8398.70 8143.62 8437.46 8136.11 8420.80 8118.47 8443.80 8116.77 8453.73 8108.90 8463.12 8087.07
9 276.75 5996.76 251.17 6022.73 229.91 6025.76 223.42 6044.28 209.03 6010.69 212.92 5983.64 236.99 5982.61 266.68 5961.53 274.09 5992.37
13 4444.48 730.15 4451.61 676.43 4430.92 706.58 4439.39 684.33 4423.63 676.47 4393.95 651.17 4408.89 586.20 4464.53 625.66 4515.17 618.26 4506.04 625.66 4478.52 636.94 4548.75 639.35 4508.73 642.15
12 5654.28 2609.68 5664.03 2640.70 5641.71 2665.13 5629.87 2622.01 5600.66 2604.43 5595.61 2589.84 5562.25 2558.78 5600.63 2514.61 5691.35 2533.26 5709.40 2577.12 5679.79 2589.37 5645.48 2597.59
8 6095.22 3858.35 6089.12 3892.75 6014.83 3876.71 6004.58 3846.97 6000.00 3827.62 6053.72 3830.80 6016.42 3800.95 6090.30 3770.03
7 846.00 3060.94 792.93 3044.47 817.15 3024.67 835.48 3034.39 852.82 3008.86 848.58 3029.92 864.08 3025.64
13 5653.25 4227.55 5672.38 4234.12 5660.50 4242.82 5638.98 4239.99 5636.08 4236.28 5631.82 4234.72 5609.56 4247.65 5619.32 4223.90 5612.47 4211.51 5613.65 4205.73 5617.00 4207.65 5629.14 4209.81 5661.68 4185.52
12 3109.20 6437.36 3050.54 6413.59 3040.86 6392.35 3024.62 6396.25 2997.53 6399.74 2982.95 6354.30 3057.51 6354.38 3035.48 6334.60 3088.93 6344.15 3129.33 6318.23 3148.74 6312.50 3152.60 6311.02
9 2657.62 7134.88 2642.42 7123.12 2604.10 7086.09 2601.51 7082.27 2614.09 7056.64 2651.54 7019.27 2638.47 7065.68 2673.96 7049.96 2657.06 7077.05
7 4372.32 9028.53 4379.15 9032.28 4356.41 9037.33 4349.22 9039.38 4337.28 9048.63 4320.63 9027.09 4344.90 8997.22
9 1466.71 854.47 1422.04 875.70 1410.22 835.33 1400.39 827.34 1392.48 818.86 1426.38 826.51 1425.91 821.46 1434.15 797.34 1441.21 810.17
6 3849.75 7991.19 3833.02 8017.21 3801.50 8036.43 3758.02 8001.29 3761.85 7943.11 3778.44 7946.28
11 3476.31 497.27 3429.74 476.74 3438.73 490.42 3428.83 488.06 3351.23 488.12 3360.94 481.86 3383.37 460.59 3356.58 438.38 3373.43 419.62 3370.12 390.14 3403.43 385.25
14 2101.85 190.45 2114.51 195.35 2088.98 268.66 2040.64 265.84 2026.59 215.48 2009.85 222.10 2036.01 182.99 1987.39 155.22 2037.75 167.46 2050.31 147.61 2046.06 109.22 2067.15 156.79 2101.40 122.33 2098.70 135.69
6 803.41 255.33 765.27 246.35 759.97 294.35 754.18 304.50 769.65 160.66 787.67 142.83
6 5807.20 4697.11 5790.87 4708.73 5768.65 4725.40 5774.18 4681.84 5846.25 4628.07 5848.82 4641.55
5 8946.72 1777.97 8854.26 1681.44 8860.22 1658.71 8958.98 1651.62 8976.86 1671.17
7 2080.72 1311.60 2061.87 1309.13 2045.23 1344.48 2008.81 1305.25 2024.66 1293.91 2048.34 1285.27 2055.75 1276.63
13 2296.40 7834.70 2297.01 7842.06 2296.43 7857.77 2260.80 7838.34 2243.98 7838.80 2273.13 7827.28 2234.18 7808.76 2267.37 7807.91 2273.32 7806.01 2278.76 7770.19 2303.68 7815.90 2339.18 7809.27 2342.55 7819.80
6 2906.44 1077.80 2889.56 1085.27 2877.41 1123.72 2846.83 1048.36 2854.02 1016.34 2853.76 971.08
6 8525.51 6863.41 8548.67 6874.99 8550.04 6889.12 8484.91 6844.52 8535.65 6849.97 8551.69 6845.01
7 3289.62 8608.36 3305.20 8621.80 3283.07 8629.87 3223.09 8611.21 3215.38 8618.52 3183.47 8616.44 3206.51 8587.05
6 3476.70 8520.52 3480.27 8527.49 3449.98 8511.05 3446.17 8521.60 3440.12 8459.11 3479.24 8480.91
7 8867.97 7673.78 8849.78 7665.40 8816.43 7664.46 8835.11 7634.56 8851.53 7642.04 8873.91 7633.42 8873.80 7660.69
9 8696.52 8999.63 8680.40 9012.20 8647.69 9011.53 8625.98 8983.94 8647.83 8954.41 8675.23 8944.27 8677.32 8961.47 8682.56 8956.34 8664.39 8978.15
8 2445.45 8823.74 2432.95 8837.86 2396.85 8866.94 2391.29 8826.90 2379.91 8819.52 2394.65 8791.31 2441.45 8790.35 2427.83 8811.97
10 7369.79 392.32 7358.65 377.20 7320.21 383.64 7345.07 360.34 7334.89 358.05 7344.74 328.96 7348.24 330.21 7361.20 307.36 7378.13 349.15 7369.29 352.15
14 6479.33 922.22 6459.53 926.49 6448.80 951.14 6441.51 932.15 6437.14 928.91 6433.95 944.16 6400.34 937.30 6398.13 930.21 6408.05 902.42 6415.35 901.77 6420.86 889.91 6429.23 901.52 6436.96 889.63 6468.73 872.02
10 7778.59 7113.43 7763.25 7102.97 7752.36 7101.81 7742.87 7108.51 7740.87 7118.14 7681.96 7121.46 7666.20 7058.73 7713.69 7066.18 7741.08 7038.60 7790.48 7034.70
15 2663.42 7504.80 2656.87 7520.86 2653.40 7519.75 2636.13 7513.21 2660.81 7532.10 2632.74 7518.37 2644.57 7540.45 2640.15 7553.81 2599.73 7518.95 2583.30 7525.58 2587.94 7520.41 2606.03 7498.36 2617.21 7477.46 2639.23 7454.75 2640.71 7494.76
12 5351.89 2138.42 5322.57 2155.96 5270.94 2206.36 5263.85 2175.87 5205.26 2136.37 5220.39 2070.01 5270.19 2087.29 5279.28 2049.05 5328.95 2078.00 5310.50 2093.92 5338.73 2089.53 5310.55 2118.47
8 1949.55 1930.49 1944.89 1921.64 1941.42 1925.55 1938.14 1943.80 1919.60 1942.76 1952.84 1905.78 1954.63 1906.56 1965.79 1906.39
7 8736.56 5180.61 8752.52 5215.42 8729.47 5199.29 8724.86 5210.19 8682.06 5183.83 8688.88 5153.79 8711.96 5100.91
8 8494.05 4173.86 8491.93 4167.44 8451.99 4107.34 8476.55 4095.27 8443.88 4083.84 8495.35 4081.87 8477.64 4047.62 8516.41 4057.29
8 6283.65 7312.07 6281.21 7327.32 6267.00 7345.89 6269.49 7311.28 6266.23 7307.39 6258.22 7296.44 6242.60 7272.30 6306.38 7288.13
14 238.98 7429.82 181.30 7443.28 171.12 7448.28 128.16 7482.57 108.52 7477.18 133.57 7446.78 142.94 7429.50 95.65 7380.02 129.22 7377.40 157.33 7370.04 175.34 7391.57 202.96 7370.82 216.82 7410.70 190.12 7416.22
13 5765.88 2347.52 5776.49 2402.18 5740.62 2358.05 5692.41 2388.06 5713.27 2368.14 5725.16 2347.63 5699.28 2352.46 5699.23 2332.84 5680.77 2328.52 5727.84 2304.99 5754.36 2275.71 5765.51 2313.93 5768.24 2324.12
