Medium_500_B
8486.19 6020.33
2036.67 6279.38
4 0.00 0.00 9200.00 0.00 9200.00 9200.00 0.00 9200.00
500
8 5761.84 6535.04 5693.73 6502.55 5695.94 6478.78 5706.87 6417.45 5772.27 6380.61 5813.07 6411.53 5828.36 6432.93 5824.74 6448.94
10 7547.21 3724.59 7590.36 3693.25 7629.58 3710.92 7678.56 3741.99 7651.12 3797.75 7615.82 3820.80 7600.07 3815.33 7565.58 3784.96 7556.06 3766.23 7547.95 3737.82
9 8407.97 3010.34 8395.00 3024.23 8357.17 3012.26 8383.33 3004.94 8366.03 2984.58 8387.56 2996.40 8383.83 2987.27 8417.04 2995.24 8427.93 2989.40
13 7375.23 8455.24 7363.34 8468.00 7364.45 8473.38 7345.40 8453.34 7332.80 8514.06 7294.46 8505.95 7279.89 8425.73 7298.16 8422.97 7285.01 8403.22 7310.86 8399.90 7336.90 8398.98 7343.36 8386.51 7404.37 8418.37
6 259.33 8912.88 257.63 8930.31 239.86 8921.88 223.68 8914.42 209.50 8918.40 243.11 8885.14
7 6323.02 8471.27 6277.11 8445.88 6324.39 8374.65 6352.18 8359.25 6361.71 8365.39 6387.68 8399.92 6396.87 8423.33
13 3044.04 5118.32 3040.28 5141.50 3015.87 5118.78 3009.16 5118.83 2991.62 5126.82 3014.65 5099.69 3001.45 5089.99 2993.85 5088.45 3011.92 5087.77 3019.30 5079.04 3046.69 5038.00 3071.98 5058.61 3060.76 5092.85
8 990.39 2325.54 994.52 2420.09 948.90 2419.90 943.19 2418.26 933.03 2402.44 930.04 2361.84 931.68 2343.21 945.23 2329.05
7 1433.91 6360.84 1475.17 6340.94 1489.69 6347.15 1516.94 6389.26 1509.91 6415.25 1469.65 6421.39 1443.96 6418.27
6 5180.02 4300.08 5193.83 4170.75 5225.14 4173.45 5277.36 4186.08 5326.44 4211.99 5294.69 4322.54
10 3155.00 1418.40 3179.82 1368.75 3200.67 1355.05 3251.17 1366.40 3254.77 1368.60 3264.53 1398.68 3263.03 1422.94 3246.72 1438.55 3199.45 1454.76 3158.02 1426.36
10 6407.89 7262.90 6392.82 7236.16 6395.53 7225.21 6438.64 7175.57 6444.33 7171.50 6468.68 7177.79 6520.81 7208.91 6502.99 7273.14 6495.08 7299.13 6457.70 7326.42
7 2547.18 519.79 2548.45 571.58 2493.74 607.57 2417.42 586.34 2423.03 520.54 2457.92 488.60 2514.73 497.40
8 4472.44 8324.48 4455.05 8288.40 4466.87 8262.12 4508.04 8258.22 4523.25 8280.38 4525.45 8283.69 4517.50 8299.93 4495.74 8324.37
11 5040.19 8780.74 5053.45 8851.21 5010.76 8864.44 4993.21 8867.59 4975.11 8869.23 4968.09 8863.01 4947.33 8831.25 4944.84 8826.76 4952.25 8802.36 4972.58 8770.19 4974.23 8769.72
9 2657.13 3576.00 2636.48 3574.62 2628.61 3588.69 2604.15 3588.53 2584.27 3570.00 2594.97 3560.27 2591.58 3540.85 2640.36 3526.64 2657.36 3540.95
9 3361.21 3895.36 3311.41 3895.84 3308.56 3931.83 3300.74 3892.73 3270.07 3874.37 3225.20 3853.30 3247.34 3824.41 3314.18 3805.11 3343.00 3783.11
11 4605.80 8920.54 4589.71 8885.53 4598.11 8874.40 4614.03 8861.25 4626.77 8860.31 4660.77 8866.48 4663.01 8877.73 4661.39 8900.89 4658.94 8910.48 4647.12 8935.97 4630.62 8938.30
10 4994.47 1147.10 5027.34 1152.72 4983.76 1178.22 4964.06 1220.87 4946.95 1225.46 4952.06 1173.92 4894.41 1196.05 4900.11 1131.54 4950.82 1113.96 5003.00 1078.14
7 6066.85 8615.00 6016.41 8609.43 6018.38 8602.40 6056.12 8559.85 6081.41 8527.42 6114.97 8555.45 6123.88 8591.60
10 6339.65 9062.43 6296.88 9065.04 6278.84 9023.35 6253.76 9064.85 6254.90 9052.02 6254.99 9032.81 6263.74 9024.01 6238.27 8973.77 6302.01 8996.73 6303.59 9003.54
13 8145.00 4369.59 8144.78 4369.85 8134.39 4385.89 8129.87 4392.72 8126.26 4388.37 8115.76 4386.52 8107.33 4397.92 8092.37 4367.89 8125.02 4322.99 8141.50 4334.30 8140.55 4350.94 8135.10 4360.13 8142.07 4360.13
10 2005.18 834.53 1996.43 823.89 1974.71 820.81 1965.99 844.03 1944.25 835.10 1957.32 806.39 1945.36 811.46 1950.78 804.23 2003.82 752.65 2013.35 757.30
5 5840.67 5309.94 5767.38 5317.21 5754.00 5312.33 5712.47 5294.19 5721.73 5286.01
7 646.98 5801.30 547.96 5831.01 533.71 5820.15 526.26 5734.17 610.85 5706.92 632.59 5753.53 639.25 5772.52
8 8935.44 6600.40 8858.87 6590.01 8859.08 6583.60 8865.61 6552.03 8893.47 6503.92 8924.05 6503.68 8966.20 6559.55 8971.80 6567.62
10 727.98 693.52 733.81 666.07 741.62 658.89 782.23 639.18 797.70 640.28 809.27 683.22 809.37 717.56 757.65 730.21 746.58 727.34 739.48 721.39
7 6478.22 1222.03 6367.29 1278.35 6353.53 1254.24 6351.15 1152.73 6376.08 1146.17 6453.33 1136.48 6471.54 1164.26
10 4661.66 7768.41 4657.40 7723.47 4663.41 7702.13 4694.90 7678.77 4736.99 7679.26 4744.96 7694.57 4745.43 7746.70 4745.13 7752.65 4735.18 7790.86 4703.94 7794.85
11 1464.53 8879.81 1464.99 8886.26 1426.03 8878.54 1453.03 8921.07 1414.18 8883.07 1375.18 8873.32 1343.65 8851.50 1375.32 8800.68 1389.72 8798.32 1439.14 8814.50 1418.48 8856.42
12 619.24 7221.29 584.71 7310.08 490.00 7311.99 462.32 7290.10 457.15 7281.83 451.41 7269.67 456.98 7228.67 473.40 7164.36 482.21 7157.45 513.21 7155.53 529.36 7156.27 597.84 7171.66
10 8643.18 595.77 8619.55 618.74 8547.64 575.63 8614.88 506.94 8635.29 509.44 8655.01 538.77 8649.01 548.71 8673.12 524.43 8684.11 570.36 8655.62 572.09
13 4908.61 1830.68 4883.45 1835.33 4856.84 1816.59 4849.59 1804.70 4842.78 1802.54 4839.17 1795.06 4813.20 1777.81 4845.32 1786.07 4855.33 1772.30 4874.94 1754.78 4875.98 1785.54 4914.90 1791.26 4882.67 1803.68
10 5379.97 2520.33 5434.12 2512.58 5472.39 2522.94 5496.28 2583.44 5450.34 2637.26 5414.42 2654.63 5400.43 2652.92 5347.14 2634.03 5347.87 2576.77 5354.04 2556.92
7 7944.36 8548.13 7920.00 8464.81 7935.28 8452.96 7978.20 8446.84 8006.05 8474.68 8024.52 8505.21 8015.58 8544.81
5 1808.31 9037.52 1702.88 9040.17 1728.64 8983.73 1758.41 8964.63 1777.51 9007.53
8 756.38 2292.81 821.20 2222.50 839.88 2244.00 881.69 2296.63 887.67 2307.36 801.18 2373.37 789.29 2376.06 775.88 2370.93
7 6078.04 6485.75 5990.53 6502.51 6022.71 6482.88 6016.33 6481.63 6010.33 6457.62 6058.49 6475.06 6065.83 6477.20
6 3076.53 8915.87 3070.82 8881.35 3052.34 8775.76 3073.44 8804.11 3085.26 8812.59 3107.81 8797.31
8 7030.70 3087.52 7057.78 3031.63 7085.29 3043.56 7102.29 3052.73 7104.43 3085.54 7069.09 3114.00 7054.66 3117.28 7048.49 3111.46
11 4933.65 395.91 4918.13 439.76 4879.14 456.67 4851.16 423.19 4853.00 414.96 4878.96 397.31 4855.21 379.98 4871.68 382.23 4857.91 329.08 4913.31 322.30 4943.08 388.37
9 5311.87 8191.17 5298.26 8186.17 5285.73 8177.52 5211.65 8123.16 5222.56 8110.56 5280.73 8058.85 5364.43 8066.28 5374.12 8112.70 5358.24 8179.53
15 1382.31 1377.05 1375.75 1419.87 1364.69 1436.22 1316.97 1430.67 1298.79 1421.21 1295.62 1420.63 1284.38 1378.66 1292.94 1332.68 1335.08 1330.61 1341.09 1335.48 1347.69 1334.43 1394.40 1331.94 1400.38 1330.86 1365.75 1362.01 1359.44 1370.95
8 6380.76 5357.15 6340.22 5370.28 6329.94 5373.24 6322.87 5432.72 6294.43 5387.39 6271.23 5391.36 6235.73 5339.95 6249.10 5313.79
15 8596.76 8205.45 8539.45 8244.38 8513.99 8233.51 8498.19 8266.99 8479.62 8181.23 8468.99 8170.66 8493.88 8165.75 8519.10 8170.18 8561.57 8128.75 8557.47 8142.59 8567.11 8126.44 8595.57 8134.90 8568.88 8175.70 8590.37 8178.24 8582.05 8187.67
6 6744.98 5850.56 6749.30 5860.02 6655.67 5894.96 6634.56 5854.47 6701.65 5792.17 6712.78 5797.11
7 1043.09 3700.42 1062.59 3738.81 1045.79 3774.33 1002.09 3771.06 986.01 3739.15 990.53 3729.39 1027.27 3705.01
7 6918.19 6967.25 6918.14 7037.76 6823.14 7080.03 6806.40 7039.95 6828.65 6923.14 6844.66 6922.52 6848.97 6923.05
11 7003.09 9034.84 6969.83 8991.96 6971.02 8984.40 7003.76 8948.70 7019.86 8943.09 7026.43 8941.83 7034.11 8942.90 7047.93 8954.56 7073.49 8986.73 7045.97 9025.44 7030.89 9039.02
5 878.73 4361.20 868.11 4364.86 857.36 4364.17 841.27 4353.77 827.56 4314.62
13 3242.47 948.36 3292.37 930.21 3311.10 932.97 3347.33 951.78 3357.22 958.92 3358.62 964.27 3355.60 996.99 3350.38 1007.60 3335.62 1025.88 3319.26 1030.29 3294.99 1034.93 3259.40 1014.66 3254.90 998.88
10 667.34 2938.61 631.17 2932.08 615.05 2977.72 563.93 2956.63 538.99 2882.29 534.35 2868.18 593.44 2859.59 592.65 2847.40 633.47 2846.52 627.39 2877.56
7 8956.36 5843.84 8936.92 5862.15 8911.26 5846.63 8883.47 5805.93 8898.04 5770.68 8945.80 5760.47 8956.09 5803.70
8 8577.64 1908.37 8584.45 1943.17 8570.53 1917.70 8574.10 1933.94 8558.32 1954.90 8555.69 1918.20 8541.66 1917.98 8540.58 1909.67
8 7275.09 4314.88 7255.64 4265.12 7262.71 4229.53 7310.94 4205.54 7383.33 4209.72 7398.75 4233.72 7383.64 4318.33 7351.19 4337.09
5 7613.96 7559.80 7674.82 7511.83 7678.04 7626.17 7659.22 7653.45 7627.09 7642.12
6 5203.16 2554.57 5217.69 2687.49 5161.44 2713.80 5087.47 2659.23 5090.09 2593.38 5101.79 2582.24
11 6802.12 8252.90 6815.70 8222.81 6835.06 8204.02 6881.42 8159.13 6910.29 8165.78 6966.20 8200.88 6962.28 8216.15 6944.84 8259.12 6923.70 8273.52 6854.87 8290.39 6841.46 8281.19
9 3921.54 8646.14 3958.11 8604.40 3976.24 8597.25 4010.05 8616.22 4025.00 8671.57 4018.18 8689.50 3990.34 8711.76 3959.99 8716.96 3933.59 8707.37
14 5386.18 918.56 5402.39 926.43 5394.00 935.16 5393.68 943.08 5384.16 932.16 5374.20 954.22 5360.23 944.79 5345.02 928.54 5335.23 911.93 5323.15 895.23 5337.99 881.76 5366.09 873.71 5403.67 894.13 5387.55 914.49
8 1339.48 1090.14 1389.43 1089.25 1392.89 1095.72 1394.87 1114.88 1388.47 1147.15 1341.42 1159.50 1325.50 1139.33 1329.69 1121.22
7 8002.45 815.14 7984.47 775.52 7985.91 761.90 8007.53 746.67 8060.91 764.22 8054.41 784.92 8044.85 806.74
13 3872.36 8135.51 3872.95 8137.21 3877.12 8142.88 3849.10 8146.89 3843.73 8136.85 3835.99 8136.38 3822.59 8148.78 3823.04 8147.83 3830.76 8113.27 3858.90 8095.19 3865.34 8073.54 3862.26 8094.97 3886.08 8102.35
10 1833.06 7646.34 1845.88 7658.84 1806.99 7653.71 1792.68 7684.50 1781.89 7589.07 1822.48 7611.49 1828.75 7599.18 1870.56 7600.73 1869.50 7603.35 1867.29 7608.94
8 829.27 4773.91 838.47 4864.54 819.87 4873.31 776.27 4880.24 746.71 4838.50 737.09 4824.00 798.29 4782.24 814.31 4775.29
8 750.32 5837.59 748.09 5812.33 772.86 5783.67 851.08 5759.34 879.17 5760.86 891.48 5792.67 828.30 5902.86 808.67 5903.13
9 4184.32 3908.56 4168.66 3991.86 4072.82 3956.18 4071.00 3914.48 4075.56 3888.99 4088.85 3842.67 4119.96 3847.13 4161.23 3865.94 4177.51 3892.29
10 7138.76 299.55 7115.82 309.48 7105.76 308.70 7095.79 306.28 7089.13 297.72 7060.01 321.38 7061.44 277.64 7077.24 274.63 7118.44 264.51 7126.32 261.06
8 6502.97 3536.16 6498.77 3529.64 6479.93 3545.33 6483.08 3485.88 6502.76 3474.34 6534.75 3476.12 6536.62 3485.03 6517.35 3497.17
12 6450.66 6515.19 6432.32 6519.63 6431.58 6554.13 6420.09 6535.79 6412.49 6558.58 6407.61 6538.79 6407.54 6538.10 6402.17 6535.84 6394.08 6536.81 6378.89 6522.43 6417.31 6480.46 6427.10 6502.50
5 2002.66 8549.12 1928.33 8536.96 1917.11 8489.68 1936.33 8494.46 1933.67 8470.83
7 8581.10 7936.96 8558.45 7880.86 8580.57 7852.73 8631.50 7789.16 8677.43 7807.74 8693.33 7927.11 8667.58 7944.87
6 5865.44 4741.21 5855.22 4744.33 5833.73 4750.79 5826.54 4726.36 5825.19 4662.82 5898.44 4698.16
6 7470.73 2004.58 7500.46 1947.21 7566.76 1958.52 7606.43 2062.39 7546.52 2087.10 7474.95 2073.91
8 6081.14 8466.88 6078.66 8457.19 6070.19 8442.70 6040.83 8451.08 6057.80 8407.59 6076.66 8405.47 6087.96 8394.38 6087.81 8414.36
9 5337.47 2851.97 5340.90 2859.56 5352.79 2884.32 5356.37 2906.35 5298.76 2864.18 5285.60 2870.23 5268.12 2861.78 5287.22 2832.00 5301.17 2809.59
9 3965.58 7135.29 3932.18 7174.93 3925.19 7128.25 3879.24 7057.92 3933.97 7027.50 3935.97 7073.16 3938.19 7072.24 3933.17 7087.12 3991.86 7077.09
7 4247.48 6191.55 4217.52 6180.33 4223.25 6139.62 4231.30 6132.43 4245.48 6140.19 4279.14 6169.99 4284.15 6186.68
6 5052.12 7364.43 5101.82 7356.07 5130.53 7453.24 5092.99 7460.48 5063.83 7450.75 5056.49 7408.80
11 6534.77 5078.88 6568.71 5041.47 6578.27 5043.68 6616.78 5057.74 6643.12 5094.11 6638.14 5109.17 6612.02 5129.28 6593.34 5131.53 6566.85 5121.65 6556.38 5115.87 6549.84 5111.90
14 6737.77 469.32 6743.51 485.45 6726.96 455.24 6698.54 457.46 6690.49 448.64 6698.06 439.28 6709.06 438.70 6714.34 428.95 6710.71 417.12 6714.36 417.03 6727.64 423.16 6751.28 406.72 6765.55 434.80 6765.31 438.71
11 2771.62 8089.69 2750.30 8091.92 2734.80 8125.66 2734.81 8095.77 2724.55 8120.04 2699.38 8107.69 2721.47 8090.07 2707.04 8084.49 2698.28 8067.57 2711.88 8057.16 2738.97 8070.73
8 3687.64 3216.96 3710.11 3169.70 3740.95 3170.99 3752.49 3185.64 3771.58 3213.42 3757.68 3221.83 3730.99 3237.19 3690.06 3222.51
15 2019.79 3531.73 2002.60 3547.58 2017.26 3523.61 1993.89 3547.55 2003.16 3531.15 1978.65 3539.87 1973.39 3483.03 1992.53 3473.14 1994.47 3462.46 1998.28 3459.55 2031.25 3470.84 2048.27 3479.54 2039.77 3496.18 2086.69 3477.94 2053.29 3497.34
9 3180.54 4703.91 3156.14 4663.16 3159.01 4623.52 3217.00 4595.55 3225.29 4597.92 3241.57 4621.18 3251.44 4640.88 3237.70 4677.01 3210.50 4691.32
7 1792.61 3945.09 1756.76 3971.24 1746.39 3965.89 1716.56 3946.03 1697.92 3890.46 1724.37 3884.38 1783.44 3895.49
7 4954.16 5027.79 5012.86 4975.49 5077.60 4989.74 5106.35 5015.19 5090.14 5047.75 5003.49 5112.60 4970.94 5071.31
14 7621.74 1301.09 7606.21 1364.41 7541.07 1320.83 7563.90 1303.61 7565.47 1297.36 7553.40 1292.10 7556.74 1286.29 7573.39 1282.14 7566.11 1260.68 7625.59 1233.07 7634.15 1241.15 7656.45 1250.53 7646.53 1258.18 7666.95 1276.49
11 6906.46 6830.46 6906.21 6845.79 6914.52 6885.22 6904.13 6893.72 6834.73 6882.88 6815.39 6819.66 6822.05 6803.77 6856.91 6810.37 6873.39 6779.79 6880.82 6751.57 6929.90 6809.50
9 4280.84 1219.27 4229.08 1166.27 4286.95 1125.75 4306.09 1122.26 4342.19 1144.70 4353.48 1153.76 4338.95 1193.43 4321.96 1228.21 4297.07 1235.01
10 7987.43 8124.35 7993.06 8135.94 7970.74 8149.93 7957.40 8130.22 7946.55 8121.18 7968.63 8102.24 7994.82 8085.27 7982.89 8101.75 7990.69 8102.61 7989.24 8107.93
7 300.13 3259.60 253.53 3261.75 262.77 3240.63 259.41 3240.10 263.50 3221.29 262.03 3210.47 282.12 3239.57
13 4118.31 2469.93 4111.75 2507.89 4102.71 2519.97 4094.26 2489.12 4058.77 2516.08 4073.51 2464.83 4051.14 2480.45 4048.04 2477.01 4070.00 2458.30 4044.70 2427.29 4101.82 2439.03 4151.80 2417.42 4117.46 2439.66
5 6644.31 2926.86 6608.28 2960.55 6584.19 2929.16 6621.45 2890.14 6670.41 2890.18
10 8294.77 3781.43 8235.90 3827.86 8214.54 3826.78 8197.69 3825.76 8166.03 3793.20 8174.66 3745.19 8186.79 3713.05 8237.07 3720.96 8285.12 3742.38 8289.19 3756.48
13 8915.71 5586.72 8886.69 5643.05 8879.53 5620.01 8874.39 5623.10 8850.47 5644.07 8865.71 5602.55 8853.95 5591.30 8855.11 5572.62 8864.05 5518.82 8867.73 5521.48 8873.88 5503.24 8940.01 5561.74 8938.03 5574.94
10 1632.41 2786.30 1645.66 2740.75 1685.34 2729.75 1729.38 2765.31 1733.15 2769.48 1735.43 2775.52 1735.33 2785.24 1702.77 2823.54 1664.19 2814.76 1652.41 2807.58
6 2984.40 780.68 2979.78 784.49 2969.35 770.55 2958.13 721.53 2992.73 733.47 2987.94 757.10
11 2107.74 4382.26 2084.15 4318.53 2103.35 4300.63 2112.52 4294.40 2131.79 4283.29 2142.56 4288.91 2175.60 4313.24 2175.57 4339.31 2166.03 4359.87 2152.53 4372.38 2120.77 4381.02
13 6079.63 4602.36 6088.69 4624.56 6067.04 4630.48 6062.99 4626.23 6060.36 4624.02 6050.57 4607.45 6053.97 4600.69 6039.50 4589.96 6049.34 4578.37 6049.59 4574.94 6064.00 4572.71 6065.73 4585.34 6103.25 4589.13
10 6403.75 1937.08 6399.65 1951.24 6325.71 1937.68 6313.30 1945.34 6315.87 1936.10 6259.94 1946.67 6283.11 1916.84 6274.50 1869.35 6315.83 1894.54 6353.70 1863.09
6 318.10 6653.39 286.21 6717.02 237.67 6694.65 272.56 6648.00 255.74 6603.23 310.55 6629.84
9 8841.78 5829.45 8872.02 5863.30 8842.16 5857.12 8857.75 5895.80 8782.92 5890.88 8790.36 5795.11 8830.82 5783.02 8856.04 5799.06 8862.59 5806.30
12 777.13 7648.37 742.84 7643.47 741.71 7621.72 706.65 7575.65 743.03 7586.57 752.45 7576.75 777.64 7589.75 778.11 7594.19 788.33 7581.16 788.60 7588.41 794.25 7615.16 857.36 7611.23
6 4407.69 4172.10 4390.86 4145.36 4405.71 4119.68 4418.32 4144.06 4423.88 4155.95 4483.08 4137.47
6 8796.70 975.88 8749.70 850.63 8813.43 829.19 8860.01 839.98 8874.27 892.40 8838.44 951.50
15 6504.30 3831.51 6515.91 3835.13 6481.06 3842.66 6478.21 3868.72 6477.13 3863.30 6471.52 3868.52 6437.16 3840.93 6440.41 3825.89 6449.72 3824.65 6461.30 3815.46 6463.92 3811.74 6486.21 3787.18 6491.17 3803.94 6486.08 3827.22 6509.34 3823.64
10 224.52 2006.04 211.45 2014.28 171.65 2009.12 172.32 2028.84 156.64 2006.95 138.52 2007.21 146.78 1991.20 156.03 1962.97 176.24 1944.56 189.03 1956.66
7 718.14 4621.44 628.40 4668.05 592.26 4623.39 582.80 4597.84 600.64 4531.62 619.06 4514.60 710.32 4552.01
9 6830.70 8529.68 6796.74 8496.62 6799.44 8489.14 6829.87 8450.09 6865.34 8468.38 6869.20 8473.05 6873.13 8503.69 6864.46 8512.17 6852.71 8519.78
12 5485.24 6198.98 5467.38 6200.37 5463.01 6200.46 5452.05 6216.01 5437.17 6191.11 5385.16 6204.07 5409.63 6176.51 5414.45 6145.42 5427.08 6126.89 5473.69 6137.65 5495.43 6151.65 5482.29 6172.81
7 542.65 7449.39 594.14 7504.95 544.34 7546.23 490.57 7575.04 464.78 7543.15 463.45 7506.18 464.24 7453.40
10 382.02 8879.61 400.04 8852.57 454.86 8811.91 477.76 8817.70 499.33 8841.99 503.56 8853.37 519.58 8909.82 502.71 8941.67 428.97 8960.40 386.73 8917.22
9 4699.09 243.47 4642.10 207.56 4661.71 159.97 4716.94 138.55 4726.44 138.83 4754.45 156.51 4757.92 172.91 4760.52 223.82 4723.92 245.88
6 4981.14 8117.08 4945.17 8071.01 5072.73 8052.28 5046.14 8090.39 5059.00 8091.94 5032.42 8097.30
7 5834.21 1904.43 5812.00 1947.45 5801.06 1944.33 5762.57 1926.18 5756.32 1920.43 5754.37 1882.15 5763.11 1879.87
8 2544.65 7503.59 2583.54 7568.13 2574.47 7591.52 2535.04 7627.40 2498.59 7645.18 2476.72 7636.67 2450.21 7530.24 2514.95 7505.13
11 5112.40 1488.89 5133.65 1444.90 5146.19 1443.58 5189.48 1439.11 5227.39 1456.44 5227.76 1465.46 5225.57 1501.22 5201.35 1543.41 5159.60 1545.87 5138.18 1539.39 5120.50 1519.95
10 5076.83 4307.38 5049.72 4310.32 5055.95 4321.10 5050.09 4316.31 5019.01 4277.40 5024.74 4276.61 5040.94 4279.33 5057.33 4246.07 5056.75 4298.99 5090.97 4297.07
13 7648.82 8329.37 7620.35 8333.84 7600.52 8330.58 7605.28 8372.75 7577.37 8326.99 7560.93 8329.53 7546.06 8326.01 7558.95 8292.85 7564.68 8287.00 7518.09 8260.01 7579.71 8279.25 7566.85 8241.18 7621.94 8288.09
7 4646.92 6581.85 4568.68 6552.46 4544.87 6514.61 4542.99 6489.60 4594.28 6463.65 4668.53 6465.34 4658.01 6546.12
8 7590.80 3452.27 7548.09 3457.80 7542.32 3474.52 7516.27 3482.01 7492.14 3457.51 7471.36 3442.84 7576.03 3392.27 7584.63 3435.38
10 5026.71 865.61 5091.10 910.90 5062.34 984.06 5056.05 986.94 5010.72 978.93 4969.33 957.25 4963.81 917.21 4967.12 906.82 4988.82 877.47 4997.61 871.45
9 3884.56 1163.15 3951.06 1208.27 3950.69 1268.81 3945.43 1273.06 3871.62 1286.91 3840.86 1266.69 3816.23 1207.43 3826.76 1192.23 3867.30 1164.28
6 2883.40 2728.80 2844.60 2720.48 2802.18 2714.81 2826.82 2644.76 2855.82 2639.13 2872.78 2667.78
15 2893.65 6782.17 2838.11 6777.17 2836.57 6826.34 2825.54 6808.25 2821.78 6838.49 2808.79 6820.09 2809.69 6802.04 2758.63 6835.60 2784.29 6787.91 2796.48 6778.44 2742.33 6758.31 2771.60 6755.55 2797.67 6750.11 2809.30 6730.05 2823.35 6687.73
14 1076.65 6430.32 1056.13 6441.64 1057.86 6451.30 1082.93 6483.89 1061.19 6481.30 1052.44 6474.09 1040.42 6450.75 1007.97 6449.39 960.83 6434.68 1013.98 6420.77 1036.46 6359.45 1074.93 6351.89 1099.08 6364.03 1088.42 6403.76
14 6269.18 4984.67 6274.89 5010.58 6274.04 5023.53 6241.10 5026.90 6229.43 4999.31 6216.39 4990.68 6152.96 4985.24 6176.45 4960.26 6201.30 4963.64 6206.68 4950.38 6198.00 4917.88 6212.89 4925.64 6253.85 4924.33 6269.75 4970.02
8 2406.80 7986.36 2381.27 8029.85 2309.30 7973.72 2298.72 7955.49 2294.59 7934.21 2311.82 7907.02 2328.56 7898.80 2364.81 7915.68
7 678.68 6336.38 711.64 6320.32 729.78 6294.74 734.73 6296.41 734.67 6300.88 750.60 6315.06 729.93 6323.97
8 4558.79 7430.81 4567.47 7439.86 4457.40 7434.33 4460.35 7413.95 4436.32 7410.63 4462.75 7384.21 4545.02 7329.71 4530.85 7386.74
8 1740.26 7476.73 1629.24 7508.97 1619.01 7490.89 1597.55 7442.51 1618.71 7419.41 1643.26 7394.00 1671.75 7366.61 1719.33 7387.59
13 4239.01 5387.01 4270.19 5377.09 4300.30 5388.57 4306.14 5394.35 4308.45 5397.34 4317.68 5426.02 4303.54 5444.02 4295.48 5448.49 4275.99 5448.23 4266.41 5446.76 4254.14 5443.01 4232.84 5408.13 4232.87 5396.48
6 7418.75 6516.41 7453.03 6477.22 7507.21 6506.19 7489.50 6551.93 7460.80 6574.50 7421.84 6532.05
15 4496.70 4415.35 4448.31 4405.76 4451.47 4421.19 4457.21 4447.14 4440.91 4442.06 4433.77 4482.57 4424.24 4485.98 4387.70 4467.77 4408.94 4413.85 4388.71 4328.92 4416.15 4365.70 4418.19 4344.39 4432.15 4340.00 4436.50 4354.38 4459.46 4360.76
6 4633.89 6339.43 4549.80 6255.38 4566.82 6214.21 4654.51 6210.81 4672.05 6266.12 4664.07 6295.97
11 8915.37 4453.60 8908.36 4428.48 8917.63 4397.53 8922.35 4393.17 8934.13 4388.68 8958.39 4383.76 8981.82 4382.14 9007.05 4407.47 9004.09 4458.80 8977.34 4471.20 8955.11 4478.37
9 8731.91 6165.74 8730.34 6175.07 8704.53 6185.78 8695.23 6222.96 8649.13 6138.11 8695.54 6126.40 8755.39 6104.77 8720.40 6132.23 8741.63 6135.33
10 4288.37 8631.80 4287.82 8618.59 4289.41 8602.87 4312.06 8598.11 4336.73 8599.96 4348.74 8607.74 4361.68 8653.63 4342.60 8665.06 4328.56 8670.91 4320.32 8670.42
9 4660.00 4766.73 4658.08 4773.84 4653.49 4784.48 4628.65 4808.82 4598.86 4788.19 4532.51 4735.11 4608.58 4733.02 4642.28 4740.49 4633.58 4746.39
6 3202.55 2799.48 3237.89 2752.96 3256.85 2769.35 3262.84 2781.14 3271.81 2806.56 3251.18 2825.91
7 731.02 8334.46 684.08 8355.51 633.50 8311.81 625.80 8304.77 637.33 8256.09 663.93 8235.91 728.80 8278.42
10 1903.48 3705.26 1959.53 3757.16 1917.50 3806.19 1909.24 3813.32 1868.07 3835.39 1838.13 3824.10 1822.98 3808.66 1814.49 3759.70 1827.03 3730.99 1878.19 3705.78
8 1861.83 5699.37 1871.81 5727.79 1801.75 5667.38 1804.06 5661.11 1823.03 5634.78 1840.93 5647.49 1852.87 5623.48 1841.11 5654.62
9 3887.40 8858.95 3880.07 8776.73 3885.86 8768.27 3996.18 8739.18 4030.72 8757.99 4038.69 8808.60 4040.96 8831.79 4035.23 8875.71 3964.88 8908.67
14 4132.58 827.03 4104.68 851.44 4088.66 829.72 4063.09 843.85 4081.24 827.83 4083.65 815.16 4079.46 807.48 4067.35 797.75 4072.58 793.60 4087.31 807.77 4093.36 788.29 4103.70 786.37 4108.04 789.01 4104.24 801.52
8 869.38 4972.23 857.53 4968.28 796.44 4963.21 792.27 4947.33 828.17 4936.33 799.13 4907.06 853.76 4895.63 875.53 4893.60
8 4679.12 3283.17 4667.06 3229.37 4682.89 3191.48 4746.81 3194.93 4758.43 3202.47 4774.61 3249.93 4756.79 3279.70 4680.80 3290.43
11 4073.98 1389.88 4071.65 1407.56 4055.50 1428.45 4040.64 1435.40 4037.83 1434.12 4026.02 1425.66 4025.27 1421.35 4025.02 1409.91 4028.87 1384.84 4045.01 1374.04 4071.27 1380.30
11 3862.20 6770.73 3840.11 6796.60 3842.64 6802.50 3819.53 6839.99 3804.15 6823.72 3797.60 6796.10 3722.99 6785.48 3790.56 6706.10 3855.16 6733.26 3841.88 6744.98 3858.03 6748.87
11 505.13 1909.82 425.03 1898.89 425.50 1897.17 458.76 1873.90 461.16 1860.82 446.35 1846.89 455.52 1813.02 485.53 1820.40 488.39 1843.65 508.89 1838.45 525.55 1865.50
10 5908.79 3487.91 5871.87 3453.01 5886.13 3422.09 5896.52 3406.75 5905.33 3395.50 5959.27 3403.04 5966.35 3431.54 5961.41 3469.57 5948.22 3482.32 5931.72 3489.53
11 3112.83 6583.72 3095.78 6553.60 3109.01 6530.55 3137.04 6512.20 3144.39 6515.90 3185.24 6536.95 3193.86 6544.52 3185.84 6583.14 3169.18 6593.34 3151.84 6593.51 3130.19 6592.18
6 1365.57 3579.47 1354.97 3637.64 1331.06 3624.36 1301.02 3599.78 1305.53 3585.09 1399.60 3536.66
9 8410.87 6471.57 8439.09 6501.11 8437.36 6523.44 8407.57 6548.04 8382.13 6555.15 8354.14 6542.35 8360.27 6490.07 8362.96 6482.86 8395.45 6474.29
9 332.62 1798.68 344.74 1816.45 314.80 1783.71 307.02 1784.52 279.78 1765.13 275.78 1752.39 259.10 1720.09 258.32 1711.50 257.82 1705.51
10 5890.66 677.59 5902.08 650.52 5932.82 626.58 5992.77 650.97 6010.65 662.62 6010.72 712.91 5984.41 742.10 5910.86 738.79 5894.87 724.03 5891.52 707.37
5 254.22 8708.52 277.06 8659.55 307.44 8646.79 316.98 8632.97 326.02 8643.20
7 3685.33 396.81 3719.33 359.74 3738.82 360.40 3779.88 385.87 3764.55 445.22 3762.86 451.48 3694.40 432.68
6 2802.40 6376.88 2821.65 6446.61 2813.75 6478.09 2775.51 6485.76 2690.64 6473.47 2713.98 6385.67
5 3399.88 2070.69 3397.42 2068.37 3332.95 2090.56 3302.76 2014.35 3428.56 1984.60
7 2742.44 7996.12 2784.24 7938.66 2846.99 7950.37 2908.36 7993.38 2903.51 8012.47 2853.69 8074.30 2750.24 8051.86
15 7500.24 8893.89 7510.40 8917.67 7503.86 8929.83 7478.61 8915.78 7480.26 8905.43 7473.04 8916.98 7448.67 8915.76 7453.82 8905.22 7452.11 8895.36 7491.52 8846.27 7506.62 8859.93 7508.70 8864.07 7510.79 8881.43 7505.29 8888.12 7523.94 8889.92
10 3954.76 8539.40 3958.17 8463.91 3978.27 8428.06 4069.94 8452.60 4083.63 8465.69 4075.57 8541.80 4025.64 8584.59 4016.03 8589.29 3970.25 8584.09 3967.75 8582.84
10 6088.65 8115.35 6099.45 8087.58 6130.10 8088.08 6155.55 8100.42 6182.51 8126.19 6178.34 8180.68 6143.76 8209.30 6073.38 8182.13 6070.64 8171.95 6080.83 8139.70
12 212.94 2194.82 223.98 2203.80 196.78 2193.15 204.84 2230.77 186.95 2227.28 184.25 2199.56 154.14 2189.32 180.56 2137.43 182.57 2134.83 213.92 2148.61 239.44 2165.52 239.44 2175.85
6 7328.96 157.81 7307.56 180.86 7287.66 141.58 7295.55 135.56 7305.56 118.42 7318.05 147.76
9 3566.17 1961.50 3549.97 1896.95 3561.47 1873.80 3581.33 1861.20 3667.71 1837.49 3711.62 1881.69 3713.38 1896.76 3660.07 1985.47 3599.10 1986.37
13 1301.55 5278.03 1280.21 5239.94 1281.79 5213.32 1300.97 5194.59 1351.18 5187.73 1378.07 5191.39 1399.98 5208.68 1400.44 5213.94 1400.33 5258.09 1392.42 5276.51 1372.99 5305.25 1363.84 5309.72 1343.86 5309.63
9 8762.05 6328.12 8800.06 6305.02 8823.39 6297.89 8860.92 6289.45 8877.91 6323.13 8897.06 6399.66 8838.43 6436.12 8796.52 6420.95 8763.71 6376.80
8 8920.61 1056.41 8973.08 1127.86 8969.17 1132.98 8928.44 1160.18 8886.18 1145.81 8865.55 1135.29 8872.35 1100.42 8883.76 1070.87
10 6491.56 7795.58 6550.55 7782.51 6598.52 7801.78 6608.67 7811.52 6622.48 7874.54 6590.40 7917.01 6559.70 7926.51 6492.37 7911.78 6459.96 7860.56 6484.35 7810.00
14 3622.08 8330.59 3621.63 8348.97 3606.62 8339.55 3603.66 8366.09 3587.07 8339.51 3580.20 8335.20 3587.07 8321.43 3554.64 8322.18 3583.59 8308.06 3598.19 8276.81 3601.33 8292.73 3606.95 8279.84 3642.50 8300.93 3621.23 8306.53
7 5946.13 5391.45 5872.32 5330.73 5887.78 5278.32 5916.96 5243.83 5973.56 5244.00 6005.99 5294.50 6025.61 5343.83
10 6416.12 3546.39 6320.75 3641.43 6296.78 3636.27 6255.41 3566.14 6257.80 3546.80 6266.07 3526.71 6308.21 3496.80 6324.53 3492.51 6386.86 3522.09 6413.07 3541.63
8 1331.47 7273.52 1269.29 7322.19 1223.01 7285.42 1212.48 7269.47 1207.69 7248.51 1268.23 7198.58 1317.18 7194.09 1326.30 7214.64
7 2723.35 694.97 2678.17 688.18 2656.77 672.86 2655.87 628.43 2666.49 625.31 2748.92 616.70 2718.30 661.89
6 1047.47 2116.65 1066.07 2127.61 1059.17 2158.19 1033.74 2133.64 991.68 2141.49 1016.21 2074.11
10 4853.06 7661.67 4878.83 7663.78 4884.67 7664.39 4840.65 7672.55 4832.52 7728.91 4772.74 7643.89 4800.63 7599.63 4816.68 7632.77 4828.85 7643.81 4878.45 7655.63
11 7756.87 914.61 7694.73 918.01 7677.17 931.93 7660.93 914.48 7650.54 906.52 7669.93 895.94 7682.34 863.95 7709.89 847.39 7710.80 868.30 7727.00 843.33 7715.44 874.94
5 1881.61 7446.81 1852.88 7440.52 1848.40 7407.75 1889.65 7409.76 1887.04 7421.04
11 8016.85 7057.75 8001.20 7055.41 7995.03 7066.43 7991.06 7057.25 7957.39 7069.39 7964.57 7060.95 7951.97 7054.36 7972.01 7032.19 7962.77 7018.08 8006.99 7008.59 8011.11 7032.90
7 2067.68 768.01 2056.07 772.14 2012.17 731.17 1998.19 706.23 2031.58 669.11 2088.94 627.10 2071.31 746.78
7 1882.38 4528.04 1923.30 4426.88 1967.34 4439.09 1979.63 4564.68 1939.26 4583.18 1903.37 4580.20 1889.34 4559.25
10 8557.16 3297.03 8618.49 3320.50 8620.44 3323.78 8622.23 3384.70 8614.79 3400.47 8551.83 3382.54 8537.49 3377.20 8525.87 3368.86 8520.74 3336.73 8541.86 3300.67
7 6440.87 4317.07 6487.83 4366.19 6455.33 4452.92 6416.78 4471.49 6366.65 4440.52 6338.52 4393.41 6338.63 4357.07
13 1957.59 1124.22 1969.23 1136.72 1952.68 1159.60 1934.19 1137.21 1921.15 1157.52 1923.00 1141.04 1932.00 1127.40 1900.30 1132.54 1919.90 1085.46 1940.88 1097.58 1962.75 1095.79 1974.64 1100.83 1970.85 1112.27
10 7118.85 8893.51 7086.34 8896.20 7068.66 8901.54 7063.28 8847.49 6987.29 8844.44 7039.98 8810.26 6999.35 8795.13 7024.26 8782.55 7069.16 8775.46 7072.83 8735.24
6 2365.20 2171.78 2369.87 2094.39 2482.00 2119.65 2457.18 2178.16 2428.58 2197.23 2384.05 2195.51
9 2977.13 1511.69 3007.30 1473.76 3051.23 1438.82 3104.16 1473.76 3156.69 1517.23 3099.46 1559.82 3036.09 1582.48 3011.37 1561.31 2982.37 1527.03
14 1598.11 5748.80 1566.80 5737.75 1575.43 5745.45 1568.96 5742.52 1546.46 5740.49 1550.86 5766.78 1533.34 5781.18 1509.67 5720.34 1505.89 5705.66 1479.93 5681.22 1510.96 5684.83 1523.61 5684.09 1548.29 5657.94 1558.46 5639.23
8 7102.61 1043.14 7106.83 1049.27 7104.62 1048.46 7065.81 1040.37 7071.75 1022.75 7049.97 1010.74 7060.24 989.26 7108.26 1017.21
8 4997.15 525.04 5087.78 448.77 5167.94 536.04 5163.35 569.10 5125.38 617.45 5062.22 623.74 5057.72 621.34 5020.35 590.01
6 4732.20 4923.99 4704.62 4877.21 4716.84 4860.34 4767.29 4843.24 4794.28 4881.22 4778.72 4916.52
8 3263.09 7125.40 3275.37 7140.24 3246.38 7160.37 3221.04 7145.88 3182.70 7163.19 3235.36 7087.49 3234.40 7105.93 3246.21 7100.55
11 6780.10 5352.35 6762.54 5328.32 6768.16 5269.00 6773.82 5245.32 6795.38 5225.88 6816.39 5225.24 6849.49 5230.98 6890.36 5278.07 6889.93 5328.82 6862.62 5376.68 6841.33 5391.03
8 2811.29 8820.05 2802.27 8738.49 2814.02 8721.68 2884.08 8712.29 2923.20 8751.12 2928.38 8819.69 2926.20 8841.73 2817.48 8844.96
9 5434.91 7603.53 5441.91 7590.32 5484.13 7557.88 5513.49 7539.38 5567.79 7577.32 5607.05 7643.80 5601.71 7663.76 5502.52 7685.91 5456.68 7663.96
11 5418.67 3478.66 5410.01 3488.06 5429.27 3522.24 5363.04 3440.20 5383.79 3454.06 5378.23 3440.61 5394.28 3441.70 5397.04 3455.77 5407.01 3415.44 5422.91 3462.49 5438.25 3465.37
12 6062.28 4874.32 6055.25 4872.90 5994.05 4901.47 6010.03 4877.55 5977.74 4901.20 6002.34 4864.77 6002.67 4861.46 5982.64 4850.52 6009.79 4845.00 6007.96 4838.75 6044.83 4836.15 6048.64 4864.57
8 2527.00 1930.67 2566.53 1884.97 2602.63 1889.71 2618.39 1912.75 2633.68 1940.01 2652.24 1983.18 2600.41 2012.20 2554.22 2003.54
11 499.08 7935.58 493.91 7930.70 475.36 7961.12 447.17 7926.52 465.48 7899.06 452.87 7882.88 438.77 7868.93 478.81 7889.57 489.76 7880.07 487.57 7845.60 555.35 7886.51
6 3346.01 6212.07 3335.62 6181.11 3346.87 6166.89 3331.74 6101.83 3388.52 6101.59 3397.32 6139.71
9 8096.46 8268.47 8109.22 8238.33 8115.48 8235.67 8166.45 8216.92 8174.71 8222.15 8177.06 8273.56 8172.51 8281.78 8145.65 8307.49 8127.36 8306.13
14 700.63 1462.28 675.85 1467.17 662.24 1462.05 674.22 1485.59 669.25 1483.80 626.75 1458.92 610.79 1461.21 598.85 1421.12 637.35 1410.59 632.30 1377.60 633.69 1382.02 649.59 1401.74 655.26 1388.75 691.53 1434.33
8 4778.00 1790.33 4773.42 1839.32 4768.41 1844.18 4747.22 1860.75 4721.58 1848.03 4702.45 1802.62 4709.86 1797.84 4717.20 1794.77
5 3559.61 985.86 3549.92 980.91 3508.60 939.11 3496.89 900.92 3517.14 874.85
7 2921.46 3016.00 2874.20 2995.07 2883.77 3047.85 2861.76 3009.46 2855.54 2897.34 2859.07 2920.06 2916.41 2960.48
6 1841.72 4450.60 1838.40 4451.76 1838.87 4422.86 1788.67 4395.55 1830.61 4402.72 1847.96 4360.17
5 3549.79 861.68 3522.39 821.81 3520.59 819.77 3482.30 785.63 3582.86 752.70
11 7293.99 4396.37 7320.23 4357.09 7374.57 4347.50 7414.18 4348.54 7428.62 4424.65 7434.20 4460.05 7403.01 4498.92 7359.71 4496.08 7325.39 4487.99 7308.43 4478.80 7303.45 4453.25
10 8539.13 2315.34 8618.70 2247.53 8644.71 2242.45 8673.90 2256.14 8717.23 2332.95 8726.45 2362.64 8717.24 2369.95 8698.06 2382.59 8633.79 2403.73 8546.97 2379.01
10 3494.82 2945.60 3441.37 2945.02 3464.88 2996.68 3408.11 2961.57 3399.02 2948.85 3410.27 2904.64 3413.65 2884.99 3421.86 2897.06 3458.09 2926.68 3449.49 2930.12
9 4313.80 7088.74 4252.52 7053.19 4262.83 7020.54 4276.71 6990.57 4281.70 6981.23 4341.02 6977.38 4361.53 6996.17 4365.33 7044.53 4345.96 7071.45
9 8394.67 1251.49 8392.87 1258.32 8362.20 1261.09 8365.32 1266.24 8362.03 1293.68 8300.91 1294.94 8306.39 1266.67 8300.20 1196.06 8375.72 1186.37
9 988.69 5178.85 968.16 5182.67 941.39 5217.67 892.12 5190.19 910.56 5156.92 899.15 5139.27 884.60 5115.50 947.48 5101.01 1007.71 5149.73
11 8633.14 6463.93 8651.08 6478.74 8648.17 6497.54 8602.76 6497.80 8608.27 6472.68 8596.15 6436.09 8612.92 6451.45 8622.22 6442.76 8633.13 6426.33 8640.78 6425.89 8649.22 6459.90
7 5933.81 6128.60 5940.67 6099.04 5923.53 6127.83 5923.68 6090.83 5880.25 6066.54 5917.67 6055.91 5997.62 6052.84
15 6745.95 4950.16 6741.97 4969.41 6758.46 5011.77 6742.57 5019.10 6704.44 5043.11 6671.12 4976.91 6637.13 4968.64 6616.60 4948.99 6668.98 4946.73 6703.08 4873.88 6708.37 4907.56 6770.74 4891.11 6720.52 4940.37 6736.09 4936.18 6732.63 4947.42
9 601.12 5505.84 553.52 5536.45 540.33 5529.73 520.69 5518.12 499.40 5488.47 504.37 5481.91 538.88 5436.65 551.88 5430.12 574.71 5436.92
12 5708.64 3529.82 5704.21 3501.04 5720.97 3467.20 5728.75 3456.42 5760.60 3454.50 5785.67 3454.89 5826.07 3492.62 5831.01 3501.16 5822.72 3528.23 5777.48 3578.94 5774.21 3577.49 5729.16 3544.75
12 4613.57 2025.22 4577.39 2024.07 4546.96 2036.98 4561.07 2015.40 4549.15 2003.56 4520.60 2000.68 4562.64 1997.81 4550.43 1976.50 4597.27 1976.62 4623.10 1969.29 4611.05 1992.39 4649.58 1984.19
5 7797.35 8975.06 7804.24 8952.33 7773.26 8921.47 7815.76 8933.44 7844.06 8906.42
9 626.37 5121.23 571.25 5168.49 536.70 5154.85 525.94 5136.79 523.17 5082.48 556.53 5049.32 588.59 5041.86 612.41 5054.24 616.78 5057.50
11 1738.15 7774.13 1735.53 7775.13 1740.09 7791.46 1718.09 7807.85 1714.84 7797.72 1705.83 7790.40 1669.11 7764.95 1700.15 7752.35 1718.88 7744.17 1734.66 7736.01 1741.88 7754.78
7 8558.54 8967.84 8602.02 8923.66 8617.82 8924.10 8679.08 8953.65 8677.67 8973.90 8633.40 9044.97 8592.29 9036.87
8 5554.07 5856.83 5565.14 5960.36 5534.67 5987.55 5506.73 6001.72 5469.76 5994.11 5419.21 5917.49 5428.24 5887.84 5446.32 5866.37
13 6872.09 7313.13 6876.33 7329.84 6849.76 7322.70 6844.13 7331.86 6837.23 7336.07 6844.32 7321.45 6822.12 7334.76 6829.06 7318.31 6824.00 7284.90 6847.14 7284.79 6865.55 7292.86 6866.44 7304.60 6886.40 7310.57
7 5076.94 1845.41 5061.74 1850.11 5054.64 1863.83 5010.27 1833.51 5054.46 1822.25 5065.56 1786.99 5068.28 1789.39
10 5723.50 893.58 5699.65 847.59 5724.10 790.91 5764.07 767.36 5783.28 769.71 5815.56 777.65 5838.49 816.90 5794.00 902.10 5766.83 904.47 5745.69 900.35
6 8010.57 2622.34 8005.72 2594.13 7975.11 2589.15 7992.70 2581.57 8014.83 2568.99 8052.14 2570.91
7 1609.36 7932.93 1581.62 7980.41 1562.81 7972.22 1505.13 7942.34 1539.48 7898.85 1584.39 7886.66 1598.19 7887.69
7 3331.90 6911.51 3295.48 6907.64 3266.70 6925.79 3273.39 6910.06 3268.15 6907.64 3304.19 6852.40 3353.07 6897.16
11 7397.25 8670.53 7406.48 8636.37 7480.66 8609.17 7515.88 8634.64 7525.01 8644.02 7540.26 8713.87 7510.72 8736.80 7481.49 8744.45 7460.60 8740.61 7427.16 8731.27 7409.11 8722.63
11 2007.32 4847.43 2013.46 4789.66 2024.11 4774.00 2059.23 4740.78 2072.80 4728.37 2141.26 4768.92 2160.66 4782.89 2154.87 4820.89 2138.86 4867.49 2112.70 4875.23 2054.23 4886.61
12 2616.34 2949.03 2582.96 2934.73 2560.82 2947.96 2505.17 2940.02 2531.49 2911.07 2537.07 2902.26 2523.02 2889.76 2532.96 2891.75 2519.47 2868.88 2534.08 2878.75 2583.61 2875.33 2597.80 2884.60
7 7996.07 1529.31 7975.30 1490.12 7985.79 1489.98 8006.09 1505.52 8008.24 1503.11 8016.86 1508.05 8014.34 1514.80
12 1550.85 5968.92 1562.89 5970.82 1547.51 5975.50 1551.07 5987.41 1516.12 5971.16 1526.31 5967.68 1522.63 5934.79 1536.03 5960.27 1539.36 5950.80 1543.09 5957.57 1546.51 5952.43 1566.48 5959.73
12 2559.43 2275.24 2550.72 2247.50 2551.92 2216.91 2554.04 2212.16 2582.62 2185.58 2599.09 2176.14 2607.52 2176.47 2634.78 2202.27 2641.99 2211.45 2651.44 2236.94 2630.49 2260.98 2585.04 2276.30
7 7642.45 6146.28 7669.74 6036.45 7726.49 6038.46 7746.63 6071.76 7760.97 6104.56 7740.58 6127.16 7721.99 6139.78
13 2556.64 283.62 2550.82 290.50 2550.08 330.74 2539.43 293.36 2543.17 324.13 2506.95 290.12 2526.51 282.00 2514.07 278.65 2521.55 277.60 2511.87 263.55 2513.62 231.41 2524.00 239.62 2569.86 257.96
11 1573.20 2609.88 1579.91 2686.52 1541.10 2712.45 1524.71 2707.95 1503.83 2694.53 1488.50 2676.73 1477.64 2633.98 1497.97 2605.71 1509.32 2596.36 1521.62 2594.02 1543.10 2593.49
8 4483.27 4930.29 4440.01 4955.90 4412.52 4930.96 4431.16 4920.15 4428.53 4903.70 4437.22 4897.72 4461.23 4899.83 4471.92 4908.68
8 6723.24 2771.86 6722.68 2744.58 6726.01 2722.14 6732.27 2722.32 6776.26 2743.97 6790.70 2756.53 6767.12 2790.84 6748.02 2797.11
6 8566.90 4183.67 8562.87 4095.88 8609.76 4091.36 8640.44 4092.79 8638.03 4141.97 8606.84 4168.33
11 3427.49 7234.91 3450.87 7280.12 3441.06 7323.78 3405.89 7358.83 3360.03 7351.69 3352.12 7348.13 3329.48 7327.05 3315.36 7309.37 3313.24 7285.90 3331.59 7253.15 3386.96 7241.36
9 4713.84 4527.06 4696.50 4529.14 4707.14 4554.93 4633.52 4561.92 4620.86 4537.83 4622.59 4506.49 4656.50 4511.29 4661.87 4509.89 4695.29 4518.47
8 1189.17 5265.38 1189.76 5299.91 1137.03 5342.47 1133.19 5343.48 1087.88 5321.60 1079.32 5266.05 1097.35 5255.74 1135.41 5257.38
7 8354.88 8900.02 8301.47 8825.93 8360.52 8754.53 8444.20 8801.31 8455.90 8821.57 8446.58 8845.43 8422.35 8882.26
9 5490.70 4781.11 5489.47 4701.82 5491.93 4690.85 5519.53 4686.14 5615.28 4688.06 5641.26 4722.32 5642.77 4789.63 5624.09 4806.48 5579.59 4838.27
13 1788.69 2865.63 1778.69 2884.77 1752.53 2886.79 1749.59 2887.17 1749.93 2882.05 1728.05 2869.19 1743.51 2853.93 1733.20 2833.36 1763.22 2827.70 1765.03 2823.87 1766.98 2838.59 1783.52 2841.45 1761.94 2856.69
12 3189.11 1100.51 3168.15 1115.78 3142.75 1098.51 3105.17 1137.75 3119.95 1100.98 3104.39 1106.35 3079.96 1084.73 3093.08 1039.05 3106.13 1037.71 3126.51 1028.44 3189.33 1059.06 3189.04 1064.98
9 2398.95 7682.76 2396.93 7745.59 2338.14 7760.87 2315.90 7761.29 2276.39 7753.06 2275.19 7725.63 2273.22 7644.64 2295.00 7637.88 2325.59 7633.28
7 3866.77 4151.13 3765.25 4179.71 3726.09 4166.69 3683.05 4092.13 3799.99 4044.66 3822.11 4036.37 3864.50 4133.22
10 935.09 8961.80 959.89 9004.60 948.82 9007.78 891.33 8976.54 828.19 8988.51 883.14 8948.37 925.35 8891.14 910.68 8935.67 934.76 8917.73 937.52 8918.32
8 5332.40 251.13 5292.28 212.86 5305.55 210.99 5286.73 208.58 5323.80 199.44 5315.45 170.59 5322.31 190.00 5330.00 177.58
9 3728.09 8016.45 3671.72 8005.50 3670.69 8034.56 3668.82 7982.77 3658.54 8038.71 3650.27 7988.30 3600.43 7972.33 3653.26 7962.44 3614.28 7920.85
7 2232.90 3950.07 2218.89 3832.85 2243.93 3790.75 2267.32 3781.05 2298.56 3789.96 2369.63 3854.21 2333.17 3925.59
15 2264.74 8335.55 2273.33 8357.60 2271.97 8371.98 2268.80 8363.63 2254.68 8335.29 2236.44 8364.51 2241.84 8328.94 2249.86 8316.33 2251.78 8311.33 2265.28 8290.89 2284.62 8281.90 2268.97 8317.26 2292.02 8304.30 2273.97 8315.64 2296.11 8311.57
9 2443.23 2288.64 2394.00 2323.20 2360.70 2310.49 2341.65 2289.71 2350.76 2263.12 2360.86 2238.57 2371.70 2228.03 2380.01 2221.97 2406.56 2228.30
8 3522.44 2921.82 3615.24 2871.87 3652.88 2938.63 3656.92 2951.76 3635.89 2997.89 3601.18 3032.24 3540.44 2995.15 3534.26 2986.33
8 1280.74 7373.22 1274.52 7374.65 1273.96 7387.10 1259.75 7411.55 1224.16 7370.90 1252.77 7361.40 1228.28 7340.58 1253.62 7352.25
13 6858.45 4392.88 6861.89 4404.69 6855.99 4407.59 6833.03 4431.39 6829.33 4436.84 6818.15 4419.47 6774.30 4406.03 6774.16 4376.26 6805.11 4387.54 6792.52 4371.86 6822.46 4372.26 6865.30 4371.57 6862.85 4382.13
14 5781.14 3943.68 5781.14 3944.71 5747.73 3967.15 5715.04 3987.65 5744.11 3932.36 5690.50 3930.33 5731.32 3904.07 5728.65 3885.83 5733.07 3877.23 5758.39 3899.57 5740.72 3853.40 5749.49 3869.82 5769.57 3841.17 5855.54 3881.02
15 5722.80 6572.77 5751.08 6603.96 5737.90 6612.12 5703.56 6598.60 5686.51 6588.52 5700.06 6634.88 5653.62 6612.91 5642.22 6570.03 5634.24 6542.46 5646.03 6547.08 5650.91 6527.01 5671.07 6545.96 5695.57 6545.62 5696.57 6551.30 5736.53 6558.91
11 1240.23 2231.76 1223.00 2231.73 1184.59 2275.52 1189.39 2265.66 1196.35 2228.20 1157.65 2239.79 1197.70 2219.75 1160.59 2236.05 1156.14 2175.21 1188.86 2169.49 1216.32 2155.69
9 4825.55 7847.73 4823.94 7827.98 4828.96 7810.99 4870.89 7757.84 4921.90 7758.80 4927.73 7771.42 4948.43 7817.18 4907.98 7878.68 4894.41 7892.05
5 4419.42 1000.45 4403.76 983.30 4394.08 966.07 4442.16 962.02 4459.63 974.49
7 5772.03 1214.58 5668.53 1165.84 5647.23 1135.43 5664.87 1121.73 5749.96 1144.25 5741.62 1150.96 5760.92 1152.45
15 2562.80 1662.85 2558.39 1672.63 2553.79 1672.42 2540.51 1672.37 2528.39 1653.03 2536.55 1687.82 2521.85 1658.19 2519.48 1659.78 2516.36 1675.82 2506.30 1659.60 2481.64 1666.06 2507.89 1634.36 2488.43 1613.99 2526.75 1627.26 2555.27 1630.86
7 7349.71 2965.17 7317.79 2996.49 7291.54 2981.22 7273.64 2958.54 7293.72 2948.03 7356.72 2920.92 7352.59 2953.33
6 6307.05 2777.72 6324.20 2852.32 6222.50 2858.91 6171.52 2808.62 6189.67 2767.00 6206.93 2766.83
7 8740.17 3788.25 8677.11 3701.29 8689.36 3679.34 8724.12 3640.70 8810.29 3676.12 8817.56 3702.14 8790.39 3778.03
7 6581.86 650.50 6516.80 559.31 6557.17 494.53 6598.06 477.54 6678.36 540.39 6678.49 609.94 6621.49 656.65
7 178.79 4967.40 123.31 4882.60 161.81 4850.37 232.36 4855.75 249.09 4868.61 255.07 4929.57 218.26 4967.04
5 7334.81 8853.66 7276.35 8859.52 7314.29 8808.53 7335.81 8768.68 7372.11 8824.71
8 8414.00 2190.85 8399.47 2173.85 8405.99 2151.70 8378.14 2152.17 8393.22 2106.87 8407.25 2114.67 8456.98 2119.17 8481.39 2141.49
6 3271.50 8988.89 3271.02 8988.97 3298.37 9007.81 3169.99 8962.37 3181.52 8961.51 3213.38 8965.40
9 7253.59 1676.24 7271.74 1698.39 7266.59 1721.76 7245.96 1753.08 7224.39 1755.87 7196.05 1747.03 7186.43 1727.86 7190.98 1705.21 7226.25 1686.49
5 7329.33 1101.10 7338.14 1087.98 7336.61 1072.55 7362.40 1092.44 7374.44 1098.01
14 4375.81 7915.92 4386.59 7925.89 4366.77 7929.78 4342.27 7965.07 4318.67 7939.23 4324.15 7924.16 4298.85 7933.40 4319.28 7903.69 4322.99 7882.88 4348.57 7894.04 4344.22 7855.54 4350.47 7865.80 4401.46 7850.90 4375.06 7895.79
8 3653.79 1486.35 3606.58 1567.73 3543.16 1511.78 3536.65 1502.04 3545.82 1480.81 3571.89 1455.13 3582.17 1451.24 3650.98 1462.85
10 7158.92 4892.58 7205.06 4881.79 7244.14 4910.02 7253.27 4936.15 7242.47 4980.89 7200.47 4986.14 7171.82 4986.51 7147.46 4964.74 7136.97 4943.53 7137.67 4917.47
13 4355.38 5585.91 4333.58 5561.09 4329.25 5593.96 4299.46 5578.36 4259.45 5517.47 4304.46 5499.57 4307.62 5501.13 4323.99 5487.78 4359.73 5467.05 4347.97 5497.28 4368.85 5465.01 4407.58 5508.33 4412.94 5521.62
13 7271.70 4020.34 7286.54 3985.63 7294.66 3980.02 7317.18 3986.64 7332.03 3999.15 7338.19 4018.91 7338.85 4029.25 7333.78 4036.52 7328.71 4043.34 7323.48 4045.91 7305.25 4052.84 7289.22 4043.64 7272.40 4030.80
8 1898.10 5068.50 1933.31 5118.99 1917.53 5153.91 1897.66 5166.39 1862.63 5162.62 1840.89 5139.29 1850.53 5084.39 1881.91 5069.56
6 4127.05 2495.26 4212.72 2455.63 4242.84 2497.67 4220.31 2557.40 4202.38 2580.13 4148.20 2560.75
9 466.54 5781.99 477.90 5799.28 458.47 5789.03 431.84 5782.04 434.99 5770.27 417.33 5746.17 477.59 5736.46 464.71 5756.31 472.92 5755.95
6 6546.74 6982.63 6598.80 7070.33 6565.24 7089.77 6450.46 7071.52 6433.02 7047.65 6477.37 6991.09
5 7703.35 8523.60 7687.32 8534.95 7656.65 8543.43 7675.67 8476.90 7682.37 8467.44
10 1534.73 7222.76 1507.62 7216.61 1493.39 7193.35 1488.98 7150.47 1499.56 7141.08 1513.90 7133.24 1547.10 7126.39 1575.38 7141.84 1582.84 7188.96 1566.47 7210.61
12 758.14 1987.73 723.68 2029.81 652.10 1980.97 706.67 1958.70 656.49 1963.47 688.74 1945.33 712.89 1942.72 681.31 1897.75 722.08 1936.19 779.15 1909.41 778.82 1925.36 776.00 1944.94
9 7916.04 8261.40 7912.30 8222.87 7919.32 8199.19 7957.85 8175.40 7990.98 8168.60 8019.15 8178.71 8045.51 8231.21 8012.78 8282.22 7970.92 8293.11
11 1655.41 4518.51 1650.08 4529.17 1625.28 4545.34 1619.19 4538.15 1608.17 4480.78 1636.40 4485.30 1647.81 4463.86 1666.19 4427.32 1733.59 4466.86 1715.63 4476.32 1691.19 4489.94
6 3059.68 8211.78 3004.79 8259.99 2979.26 8246.29 2973.13 8216.48 2977.68 8196.99 2989.86 8182.40
12 7189.86 1498.22 7146.01 1535.23 7125.36 1495.94 7120.82 1487.79 7120.83 1486.61 7081.02 1492.00 7100.17 1480.63 7109.31 1460.77 7118.72 1450.02 7106.12 1407.55 7116.93 1402.13 7187.54 1464.03
7 8419.09 7568.08 8390.12 7519.68 8379.97 7514.50 8381.96 7473.87 8398.93 7488.22 8431.78 7454.52 8444.27 7491.46
15 5097.36 8987.66 5115.07 8996.63 5121.08 9002.83 5111.46 9033.52 5096.90 9041.87 5071.22 9006.47 5060.37 9031.51 5062.67 9013.61 5054.88 9037.60 5058.97 8974.95 5045.55 8945.36 5064.38 8942.44 5083.12 8927.43 5082.72 8961.74 5103.86 8947.64
8 584.98 2346.23 564.50 2228.07 584.40 2210.06 663.12 2188.57 679.54 2240.75 684.04 2255.17 659.33 2309.60 616.64 2341.15
8 1312.76 1545.79 1296.78 1570.78 1243.17 1564.76 1226.44 1538.04 1248.34 1501.62 1282.45 1493.81 1302.33 1517.35 1311.82 1541.47
9 401.86 8718.66 381.51 8667.22 394.31 8647.85 463.67 8615.29 490.74 8624.62 521.11 8655.77 483.96 8732.28 465.47 8759.77 448.26 8759.91
9 4886.30 4215.65 4864.17 4235.45 4821.50 4224.19 4814.41 4221.95 4825.05 4174.24 4862.44 4192.52 4862.06 4194.23 4877.80 4182.30 4886.63 4180.51
5 4544.48 1345.39 4540.54 1342.43 4512.30 1318.52 4537.73 1274.26 4566.78 1288.33
12 2819.58 1380.34 2822.93 1380.67 2769.08 1430.12 2767.62 1420.66 2771.08 1408.91 2749.72 1408.93 2776.33 1382.04 2771.74 1329.37 2786.91 1357.55 2788.49 1356.52 2799.09 1331.08 2827.41 1360.72
7 2440.20 4453.56 2420.19 4420.72 2442.34 4417.31 2447.06 4402.77 2475.74 4377.59 2470.22 4410.23 2471.51 4411.30
8 8804.78 4423.09 8770.09 4384.12 8771.51 4361.38 8785.50 4317.82 8822.81 4302.45 8845.15 4314.83 8865.71 4338.46 8876.19 4375.69
8 2389.45 6431.95 2413.53 6362.30 2427.29 6355.65 2490.55 6372.47 2525.89 6443.84 2513.33 6467.84 2476.81 6476.76 2415.97 6460.35
11 8734.98 1999.30 8806.47 1992.50 8839.32 2007.95 8861.91 2041.70 8870.42 2062.41 8839.34 2115.42 8789.70 2117.23 8713.54 2090.60 8712.90 2063.47 8715.39 2029.30 8717.13 2017.73
7 8381.96 2002.65 8357.46 1967.15 8372.98 1948.76 8372.23 1935.34 8368.98 1909.86 8416.41 1927.40 8427.03 1953.67
9 1241.59 3629.54 1310.49 3676.52 1296.69 3730.10 1243.28 3756.37 1218.70 3761.48 1212.03 3752.21 1202.70 3734.52 1186.11 3691.08 1192.47 3666.05
14 3191.50 7890.41 3161.66 7878.52 3138.92 7882.21 3145.13 7867.40 3113.57 7869.88 3144.46 7856.25 3152.09 7855.36 3144.09 7828.38 3143.91 7822.97 3165.17 7831.90 3162.49 7847.38 3172.00 7819.38 3193.14 7841.57 3184.35 7857.92
14 6999.04 1956.02 6985.31 1996.23 6963.93 1957.92 6934.70 1963.51 6909.20 1917.92 6959.89 1905.87 6952.12 1874.56 6973.36 1888.53 6986.63 1901.36 7011.48 1884.84 7002.82 1899.61 7023.17 1912.10 7044.86 1918.86 6999.77 1934.70
7 3578.79 5009.41 3494.19 4946.19 3548.07 4903.51 3600.70 4890.22 3635.15 4888.59 3655.35 4944.68 3615.80 4991.30
8 383.70 6156.82 407.50 6181.99 403.14 6191.54 389.24 6206.95 342.24 6211.23 333.10 6210.01 320.06 6174.76 364.82 6157.75
8 3424.56 5505.32 3452.87 5579.50 3447.11 5584.36 3389.94 5616.66 3356.18 5559.38 3354.15 5542.38 3365.81 5530.49 3374.55 5525.66
9 7508.98 5788.94 7535.52 5749.60 7575.50 5734.42 7622.54 5735.93 7648.35 5810.00 7613.60 5836.87 7608.56 5840.55 7574.84 5860.64 7544.00 5829.14
6 4599.17 8141.21 4614.46 8119.26 4649.76 8119.35 4669.53 8199.86 4662.02 8219.85 4606.71 8216.13
9 1590.89 3298.98 1594.48 3303.44 1552.86 3299.79 1542.73 3323.61 1502.08 3323.70 1496.78 3310.02 1525.86 3245.80 1559.38 3274.47 1582.20 3264.10
10 8737.85 8599.95 8734.60 8613.68 8732.13 8610.50 8700.23 8609.83 8681.56 8589.74 8691.34 8568.79 8688.09 8562.66 8689.61 8559.85 8725.48 8568.32 8728.60 8569.33
7 6873.43 1647.91 6852.08 1685.49 6830.34 1678.54 6806.20 1656.85 6808.88 1650.06 6822.21 1634.45 6849.54 1626.43
15 9063.15 1231.53 9051.68 1253.53 9018.79 1250.78 9006.11 1268.61 8997.63 1254.36 9007.58 1223.39 9010.62 1207.05 9010.82 1203.16 9016.93 1194.04 9022.17 1201.97 9023.76 1202.45 9046.30 1180.03 9049.35 1185.13 9043.31 1206.89 9076.61 1214.49
9 3076.12 8494.27 3091.00 8475.39 3121.28 8481.90 3147.43 8508.70 3133.54 8541.30 3121.37 8555.64 3097.07 8556.74 3088.57 8554.66 3079.88 8527.17
11 185.73 7385.23 171.63 7365.51 151.76 7336.80 148.24 7331.08 164.95 7295.84 177.35 7276.65 252.34 7285.69 260.54 7312.07 260.48 7345.98 233.81 7379.26 227.98 7384.64
5 8056.04 5387.09 7999.41 5322.74 8011.71 5292.75 8073.74 5268.37 8096.18 5311.78
5 2458.28 854.37 2483.04 798.61 2491.05 788.61 2500.37 818.26 2507.32 826.29
8 3783.20 8554.13 3772.34 8597.02 3769.14 8592.34 3764.39 8596.73 3749.69 8553.53 3743.44 8548.33 3749.98 8541.31 3808.59 8524.99
14 928.61 8520.84 923.20 8524.66 902.48 8536.95 897.47 8529.66 885.54 8534.63 865.94 8528.57 872.06 8500.85 897.67 8514.13 904.99 8485.06 914.79 8488.59 915.83 8489.76 922.29 8491.72 931.31 8503.61 925.00 8514.64
7 3308.18 3257.46 3216.81 3255.06 3266.26 3229.67 3276.11 3180.76 3293.53 3188.44 3326.39 3215.42 3320.25 3223.97
10 1620.94 5831.27 1644.33 5870.82 1616.41 5914.27 1597.90 5920.49 1587.76 5921.80 1564.43 5900.92 1555.29 5881.71 1562.89 5856.96 1574.04 5841.89 1584.97 5837.48
9 5601.15 1442.44 5602.48 1398.92 5657.35 1386.76 5690.44 1425.88 5691.02 1441.67 5678.31 1459.89 5673.50 1464.67 5647.84 1479.45 5617.37 1459.82
8 4703.22 1006.77 4751.64 929.11 4799.89 921.88 4860.07 949.82 4866.12 977.75 4841.86 1029.08 4807.63 1072.52 4740.38 1061.45
8 4497.87 3539.21 4492.61 3545.73 4465.75 3534.61 4460.91 3554.52 4428.59 3537.07 4443.09 3522.96 4435.29 3501.36 4433.24 3493.84
12 3904.17 951.53 3893.75 949.92 3904.31 955.39 3887.40 958.66 3883.21 982.90 3873.15 985.92 3850.83 972.06 3847.47 952.06 3865.11 941.11 3853.71 934.89 3892.03 942.52 3904.92 944.78
9 7123.50 1298.79 7086.68 1297.90 7011.02 1276.53 7026.82 1258.06 7059.63 1254.78 7066.55 1235.37 7077.05 1237.77 7090.38 1246.77 7122.20 1255.70
9 2313.83 459.16 2289.68 416.38 2289.72 398.94 2290.63 381.58 2333.06 368.09 2363.84 365.10 2398.95 397.58 2391.01 458.04 2338.68 468.09
10 248.98 8952.19 284.15 8929.91 314.00 8937.66 339.71 9023.49 342.71 9034.21 325.40 9056.64 244.11 9061.08 226.59 9040.76 221.45 9032.58 247.48 8954.82
10 5624.00 3770.69 5667.03 3815.36 5661.24 3850.24 5628.21 3883.29 5620.50 3888.06 5581.82 3890.90 5551.92 3850.50 5540.75 3823.66 5553.15 3798.11 5576.44 3778.19
6 434.36 3343.34 397.99 3325.67 407.48 3285.37 422.84 3273.44 451.47 3277.59 472.79 3291.04
7 6723.90 4483.06 6718.48 4485.67 6682.36 4526.51 6665.60 4499.32 6671.18 4451.78 6704.44 4436.84 6728.89 4452.83
7 1338.16 3094.59 1319.82 3102.99 1312.55 3114.48 1316.68 3103.04 1305.88 3061.58 1277.17 3055.04 1370.86 3037.34
13 2469.76 1760.12 2388.36 1717.22 2349.78 1740.41 2352.51 1681.87 2368.83 1673.80 2386.33 1631.83 2406.96 1607.04 2412.06 1597.29 2413.39 1616.19 2428.88 1610.40 2432.55 1611.04 2451.30 1600.20 2435.33 1678.91
6 2755.07 7949.05 2733.19 7947.21 2719.31 7911.09 2714.93 7904.22 2760.07 7891.71 2784.34 7896.38
9 7774.69 5885.37 7743.56 5855.32 7744.70 5839.76 7799.07 5790.77 7830.17 5804.92 7839.79 5847.46 7839.98 5862.58 7828.32 5872.07 7811.91 5879.45
10 6578.00 8453.54 6569.74 8449.85 6555.18 8424.40 6548.46 8445.22 6528.84 8410.93 6513.08 8410.82 6513.71 8394.95 6519.36 8369.75 6547.09 8396.61 6589.29 8373.98
11 8048.17 489.43 8065.10 501.09 8013.10 548.17 8001.66 526.19 7972.60 489.72 7972.88 480.20 7964.91 457.86 8016.37 458.33 8036.60 440.78 8042.97 440.62 8036.65 476.46
9 1135.40 7686.22 1106.60 7696.41 1096.83 7689.27 1110.06 7710.29 1064.73 7673.40 1095.16 7664.26 1107.10 7652.42 1115.12 7642.47 1101.19 7677.20
10 5253.68 3822.12 5243.95 3808.71 5230.72 3832.08 5187.03 3793.89 5182.50 3772.02 5183.17 3767.17 5167.46 3759.54 5158.77 3757.04 5191.67 3760.06 5261.57 3764.27
11 6912.79 8353.89 6860.48 8373.86 6872.08 8398.82 6882.11 8428.78 6808.51 8404.28 6812.70 8389.37 6811.62 8360.81 6857.10 8301.59 6908.46 8308.63 6904.21 8312.57 6891.92 8328.36
5 5360.37 6006.77 5342.75 6017.63 5330.92 5999.93 5348.83 5986.98 5365.22 5937.55
12 6677.58 3497.02 6686.69 3513.23 6643.35 3548.99 6643.91 3503.04 6613.68 3509.92 6627.92 3500.86 6640.91 3487.49 6617.72 3447.51 6649.65 3467.30 6651.81 3471.72 6666.20 3476.57 6695.74 3462.86
14 8790.06 1470.16 8751.85 1470.06 8775.56 1508.05 8732.32 1480.73 8731.11 1484.95 8719.04 1481.28 8712.77 1459.23 8717.39 1457.40 8714.62 1427.12 8729.88 1454.09 8729.61 1450.53 8750.77 1430.99 8744.42 1450.90 8771.03 1437.42
10 1271.12 8788.04 1279.38 8823.84 1231.62 8812.75 1207.97 8818.77 1184.71 8755.57 1191.80 8751.84 1259.64 8723.05 1249.19 8752.26 1248.87 8765.66 1252.82 8766.35
6 1155.31 7793.14 1088.42 7762.20 1089.27 7749.66 1123.49 7723.88 1141.66 7734.95 1155.86 7767.50
14 2201.96 1636.22 2196.27 1645.24 2192.73 1656.84 2178.79 1646.64 2164.11 1649.62 2171.84 1625.58 2146.16 1584.47 2176.08 1585.80 2183.93 1608.63 2200.07 1574.12 2195.60 1608.43 2214.41 1597.93 2235.18 1616.45 2212.53 1625.38
10 7201.87 6136.90 7243.63 6150.24 7194.04 6140.48 7215.67 6160.16 7176.47 6157.09 7122.08 6191.04 7118.42 6162.65 7125.32 6134.40 7136.64 6120.55 7135.95 6108.84
10 1529.69 8402.88 1547.27 8375.55 1559.33 8366.46 1596.35 8384.46 1598.78 8398.63 1595.55 8409.54 1569.87 8426.76 1560.30 8431.67 1543.50 8431.91 1532.38 8427.34
10 2117.51 7623.08 2118.04 7591.76 2140.50 7571.74 2144.94 7569.73 2150.57 7572.24 2187.95 7607.14 2191.43 7624.45 2191.33 7625.23 2160.00 7648.56 2146.50 7643.48
9 7384.41 9076.02 7359.61 9020.97 7365.53 8984.10 7377.88 8964.98 7416.72 8935.19 7436.04 8932.68 7463.19 8954.20 7497.90 9045.96 7456.35 9075.91
8 7153.16 7157.38 7152.15 7168.97 7142.43 7199.07 7120.73 7132.79 7124.44 7129.58 7178.41 7125.37 7150.37 7149.82 7165.42 7140.53
8 2396.66 8857.02 2407.16 8804.47 2449.16 8800.19 2513.00 8845.17 2515.40 8878.65 2479.93 8908.07 2403.68 8902.80 2399.94 8888.85
13 6906.89 1552.19 6877.69 1545.81 6904.94 1537.99 6903.86 1507.42 6915.78 1534.98 6921.50 1499.06 6924.05 1511.56 6922.04 1536.44 6930.86 1538.23 6933.64 1536.71 6954.37 1539.46 6948.66 1544.09 6963.31 1542.55
7 1855.45 1453.42 1933.45 1371.25 2026.86 1411.95 2011.56 1462.25 1991.70 1510.74 1963.51 1507.32 1894.57 1483.71
6 3194.98 6155.65 3111.15 6174.28 3077.85 6139.07 3021.59 6086.31 3135.16 6086.27 3139.37 6083.78
8 8400.85 3769.35 8410.68 3718.34 8471.67 3718.13 8522.32 3741.52 8524.89 3788.27 8496.88 3826.38 8469.35 3824.46 8413.74 3801.04
14 4513.84 7855.50 4513.05 7860.59 4500.99 7879.84 4500.06 7883.85 4494.70 7876.15 4501.71 7854.19 4483.27 7866.12 4490.70 7856.65 4468.80 7850.12 4480.46 7845.63 4522.03 7820.54 4525.88 7832.97 4544.09 7845.43 4537.82 7846.16
7 8859.62 3030.11 8841.37 3007.00 8809.36 2987.86 8783.31 2991.81 8849.98 2883.42 8877.20 2951.55 8897.32 2951.61
13 1795.14 6121.20 1792.66 6125.55 1780.29 6126.06 1790.35 6149.75 1777.42 6124.34 1749.07 6104.54 1761.73 6097.83 1771.06 6092.36 1777.52 6058.04 1786.77 6084.29 1796.31 6070.64 1812.53 6090.78 1807.47 6107.45
14 8437.16 1629.56 8409.40 1652.01 8371.94 1641.49 8344.47 1644.40 8357.85 1607.71 8365.97 1603.04 8373.55 1598.49 8389.40 1590.57 8393.27 1586.14 8407.89 1577.04 8390.49 1601.11 8406.22 1592.17 8414.70 1589.11 8414.52 1603.61
14 5998.01 2856.46 5989.38 2878.64 5970.05 2861.11 5943.94 2855.74 5951.02 2829.64 5915.85 2841.22 5939.27 2826.93 5934.50 2826.13 5943.15 2817.76 5889.11 2820.59 5916.82 2755.10 5964.04 2774.27 5969.70 2737.21 6038.19 2796.87
5 5809.43 1600.56 5787.39 1589.58 5795.65 1573.97 5825.33 1543.55 5837.53 1544.71
10 2318.78 2742.73 2282.55 2680.41 2282.83 2677.39 2290.96 2634.00 2304.08 2608.89 2326.32 2610.47 2338.99 2613.01 2381.65 2623.79 2395.65 2693.35 2350.77 2737.09
12 8059.28 2277.54 8026.38 2238.23 8005.31 2196.71 8000.89 2187.19 8000.31 2179.03 8017.58 2154.18 8023.82 2149.26 8044.27 2134.96 8089.33 2151.66 8137.55 2199.52 8124.48 2234.60 8088.51 2267.18
9 8347.72 8593.44 8433.37 8627.07 8429.85 8669.21 8427.89 8675.12 8423.83 8678.97 8381.98 8710.83 8338.84 8714.83 8304.27 8691.88 8304.54 8623.07
13 1101.18 1766.33 1068.37 1761.19 1080.03 1781.97 1080.20 1790.80 1057.28 1779.07 1063.83 1799.34 1051.50 1799.02 1025.42 1812.80 1018.85 1770.59 995.04 1793.87 1009.13 1771.18 999.18 1747.82 1047.29 1723.40
8 5048.00 8484.45 5109.79 8533.86 5097.32 8574.58 5065.10 8589.38 5022.97 8600.41 5003.52 8578.42 4990.64 8522.45 5016.80 8502.39
14 176.09 8722.86 220.08 8746.30 182.87 8735.31 208.62 8752.50 184.01 8748.51 171.10 8744.43 139.71 8792.13 144.24 8744.73 104.70 8735.66 165.58 8688.98 184.04 8654.85 178.85 8703.33 189.70 8714.65 184.61 8716.14
7 2837.63 547.33 2809.95 484.30 2815.04 423.39 2901.50 422.34 2920.96 427.80 2935.57 457.52 2907.29 507.73
10 229.72 1616.26 238.40 1585.03 257.60 1569.15 267.18 1568.27 281.18 1575.13 293.57 1618.65 286.93 1629.52 274.28 1635.44 243.12 1635.19 237.88 1631.02
15 7389.15 2314.18 7336.06 2327.34 7333.51 2327.30 7301.28 2365.90 7308.77 2346.47 7305.29 2350.24 7289.05 2354.54 7316.90 2323.21 7271.56 2332.30 7296.02 2305.72 7306.96 2260.62 7370.16 2277.06 7361.93 2305.41 7368.47 2303.77 7349.76 2313.77
10 4312.96 1709.02 4342.91 1697.47 4384.54 1703.67 4408.91 1765.27 4409.87 1779.63 4380.01 1810.64 4338.59 1813.80 4324.67 1808.34 4293.96 1747.65 4299.85 1727.68
9 4260.64 3256.83 4241.96 3253.34 4225.87 3254.64 4206.39 3264.74 4214.12 3226.81 4219.78 3223.12 4253.04 3232.41 4269.94 3232.19 4267.53 3242.73
10 3392.53 3287.02 3378.90 3246.59 3391.72 3220.51 3402.61 3219.41 3409.80 3219.11 3440.50 3237.74 3448.80 3247.92 3435.57 3285.85 3428.90 3288.74 3410.33 3293.65
5 4840.19 616.07 4800.98 563.63 4796.48 543.65 4795.03 516.31 4886.56 578.42
7 5820.02 2223.25 5739.12 2223.51 5711.58 2194.36 5746.99 2180.38 5786.55 2109.15 5792.87 2123.49 5806.01 2137.32
8 2588.16 4536.14 2542.09 4556.45 2491.85 4494.17 2541.61 4464.58 2562.94 4490.36 2588.45 4463.37 2624.92 4503.27 2568.42 4514.24
8 7652.86 6353.98 7581.67 6338.02 7567.98 6318.92 7557.60 6261.99 7605.06 6234.92 7663.42 6243.11 7676.12 6258.27 7671.02 6340.63
6 1644.33 4974.78 1617.60 4950.62 1592.67 4969.54 1596.58 4943.07 1587.50 4912.17 1598.22 4857.97
8 772.69 1267.42 778.73 1243.42 801.49 1223.01 815.31 1238.79 837.33 1271.06 828.91 1295.89 819.65 1299.59 773.24 1281.03
14 1427.06 176.02 1438.52 222.94 1418.38 206.38 1388.58 202.03 1352.74 171.37 1380.71 140.55 1408.07 98.28 1423.24 96.08 1424.10 105.55 1438.43 128.16 1421.72 153.45 1476.99 151.74 1428.54 165.01 1479.05 162.28
8 2069.57 8598.08 2028.19 8509.64 2045.16 8478.62 2079.15 8454.29 2150.35 8466.08 2170.19 8559.77 2137.95 8586.73 2122.52 8599.00
11 579.24 631.69 581.37 599.84 639.19 603.28 693.53 614.65 713.28 638.60 699.50 700.20 696.40 703.96 654.55 729.91 626.12 733.49 615.24 723.18 582.37 685.85
11 116.23 8477.32 90.47 8389.67 92.12 8365.11 108.25 8349.70 186.70 8326.88 250.55 8350.09 251.45 8350.55 265.37 8416.84 200.60 8476.57 195.48 8478.15 154.51 8480.83
8 4413.20 6774.15 4340.82 6741.14 4343.90 6715.49 4362.25 6678.55 4365.70 6676.02 4388.65 6671.14 4421.03 6689.69 4436.79 6743.75
8 984.33 3966.30 944.23 3933.94 993.01 3934.81 1003.31 3903.03 992.97 3938.51 1003.74 3912.24 1022.99 3908.76 1005.54 3932.77
15 4363.79 8313.18 4343.86 8302.49 4338.60 8309.77 4279.28 8347.24 4302.38 8291.52 4272.08 8298.10 4293.99 8281.72 4252.24 8253.04 4336.94 8224.76 4373.93 8245.36 4378.90 8241.58 4335.06 8280.37 4349.07 8275.80 4385.58 8277.20 4347.71 8284.85
15 6803.08 2254.43 6772.12 2304.23 6765.64 2283.41 6762.89 2277.51 6751.90 2295.67 6749.68 2292.11 6759.66 2271.99 6742.34 2274.43 6734.00 2270.76 6757.51 2255.35 6759.47 2240.62 6784.80 2207.05 6794.29 2231.15 6815.95 2237.52 6811.62 2240.63
12 2884.67 4838.03 2866.31 4855.67 2858.25 4840.23 2862.09 4834.20 2829.41 4815.83 2860.96 4815.51 2863.24 4815.05 2835.67 4803.05 2864.44 4811.56 2880.97 4799.98 2890.03 4793.85 2889.75 4804.38
8 6953.06 1153.23 6912.47 1183.59 6875.01 1168.93 6858.85 1139.63 6857.42 1116.42 6894.90 1085.79 6934.81 1092.57 6941.48 1103.87
12 4282.67 2325.37 4252.18 2317.99 4247.64 2309.74 4245.42 2321.14 4240.60 2327.13 4228.86 2332.41 4225.36 2339.65 4213.23 2327.05 4209.34 2299.19 4207.69 2276.40 4233.84 2288.60 4227.29 2278.16
8 9022.78 5555.00 9006.43 5528.57 9005.35 5514.05 8981.82 5420.43 8998.87 5451.09 8989.55 5414.68 9026.82 5461.86 9060.42 5459.09
14 3419.27 4814.74 3434.98 4842.67 3419.45 4836.76 3416.12 4830.33 3419.45 4845.54 3410.61 4820.49 3361.10 4823.12 3397.47 4786.32 3399.22 4765.83 3408.03 4780.66 3410.69 4781.32 3428.74 4767.78 3441.78 4793.89 3445.51 4798.67
8 6879.16 7807.30 6986.97 7747.46 7044.79 7799.74 7055.67 7812.69 7044.72 7846.51 6999.95 7930.78 6978.53 7930.47 6896.46 7904.19
11 364.29 588.66 337.28 638.68 306.20 644.66 299.46 672.94 309.58 553.33 310.91 525.49 345.60 497.75 390.27 512.46 357.08 548.61 388.45 554.69 363.05 572.66
11 1009.79 310.64 1005.17 324.26 969.95 374.37 958.25 335.83 930.69 338.48 921.96 349.41 930.65 314.19 894.05 302.62 921.15 255.82 939.56 273.52 955.59 255.27
7 4075.55 7420.20 4087.12 7459.09 4045.65 7454.88 4038.24 7424.93 4051.77 7407.65 4054.25 7395.03 4098.88 7397.67
6 1021.66 8043.96 1057.48 7951.56 1122.24 7983.66 1145.40 8040.69 1072.91 8091.91 1034.76 8060.36
8 8840.76 2473.31 8910.05 2379.47 8942.71 2350.10 8957.31 2360.50 9002.72 2418.83 8934.13 2494.64 8923.18 2504.11 8875.89 2516.10
13 8060.36 6046.31 8071.75 6061.72 7975.31 6102.53 7991.41 6056.71 7981.45 6057.00 7930.33 6024.29 7965.14 6028.98 7973.48 6013.69 8000.38 6017.54 8021.50 5953.57 8038.83 5993.28 8087.94 6024.37 8051.72 6037.66
6 3838.05 2037.58 3824.13 2072.87 3764.79 2048.28 3752.40 2017.22 3786.36 1990.34 3803.53 2004.14
15 3021.97 1033.27 2999.63 1011.62 2982.88 1055.89 2977.49 1048.31 2967.62 1073.81 2940.37 1056.35 2930.29 984.68 2965.27 976.17 2953.34 945.50 2985.05 959.29 3016.24 954.87 3006.47 971.88 3028.13 976.88 3010.77 987.10 3056.99 981.75
11 8492.22 6163.75 8413.44 6209.88 8355.30 6166.15 8332.50 6140.16 8330.38 6128.86 8341.52 6095.88 8399.84 6037.99 8409.18 6030.62 8424.24 6035.00 8471.64 6064.04 8490.57 6107.05
9 8958.06 7389.39 8962.22 7397.70 8969.17 7410.42 8964.82 7420.44 8977.55 7438.82 8921.63 7442.50 8918.27 7457.50 8921.91 7348.20 8975.98 7371.26
6 1704.44 576.98 1689.07 571.79 1676.55 524.09 1701.76 509.19 1692.59 500.79 1704.29 506.19
9 2145.99 5874.64 2165.88 5826.88 2263.02 5827.72 2293.89 5863.79 2277.21 5904.85 2269.93 5920.97 2225.62 5965.77 2175.80 5958.82 2149.45 5937.91
5 7802.71 8646.40 7822.77 8663.92 7797.47 8651.49 7779.28 8635.88 7817.85 8631.04
9 4189.36 3632.66 4182.38 3594.29 4180.73 3580.85 4178.51 3574.38 4180.04 3554.71 4185.53 3557.46 4181.88 3548.48 4206.83 3535.44 4231.89 3529.68
11 7909.25 1938.59 7918.87 1958.71 7915.33 1975.43 7887.17 2005.12 7874.21 2005.61 7859.73 1995.37 7841.04 1971.09 7841.57 1955.50 7850.66 1936.73 7857.01 1933.88 7880.54 1923.65
6 7224.76 655.80 7223.75 537.56 7288.36 528.82 7346.20 591.97 7342.13 636.31 7281.79 671.59
11 2918.22 9048.17 2908.53 9071.21 2880.86 9066.44 2875.84 9068.73 2860.01 9039.50 2864.62 9027.43 2837.20 9022.20 2845.51 9020.14 2947.72 9005.84 2923.33 9021.58 2938.67 9028.96
10 1520.83 4787.54 1506.47 4801.83 1476.01 4821.56 1458.50 4847.87 1452.37 4800.34 1444.49 4812.33 1415.69 4817.16 1416.30 4765.53 1446.79 4759.00 1468.73 4758.42
6 6640.46 5167.85 6625.71 5185.10 6645.27 5218.75 6592.82 5222.57 6545.74 5181.18 6540.83 5159.66
8 1971.40 1623.01 2026.30 1675.80 2024.80 1679.22 2013.77 1696.31 1930.11 1699.76 1930.89 1650.95 1933.10 1644.72 1952.61 1626.67
7 4619.33 938.98 4577.84 931.07 4547.86 925.25 4536.18 925.46 4518.08 938.99 4527.50 808.75 4563.00 827.65
15 3719.09 1554.48 3711.17 1536.51 3713.57 1501.00 3731.10 1483.27 3758.82 1459.66 3783.33 1451.96 3786.00 1451.18 3801.33 1448.83 3849.35 1452.51 3863.55 1462.58 3879.50 1477.19 3884.68 1486.50 3853.73 1584.65 3816.76 1611.60 3768.46 1584.18
10 5733.16 8510.40 5731.12 8468.33 5747.23 8428.18 5761.68 8422.96 5835.94 8432.06 5855.04 8450.71 5852.85 8504.72 5827.04 8535.87 5805.14 8552.57 5763.91 8556.20
15 4778.35 791.59 4740.82 821.85 4709.47 765.66 4716.27 740.03 4729.68 740.85 4750.83 751.98 4757.39 756.26 4752.66 735.95 4747.97 717.93 4756.32 718.23 4776.28 717.16 4790.86 725.45 4773.19 757.03 4809.97 749.04 4784.69 766.89
12 5067.66 6920.85 5063.86 6869.83 5104.80 6840.37 5130.67 6838.51 5152.15 6844.87 5164.14 6863.82 5169.88 6898.94 5167.30 6922.00 5164.89 6929.24 5111.67 6947.06 5097.88 6950.82 5079.60 6933.68
11 8662.15 4523.03 8669.80 4542.02 8660.88 4558.88 8632.42 4576.57 8626.15 4579.53 8580.73 4544.93 8578.12 4534.74 8584.36 4518.35 8596.52 4506.22 8611.68 4501.51 8628.91 4497.59
7 2957.82 2304.55 2916.54 2232.85 2946.58 2193.54 2978.63 2183.44 3024.25 2170.43 3040.96 2175.85 3020.12 2299.77
5 7042.03 6460.17 7024.99 6428.93 6977.69 6373.69 7013.46 6302.00 7043.99 6355.94
7 7627.59 5453.30 7597.16 5423.39 7566.44 5382.74 7616.69 5367.17 7677.08 5372.81 7662.84 5379.05 7653.38 5385.37
5 366.92 3478.15 356.50 3486.42 330.40 3438.47 358.42 3447.95 402.52 3457.48
8 661.66 1612.76 693.74 1572.13 723.59 1582.50 747.57 1610.49 739.01 1650.84 726.57 1657.76 712.86 1658.71 675.74 1651.33
12 5158.76 4490.82 5170.11 4423.98 5209.71 4375.77 5242.62 4373.42 5266.05 4386.07 5282.46 4400.66 5307.49 4450.50 5302.79 4466.84 5291.41 4479.98 5266.23 4508.73 5211.98 4529.57 5186.29 4510.98
10 8331.56 339.50 8369.99 269.25 8434.79 276.44 8488.83 288.14 8478.28 380.49 8465.22 414.44 8427.24 425.33 8413.27 416.49 8348.10 370.90 8334.58 347.30
6 3455.86 7236.30 3382.30 7203.97 3368.84 7190.13 3325.42 7184.97 3455.24 7098.77 3496.70 7152.51
7 4149.71 6371.74 4144.39 6355.53 4138.66 6342.20 4104.76 6344.14 4132.46 6318.59 4099.70 6289.75 4179.30 6300.51
7 3770.56 6581.29 3744.20 6534.20 3778.85 6474.10 3810.66 6464.07 3824.22 6472.29 3849.78 6539.12 3848.69 6549.88
14 5777.79 3724.85 5740.06 3734.73 5702.33 3702.79 5694.93 3727.63 5692.51 3705.44 5694.81 3729.20 5674.92 3715.10 5664.18 3731.38 5593.32 3676.21 5619.16 3674.41 5597.77 3661.89 5670.89 3669.14 5669.46 3629.10 5708.76 3628.60
6 1053.48 8488.22 1084.84 8465.94 1126.59 8485.18 1108.40 8525.83 1079.82 8530.77 1064.75 8522.32
11 3890.85 6092.08 3858.64 6121.40 3846.65 6097.75 3822.15 6097.49 3795.46 6095.50 3809.25 6085.67 3792.61 6056.90 3838.89 6052.59 3858.53 6032.44 3871.23 6069.87 3908.23 6058.59
9 8055.26 4189.24 8016.19 4209.15 7984.11 4186.20 7982.41 4164.68 7996.84 4132.82 8001.40 4125.14 8018.16 4119.23 8028.65 4115.64 8054.07 4152.63
8 7580.78 3822.88 7564.45 3877.24 7517.67 3870.02 7493.56 3864.65 7488.35 3830.10 7489.25 3818.02 7513.71 3796.51 7572.48 3811.81
9 3743.28 7461.91 3733.61 7402.47 3737.10 7353.47 3747.20 7343.42 3786.85 7336.63 3789.77 7338.55 3815.84 7363.37 3825.93 7439.40 3787.36 7478.70
8 5954.12 4327.24 5985.25 4303.55 6021.06 4314.31 6038.04 4329.12 6022.22 4364.44 6009.61 4385.68 5984.41 4385.22 5965.38 4370.64
8 3962.66 7838.23 3967.03 7873.60 3945.09 7859.55 3902.93 7863.54 3884.28 7823.31 3930.75 7781.16 3943.47 7738.88 3949.69 7777.25
12 1964.59 8694.37 1898.15 8683.96 1928.44 8742.96 1885.88 8722.63 1824.65 8660.12 1801.43 8622.38 1850.06 8631.50 1876.85 8571.59 1887.81 8578.12 1896.14 8582.87 1930.12 8611.64 1961.60 8635.73
10 7621.37 1383.17 7637.69 1417.21 7627.29 1453.04 7602.85 1456.88 7579.61 1457.32 7536.00 1437.91 7533.76 1419.49 7543.95 1397.32 7584.00 1385.07 7598.89 1383.94
8 373.33 7100.67 380.81 7161.26 372.18 7172.99 355.33 7178.94 326.35 7179.41 306.97 7141.66 305.13 7125.65 333.56 7097.77
10 6391.29 5549.70 6391.93 5486.81 6471.87 5445.19 6553.42 5481.25 6565.66 5548.11 6549.84 5594.42 6514.74 5617.66 6440.19 5625.46 6436.24 5623.98 6396.03 5578.82
6 7031.05 3001.42 6963.61 3011.15 6994.80 2990.00 6982.61 2991.19 7022.47 2956.26 7048.41 2952.51
10 3819.16 1880.30 3807.61 1853.95 3823.34 1808.86 3848.43 1792.45 3874.77 1801.41 3886.23 1811.27 3898.05 1828.31 3867.88 1891.01 3866.44 1892.51 3864.90 1892.93
12 2672.70 3491.98 2651.50 3493.32 2644.83 3492.12 2633.18 3495.25 2606.04 3520.73 2574.90 3477.56 2583.63 3473.92 2606.37 3434.16 2619.35 3438.46 2623.64 3444.32 2633.09 3466.12 2657.37 3444.36
10 7505.65 7166.71 7512.55 7099.35 7561.33 7088.81 7580.92 7098.19 7592.10 7104.42 7625.73 7126.12 7612.82 7169.54 7594.48 7190.21 7569.06 7200.05 7506.77 7187.37
15 8300.32 1739.64 8302.66 1740.02 8312.40 1783.69 8251.66 1782.60 8241.93 1764.40 8228.48 1743.35 8215.68 1707.71 8225.91 1704.32 8249.67 1712.95 8235.84 1671.10 8261.66 1677.69 8266.54 1698.60 8290.75 1656.78 8331.07 1692.29 8329.92 1712.37
8 7171.45 4790.29 7160.21 4841.77 7125.24 4792.00 7135.49 4787.23 7138.35 4784.40 7152.49 4772.51 7154.59 4769.78 7168.37 4774.60
7 6289.80 7908.99 6311.96 7846.24 6397.88 7874.43 6392.11 7935.79 6356.05 7949.59 6349.76 7951.00 6320.50 7945.37
8 7693.97 438.65 7649.61 452.88 7627.75 408.92 7603.88 435.48 7563.30 434.30 7579.12 364.31 7593.85 359.05 7669.69 359.94
7 6082.09 200.12 6021.94 182.29 6023.79 131.80 6030.96 117.83 6048.14 111.33 6092.44 122.42 6091.30 132.32
8 1310.08 6031.14 1282.13 6022.37 1262.03 5989.23 1279.18 5981.94 1260.83 5949.77 1285.42 5972.65 1289.03 5973.88 1318.61 5937.42
9 4032.41 2476.93 4023.30 2491.70 3998.27 2505.90 4013.18 2533.88 3999.52 2513.93 3979.11 2490.72 3888.07 2454.42 3914.37 2403.48 4001.17 2464.41
10 3797.03 7791.94 3791.52 7812.90 3752.87 7708.99 3758.96 7699.18 3764.89 7685.63 3835.71 7665.48 3825.20 7693.27 3845.57 7693.12 3858.84 7703.91 3872.40 7700.68
11 3747.51 8706.80 3746.45 8668.95 3750.07 8663.97 3781.08 8641.70 3806.71 8631.00 3825.38 8644.12 3853.15 8663.64 3859.44 8692.87 3834.30 8741.52 3808.79 8749.77 3787.16 8738.77
15 7282.20 2810.87 7305.73 2834.83 7274.23 2874.50 7263.20 2861.60 7258.46 2840.58 7207.54 2844.76 7202.93 2814.75 7221.14 2743.47 7244.03 2726.58 7256.10 2766.64 7275.83 2724.49 7302.67 2766.42 7317.71 2765.70 7326.19 2766.79 7326.66 2787.33
8 2835.03 8438.18 2805.78 8450.83 2809.55 8418.99 2803.19 8406.13 2812.08 8389.53 2831.25 8410.90 2834.83 8412.41 2843.14 8406.96
10 739.41 5313.90 644.77 5381.62 623.84 5314.01 589.87 5301.04 622.73 5296.24 655.96 5253.29 659.22 5224.32 660.24 5226.42 701.28 5267.30 684.89 5289.77
10 904.23 336.07 863.66 382.82 853.50 403.27 779.21 316.60 809.83 311.13 866.39 278.24 864.02 299.59 856.72 314.25 863.58 318.81 913.89 326.59
8 1839.66 573.91 1859.20 695.40 1829.25 702.97 1769.52 699.47 1725.78 696.37 1717.73 653.03 1730.72 615.82 1778.81 562.21
8 8174.95 6285.82 8220.07 6277.99 8234.03 6292.63 8245.90 6324.82 8202.38 6344.83 8174.96 6339.28 8166.84 6321.47 8168.74 6302.53
12 7759.35 7152.26 7768.08 7124.19 7772.52 7118.02 7792.28 7092.77 7807.50 7094.71 7855.26 7110.96 7859.47 7122.01 7868.70 7148.67 7861.73 7161.31 7840.49 7193.36 7805.87 7196.78 7766.99 7161.89
9 8976.85 429.32 8985.12 453.60 8978.02 484.13 8946.58 496.54 8921.91 489.77 8916.76 475.28 8915.55 443.01 8919.39 435.36 8925.93 431.45
14 543.59 5368.30 543.46 5377.58 538.99 5366.64 537.95 5350.81 520.41 5356.33 511.61 5365.92 516.25 5338.97 519.31 5325.47 518.16 5314.69 532.45 5296.36 542.92 5320.89 558.82 5300.17 559.36 5323.54 583.94 5330.12
8 7877.56 3616.56 7853.66 3708.29 7765.67 3685.10 7756.68 3649.93 7759.89 3606.48 7823.79 3560.89 7848.34 3578.33 7867.72 3600.74
13 8240.10 2418.26 8214.99 2412.20 8196.68 2442.69 8190.20 2403.63 8150.02 2420.80 8145.06 2402.70 8170.38 2394.53 8169.77 2394.22 8176.09 2379.00 8167.51 2350.22 8210.83 2345.51 8216.19 2356.25 8220.46 2341.86
12 8020.70 4530.88 8035.94 4537.57 8014.53 4555.82 8000.17 4551.67 7986.55 4525.70 7975.33 4524.36 7988.84 4505.59 7990.49 4498.90 7995.19 4510.36 7998.51 4506.56 8024.87 4519.22 8042.91 4522.02
7 4591.83 2211.15 4622.49 2149.80 4668.01 2151.77 4745.91 2185.74 4745.44 2223.96 4708.55 2304.49 4623.20 2261.59
14 889.21 4092.87 860.33 4093.09 867.84 4116.28 840.95 4116.46 808.79 4100.82 766.14 4120.57 760.87 4064.94 772.59 4049.76 764.33 4027.20 811.92 4027.34 834.37 4011.06 843.33 4027.88 878.25 4053.37 862.80 4068.47
7 3101.41 4062.52 3197.28 4015.92 3277.36 4095.67 3258.22 4136.39 3219.48 4179.04 3148.91 4154.44 3119.00 4142.34
9 6605.85 8156.03 6567.74 8087.73 6572.93 8058.02 6622.58 8006.38 6665.91 8014.19 6690.86 8026.52 6728.14 8071.34 6725.91 8083.74 6692.15 8146.85
12 6902.65 6198.45 6884.62 6179.10 6880.91 6167.53 6839.37 6196.65 6848.04 6162.17 6824.78 6144.17 6852.07 6142.46 6838.71 6135.42 6838.63 6120.82 6932.69 6115.15 6909.51 6139.47 6906.49 6148.95
7 3569.32 7545.57 3580.41 7561.59 3558.65 7577.82 3513.91 7547.46 3493.21 7519.25 3571.89 7490.41 3562.09 7511.02
5 4152.62 3769.82 4069.84 3743.38 4074.89 3735.85 4088.08 3691.92 4105.13 3707.32
12 2770.36 2015.96 2751.55 1967.00 2788.65 1923.28 2803.74 1919.33 2852.11 1944.41 2861.64 1949.85 2878.42 1964.31 2887.47 1974.25 2888.49 1993.53 2881.11 2011.36 2857.62 2027.44 2798.85 2044.69
7 3469.94 2623.98 3478.56 2598.06 3506.86 2589.69 3525.51 2596.58 3522.98 2654.99 3511.94 2667.89 3472.40 2648.15
5 4569.12 6065.55 4618.87 6040.82 4638.93 6099.55 4627.58 6103.82 4598.69 6109.15
8 6112.92 7442.81 6100.45 7506.29 6010.47 7500.34 5946.73 7453.12 5958.28 7406.54 5991.26 7355.73 6011.09 7344.65 6081.25 7365.72
10 8660.69 863.48 8628.55 884.69 8607.49 865.85 8592.17 863.83 8558.63 856.39 8581.28 806.57 8538.56 791.39 8586.86 768.88 8600.66 777.57 8648.66 762.14
12 2241.46 7312.23 2270.58 7351.14 2196.17 7301.75 2154.75 7293.53 2191.11 7291.59 2179.62 7280.70 2172.61 7263.51 2210.49 7278.26 2223.21 7234.85 2220.56 7286.99 2273.56 7276.19 2240.62 7297.41
8 6473.05 5770.99 6479.64 5710.57 6523.34 5649.29 6605.33 5663.25 6632.57 5716.48 6624.66 5760.63 6564.21 5801.65 6533.87 5807.56
8 1858.11 4984.05 1830.92 5002.31 1819.99 4974.18 1825.30 4954.07 1873.87 4944.72 1880.95 4939.09 1870.55 4962.83 1871.93 4968.85
10 7744.56 6908.43 7797.47 6801.52 7830.40 6792.12 7905.16 6852.65 7918.10 6933.28 7903.50 6945.99 7862.06 6964.05 7831.12 6973.99 7794.76 6971.06 7771.34 6948.44
5 7808.63 5675.36 7788.30 5664.52 7764.08 5699.81 7731.59 5639.16 7784.91 5646.88
7 8949.79 3899.29 8878.41 3927.58 8871.97 3916.65 8858.64 3919.47 8904.61 3850.60 8918.94 3856.11 8942.23 3847.07
8 8585.06 6637.57 8576.81 6561.77 8579.28 6551.57 8641.52 6534.17 8663.35 6546.88 8678.59 6601.82 8669.66 6631.60 8609.61 6650.65
7 7765.69 3175.25 7742.69 3194.37 7750.05 3157.44 7752.79 3147.93 7757.82 3108.85 7766.50 3136.98 7776.36 3131.77
6 338.60 7897.08 291.86 7925.55 262.52 7925.27 239.06 7880.02 266.67 7864.00 279.32 7846.96
9 5169.81 248.13 5197.93 211.95 5221.09 209.42 5249.49 220.02 5248.55 240.63 5246.29 248.17 5231.78 266.00 5189.13 284.11 5173.99 273.09
6 8481.06 4618.29 8411.61 4630.23 8388.57 4518.79 8425.03 4565.96 8440.37 4568.33 8442.15 4576.22
10 3487.54 2529.29 3514.51 2468.69 3562.16 2449.37 3614.15 2469.02 3647.35 2493.26 3648.71 2537.55 3640.71 2584.95 3627.29 2607.66 3577.68 2615.15 3515.10 2575.23
10 4690.14 6942.69 4664.00 6943.29 4664.62 6975.96 4625.34 6934.50 4620.25 6928.32 4598.46 6911.26 4618.34 6888.81 4645.03 6914.05 4664.62 6907.15 4675.07 6907.49
