Medium_500_A
7313.22 1765.87
407.08 3026.67
4 0.00 0.00 9200.00 0.00 9200.00 9200.00 0.00 9200.00
500
8 1500.60 2372.46 1590.96 2314.18 1617.34 2367.25 1617.09 2410.83 1566.46 2434.50 1559.34 2437.40 1523.93 2414.93 1502.14 2380.65
7 6715.99 4310.78 6709.17 4296.79 6709.87 4288.65 6723.43 4262.51 6785.16 4229.24 6795.54 4232.18 6762.40 4306.40
10 2023.53 7012.25 2025.65 7004.13 2040.12 6971.31 2047.61 6973.81 2070.52 6982.32 2079.15 6995.53 2094.27 7023.17 2082.98 7035.39 2070.16 7041.90 2027.05 7025.92
8 3037.50 6122.48 3090.02 6187.77 3086.68 6238.72 3058.96 6295.04 3022.33 6297.95 2978.75 6244.67 2954.78 6188.24 2979.84 6142.26
8 3932.08 5930.35 3946.59 6010.82 3940.72 6041.08 3919.85 6052.47 3862.77 6037.40 3822.01 5943.23 3820.38 5934.94 3854.42 5901.86
9 5766.17 1441.42 5705.65 1435.20 5717.56 1393.64 5722.73 1382.03 5743.24 1381.71 5751.16 1382.87 5772.37 1400.52 5777.94 1414.81 5776.30 1431.16
7 7590.06 521.99 7499.33 470.50 7518.51 436.26 7542.63 405.97 7641.23 433.35 7647.67 442.89 7650.53 463.57
9 2901.49 7222.79 2829.01 7160.21 2862.35 7085.58 2869.63 7084.41 2941.60 7091.62 2969.33 7120.07 2971.70 7154.78 2969.47 7175.03 2929.38 7214.11
7 4992.69 5602.15 4897.30 5563.37 4900.76 5507.65 4928.53 5488.33 4978.92 5482.28 5022.59 5513.68 5014.07 5544.87
8 4362.47 2639.40 4416.59 2539.91 4483.52 2560.49 4518.56 2590.06 4522.09 2639.14 4508.38 2670.04 4464.79 2724.57 4387.57 2675.08
9 1936.86 3328.48 1965.37 3319.85 1998.40 3338.40 2003.29 3356.99 1979.16 3386.96 1964.70 3395.92 1937.93 3403.50 1919.34 3388.02 1926.08 3361.54
7 6987.37 196.45 6941.82 178.12 6954.10 149.16 6979.10 132.79 6999.06 145.72 6998.19 166.83 6994.78 194.01
10 8705.68 3716.42 8672.30 3687.64 8682.03 3639.62 8705.68 3595.93 8740.32 3586.82 8784.52 3586.59 8823.30 3606.51 8852.20 3636.17 8810.33 3702.08 8748.22 3750.77
6 4411.35 1027.06 4391.98 1042.14 4359.57 1022.04 4358.11 1011.64 4352.65 960.66 4374.66 951.74
9 7291.96 6343.61 7317.47 6324.17 7330.31 6326.80 7344.33 6350.92 7355.34 6381.48 7336.14 6401.41 7308.37 6400.03 7306.74 6397.17 7292.44 6364.92
9 6324.25 5582.83 6294.65 5642.94 6271.70 5643.72 6248.80 5633.90 6218.99 5608.52 6219.04 5559.36 6226.90 5549.67 6283.45 5534.93 6314.25 5555.66
8 2663.29 4211.76 2661.59 4145.04 2665.00 4117.67 2719.65 4082.20 2760.17 4084.13 2795.98 4130.82 2807.74 4207.49 2688.53 4219.47
8 2009.21 5780.73 2063.73 5844.74 2049.96 5902.71 1983.54 5920.74 1972.08 5912.12 1953.32 5866.89 1976.07 5810.24 1987.16 5795.30
10 6722.93 1351.30 6657.82 1293.00 6667.05 1237.12 6684.00 1211.89 6741.33 1190.35 6778.33 1242.16 6808.26 1286.86 6807.27 1289.77 6794.65 1305.48 6755.19 1344.49
4 6470.12 6068.65 6480.63 5993.16 6548.56 6028.08 6521.69 6076.13
11 4608.46 754.62 4635.00 730.30 4678.97 737.60 4734.07 788.47 4709.19 847.61 4666.14 898.49 4621.82 903.12 4594.37 905.70 4577.27 875.76 4572.71 835.25 4574.59 812.14
10 5398.92 6826.76 5445.38 6798.55 5459.45 6799.64 5471.44 6801.80 5515.13 6832.89 5502.90 6878.02 5480.23 6901.62 5469.86 6903.62 5440.67 6905.33 5404.02 6870.66
8 4265.94 1941.24 4201.85 2011.93 4141.79 1982.44 4126.75 1971.93 4108.71 1957.25 4131.65 1880.52 4161.31 1879.08 4229.73 1914.53
7 4224.19 6987.30 4335.31 6966.53 4358.35 7015.64 4339.05 7040.53 4303.45 7071.52 4247.79 7042.84 4229.71 7012.64
8 4096.68 7573.45 4044.32 7539.54 4054.26 7497.69 4080.94 7476.90 4095.61 7478.10 4115.92 7483.39 4147.17 7512.54 4126.87 7556.82
8 6573.28 1794.88 6546.73 1832.67 6518.52 1826.35 6505.51 1809.97 6503.06 1803.34 6510.43 1760.28 6561.37 1758.77 6563.83 1762.63
11 2431.26 6120.42 2420.16 6084.53 2431.93 6046.50 2448.02 6010.62 2473.42 6003.71 2504.46 6005.46 2536.33 6021.34 2547.10 6027.09 2556.63 6047.40 2520.79 6137.99 2501.80 6145.38
8 4340.75 189.92 4346.31 145.88 4397.55 133.84 4423.75 148.84 4394.28 226.69 4392.68 230.24 4366.42 247.27 4353.48 228.88
6 6694.16 365.70 6767.42 392.70 6760.44 444.21 6674.82 465.41 6667.11 428.61 6684.30 383.59
10 6576.89 7399.75 6548.79 7393.03 6526.43 7372.67 6495.86 7339.43 6519.85 7282.56 6553.02 7273.26 6652.73 7288.80 6660.49 7331.10 6640.72 7372.17 6597.23 7396.10
10 193.03 8532.83 179.11 8496.08 179.52 8472.63 216.51 8437.89 231.97 8435.44 298.54 8465.62 310.11 8484.90 290.92 8526.38 236.92 8554.87 209.21 8546.18
7 767.45 2246.56 767.75 2178.33 845.47 2181.31 854.26 2190.23 870.29 2234.63 867.85 2279.98 781.57 2268.88
8 6902.11 1381.94 6899.13 1332.10 6910.86 1300.76 6939.75 1296.18 6968.96 1313.46 6980.98 1345.24 6958.97 1393.95 6957.93 1395.36
10 7471.99 5711.44 7503.63 5610.80 7542.06 5598.29 7572.67 5596.52 7613.99 5617.49 7625.83 5649.23 7627.87 5700.37 7604.35 5740.36 7556.19 5758.11 7487.30 5723.34
8 7215.79 7655.19 7192.44 7635.26 7205.68 7601.14 7233.66 7585.12 7263.79 7595.59 7274.12 7613.33 7271.83 7640.49 7252.64 7663.08
8 6331.79 5997.94 6281.01 5999.77 6241.01 5959.47 6227.81 5922.91 6229.07 5913.15 6238.96 5909.60 6360.33 5893.06 6346.49 5974.46
8 5282.23 4267.59 5303.91 4225.26 5346.66 4226.07 5354.66 4226.37 5360.63 4247.08 5342.76 4279.00 5320.00 4293.52 5308.15 4296.72
10 4832.95 1697.54 4935.45 1637.53 4962.27 1654.15 4969.70 1670.10 4973.16 1687.21 4976.32 1752.11 4962.48 1763.17 4922.61 1770.49 4864.64 1749.91 4844.77 1742.31
11 4254.35 1866.49 4242.19 1810.80 4249.22 1800.21 4281.27 1788.09 4294.57 1789.29 4320.90 1800.06 4332.51 1809.63 4338.95 1820.70 4334.74 1854.44 4288.38 1876.68 4271.15 1871.88
9 7910.40 2830.60 7922.78 2781.23 7988.00 2774.77 8001.08 2779.89 8004.24 2821.32 7988.46 2861.60 7976.72 2868.56 7953.85 2872.32 7929.45 2853.46
8 1572.51 3874.71 1664.97 3849.25 1703.84 3866.97 1741.94 3918.78 1701.47 3986.00 1672.09 4025.94 1605.78 3974.02 1578.27 3948.54
6 7586.59 2822.83 7516.99 2887.53 7500.65 2874.04 7467.25 2816.41 7482.98 2768.85 7528.67 2768.48
8 724.40 1959.11 703.87 1898.22 746.11 1872.81 794.99 1884.34 807.47 1928.98 812.18 1948.57 763.62 1980.85 745.65 1984.72
12 381.20 1496.94 381.39 1481.31 402.70 1463.19 419.83 1454.60 446.04 1470.49 448.66 1472.27 453.09 1494.58 437.74 1524.36 428.60 1526.87 401.27 1526.11 395.08 1523.23 386.59 1516.63
9 7857.55 3048.57 7855.45 3014.87 7867.17 3005.08 7883.70 2992.83 7917.18 3000.31 7921.34 3004.60 7931.93 3038.08 7929.32 3062.71 7915.40 3073.30
9 3356.12 7367.94 3315.27 7294.80 3315.66 7290.49 3332.00 7262.19 3371.20 7260.60 3412.09 7282.29 3422.90 7306.13 3423.73 7316.05 3403.92 7351.38
8 5799.02 1956.70 5744.63 2059.57 5715.15 2056.01 5705.81 2048.51 5667.98 1943.23 5672.74 1933.02 5684.46 1922.03 5757.85 1917.44
7 3425.10 2820.82 3451.63 2897.57 3396.37 2929.43 3327.37 2911.89 3328.76 2876.85 3338.71 2845.01 3378.72 2814.15
7 3094.65 2482.39 3130.56 2546.62 3089.86 2603.66 3088.22 2605.23 3009.82 2597.76 3027.91 2503.50 3069.96 2489.15
10 8387.17 2769.89 8314.10 2758.97 8296.24 2713.54 8277.60 2640.09 8312.80 2599.81 8381.68 2611.52 8408.86 2634.92 8425.13 2661.63 8427.26 2714.99 8415.94 2757.63
10 748.39 3336.23 688.43 3247.44 701.78 3234.46 765.66 3183.40 799.36 3180.01 859.18 3215.16 871.85 3268.90 873.55 3280.91 800.76 3324.63 757.58 3348.29
11 1387.92 5109.08 1377.38 5088.32 1392.79 5059.52 1410.79 5051.72 1430.68 5049.41 1443.19 5057.85 1464.53 5097.09 1461.38 5110.67 1450.34 5129.32 1418.35 5139.89 1413.99 5136.53
8 5780.53 6883.11 5807.93 6909.41 5798.01 6937.44 5792.92 6949.70 5778.24 6955.72 5745.28 6922.61 5737.78 6899.16 5759.58 6887.57
11 5843.27 1599.20 5827.98 1566.23 5841.64 1543.48 5857.25 1529.09 5886.28 1507.36 5939.10 1523.90 5951.93 1539.99 5950.01 1580.36 5944.35 1601.41 5881.69 1637.99 5865.72 1622.72
11 2765.96 7867.61 2817.77 7860.35 2864.29 7879.08 2865.99 7951.23 2823.43 7993.98 2786.71 7989.57 2776.74 7987.87 2737.41 7965.12 2724.86 7895.02 2740.78 7880.85 2744.20 7878.26
8 2624.30 697.43 2636.93 639.22 2665.15 627.41 2712.89 650.75 2730.46 690.25 2699.34 734.87 2683.21 740.24 2668.03 736.75
8 6902.33 4988.80 6887.64 4924.59 6952.54 4873.19 6978.85 4873.98 7039.15 4930.77 7056.02 4971.84 7035.37 4996.56 6986.69 5022.71
10 5258.90 487.43 5258.16 463.49 5264.06 457.44 5291.85 436.04 5326.31 443.41 5364.01 480.44 5350.07 505.73 5325.75 510.65 5299.52 514.72 5281.79 506.39
11 153.64 4484.42 187.44 4484.01 222.77 4515.53 243.86 4551.41 237.11 4566.35 214.81 4605.09 143.70 4624.28 120.54 4611.01 92.15 4575.43 98.60 4556.84 106.48 4540.83
8 2298.79 7215.47 2280.39 7122.29 2295.81 7109.09 2362.64 7063.46 2409.40 7078.81 2432.65 7106.15 2421.64 7207.30 2364.91 7236.38
10 3101.63 5046.12 3051.47 5072.28 3029.23 5063.65 3009.22 5050.76 3003.01 5039.17 3000.26 5010.14 3026.73 4970.99 3051.20 4968.99 3074.68 4973.56 3096.61 5002.50
10 686.56 6011.47 752.23 5997.49 771.59 6013.77 795.59 6050.78 804.51 6069.16 782.37 6110.74 764.99 6118.62 695.33 6135.77 666.30 6106.70 667.78 6080.84
10 6661.52 7828.85 6669.96 7788.67 6726.17 7773.81 6759.00 7781.69 6778.69 7798.42 6792.62 7850.83 6775.09 7875.29 6743.31 7889.83 6685.74 7887.64 6663.26 7878.09
7 6845.70 6315.83 6799.61 6234.60 6853.57 6155.86 6905.62 6168.08 6949.41 6231.85 6938.41 6296.87 6885.30 6310.93
8 6664.42 8527.00 6613.12 8483.15 6618.58 8435.83 6697.46 8420.51 6728.27 8422.42 6741.36 8452.33 6760.10 8503.66 6752.44 8512.31
8 2629.58 7428.99 2637.52 7387.33 2666.28 7391.03 2703.43 7424.19 2703.89 7445.14 2691.21 7449.74 2663.25 7455.36 2630.86 7459.01
8 6790.14 8715.44 6815.55 8726.53 6829.29 8747.48 6833.15 8770.43 6819.34 8778.90 6796.38 8789.71 6765.16 8782.96 6765.47 8778.22
11 3108.97 4541.08 3109.73 4512.03 3198.86 4462.65 3228.29 4476.58 3230.03 4494.87 3231.06 4547.23 3210.48 4572.13 3195.65 4575.04 3177.88 4574.66 3158.73 4572.69 3148.34 4570.37
9 997.61 3649.44 972.36 3628.66 984.28 3614.10 993.93 3604.16 1025.09 3594.63 1060.32 3602.67 1065.36 3637.50 1055.64 3666.95 1045.03 3680.72
8 1104.80 2084.28 1142.04 2051.05 1166.06 2049.19 1191.56 2059.59 1188.75 2068.18 1161.09 2110.34 1124.78 2130.39 1114.37 2125.83
9 8666.68 1663.29 8645.50 1646.05 8633.45 1618.35 8632.34 1599.65 8660.12 1539.64 8712.78 1522.84 8772.52 1552.29 8772.84 1579.21 8736.16 1660.60
8 556.40 7196.90 567.74 7214.36 567.56 7230.90 540.46 7265.19 532.29 7264.85 509.54 7228.94 494.12 7201.02 498.43 7197.01
9 1906.62 4635.77 1891.37 4590.65 1897.90 4558.34 1933.77 4524.26 1956.92 4536.41 1994.56 4561.87 1996.22 4577.23 1982.40 4639.73 1919.00 4648.20
11 5114.74 7246.89 5120.09 7223.35 5172.02 7176.13 5188.61 7173.16 5230.78 7175.22 5275.83 7228.18 5289.74 7262.09 5291.25 7267.47 5256.09 7307.50 5230.40 7323.09 5184.86 7297.39
8 554.04 207.64 608.84 176.87 649.59 193.47 657.86 207.85 646.91 263.70 598.90 279.04 594.81 277.58 567.01 249.51
8 7733.14 300.85 7671.14 257.66 7673.58 220.29 7705.01 204.63 7720.18 202.33 7765.28 238.18 7760.51 267.67 7751.51 280.69
8 1264.00 5736.45 1274.84 5776.26 1267.53 5800.89 1253.77 5802.13 1207.63 5801.05 1206.54 5793.11 1203.28 5754.36 1233.01 5737.78
11 8468.82 5553.04 8447.38 5514.46 8437.99 5494.58 8437.80 5492.05 8464.77 5472.53 8508.44 5474.56 8517.82 5493.48 8524.45 5508.22 8523.57 5527.12 8511.06 5546.89 8502.41 5552.48
10 512.50 8337.12 513.26 8310.70 557.17 8235.22 599.81 8267.18 629.98 8299.91 635.38 8325.94 635.28 8346.83 562.78 8373.98 554.02 8372.15 527.48 8351.17
8 6940.41 1834.27 6922.78 1815.23 6926.41 1783.94 6937.01 1769.94 6939.09 1767.73 6984.52 1793.59 6985.96 1820.08 6959.90 1833.53
8 5346.16 3848.80 5395.81 3906.54 5354.20 3937.24 5343.14 3940.73 5336.86 3941.90 5289.38 3915.74 5285.15 3893.38 5310.30 3859.36
7 2185.71 3182.30 2120.25 3232.26 2115.14 3224.59 2066.60 3138.79 2103.40 3135.05 2147.23 3137.39 2171.17 3160.54
8 6197.74 1662.36 6231.02 1700.80 6227.12 1732.69 6214.23 1744.70 6169.02 1761.02 6160.26 1755.86 6127.90 1733.70 6149.81 1671.69
9 7188.99 807.87 7212.33 757.64 7227.04 759.51 7274.62 775.73 7281.04 778.10 7288.40 818.89 7275.14 840.63 7234.16 850.37 7200.54 842.34
8 5909.03 6723.23 5862.61 6625.83 5892.81 6588.27 5963.26 6582.06 5991.73 6581.69 6050.92 6651.21 6012.84 6701.76 5973.58 6717.40
7 2358.85 5001.69 2260.95 5047.30 2230.78 5024.29 2190.41 4954.42 2224.89 4908.20 2330.47 4899.56 2341.36 4926.36
8 4177.56 853.38 4119.06 824.36 4152.92 731.12 4175.52 710.73 4235.69 704.48 4268.84 716.65 4265.29 815.06 4217.02 857.47
12 6773.58 4778.12 6784.10 4757.52 6813.72 4744.69 6842.09 4751.30 6844.77 4752.17 6844.98 4752.32 6853.93 4769.39 6854.07 4792.87 6843.78 4810.87 6828.58 4821.74 6797.78 4822.03 6796.32 4820.87
6 8922.87 444.24 8855.35 512.66 8809.57 454.00 8792.98 413.61 8820.35 382.34 8862.13 369.60
8 370.44 6247.42 390.51 6279.46 385.84 6304.61 375.69 6311.87 341.45 6306.95 319.83 6280.50 318.02 6263.90 336.51 6253.92
9 806.31 7251.72 772.71 7159.05 805.57 7120.44 856.66 7106.12 883.20 7108.90 905.92 7112.08 935.87 7145.94 916.90 7203.64 866.18 7270.04
8 4878.25 912.37 4895.22 933.77 4891.79 966.21 4855.16 996.08 4845.29 991.52 4835.04 982.34 4821.16 945.03 4824.91 925.08
11 5689.85 6913.53 5693.83 6923.49 5693.14 6948.15 5674.53 6982.36 5650.29 6988.42 5620.27 6974.45 5611.77 6964.11 5603.57 6952.54 5598.17 6916.80 5601.68 6909.75 5631.19 6910.33
9 1656.18 4545.49 1656.95 4519.07 1687.29 4507.12 1721.90 4531.70 1730.15 4558.42 1721.76 4577.25 1711.93 4583.98 1697.95 4582.25 1659.09 4553.24
7 1327.62 6251.90 1364.66 6221.56 1412.17 6230.43 1428.03 6266.38 1410.04 6305.12 1379.61 6313.98 1333.85 6290.05
9 1557.17 3219.81 1573.60 3179.90 1596.39 3167.51 1606.23 3165.91 1642.02 3172.18 1651.93 3249.81 1609.12 3272.11 1588.64 3268.45 1566.01 3256.29
9 3577.79 7312.80 3535.30 7286.19 3544.10 7252.94 3549.20 7250.02 3593.32 7249.05 3607.99 7261.93 3614.06 7275.41 3598.69 7305.06 3581.71 7313.36
12 6591.22 8037.78 6651.63 8046.61 6677.62 8070.36 6686.37 8090.09 6678.11 8112.34 6659.52 8139.50 6644.02 8149.99 6575.13 8155.09 6545.85 8120.85 6551.39 8084.69 6560.98 8062.55 6564.42 8058.07
8 8067.13 2190.80 7996.58 2238.42 7936.33 2209.63 7920.69 2158.08 7977.08 2084.38 8006.42 2083.65 8038.23 2101.84 8060.48 2154.17
10 8941.47 5640.52 8972.20 5690.57 8945.47 5733.48 8918.90 5754.92 8835.45 5708.70 8828.23 5697.44 8830.48 5651.15 8842.67 5631.97 8870.28 5628.19 8912.44 5626.80
7 5728.89 5090.45 5784.62 5130.01 5771.26 5186.04 5717.63 5231.19 5681.62 5226.84 5642.93 5195.17 5646.90 5131.47
8 5954.57 7817.03 5980.62 7773.87 6045.37 7737.18 6107.34 7757.40 6130.34 7843.44 6074.44 7905.40 6024.82 7903.63 5980.72 7850.96
9 1170.31 2604.40 1168.04 2558.13 1171.74 2552.52 1187.80 2530.30 1211.18 2532.90 1249.51 2550.20 1252.00 2576.95 1246.31 2601.80 1204.37 2616.00
6 5299.56 3833.61 5182.24 3734.05 5288.16 3672.30 5326.20 3700.73 5337.14 3723.84 5331.75 3824.08
8 1390.80 1729.30 1383.81 1800.87 1337.01 1795.97 1318.46 1793.96 1298.73 1737.61 1289.60 1700.59 1313.68 1698.98 1375.37 1704.15
8 2355.97 314.25 2321.95 244.08 2323.08 223.87 2338.43 199.70 2388.50 187.75 2414.93 205.78 2432.90 241.35 2434.42 254.51
9 6974.57 1165.63 6948.36 1156.78 6945.72 1148.18 6940.47 1129.34 6944.97 1113.32 6966.36 1097.04 7000.06 1088.36 7020.12 1105.73 7004.24 1165.57
9 4067.78 1513.60 4125.78 1569.64 4123.15 1609.08 4115.68 1630.10 4091.22 1690.26 4017.15 1692.05 3982.50 1638.40 3980.30 1606.45 4018.85 1532.06
6 912.50 5479.59 947.69 5424.87 987.17 5460.35 1008.15 5479.36 998.72 5489.54 968.85 5520.56
5 6096.50 576.17 6107.34 516.28 6141.72 517.50 6177.57 614.84 6114.78 595.30
9 3786.66 8053.94 3749.06 8094.32 3691.69 8068.32 3685.83 8064.11 3682.41 8032.84 3690.75 8021.40 3700.24 8010.38 3739.23 7993.07 3780.43 8035.94
11 4790.23 7447.52 4846.51 7446.73 4883.79 7480.72 4914.11 7523.81 4887.61 7552.92 4858.85 7576.37 4844.35 7585.46 4841.12 7585.47 4790.44 7579.01 4747.47 7557.34 4775.04 7477.33
9 364.96 3972.85 349.50 3955.94 373.40 3898.73 379.49 3892.42 429.98 3878.90 465.38 3916.14 430.84 3988.38 420.60 3990.87 392.48 3984.71
10 7242.61 8121.00 7233.66 8157.06 7186.75 8189.79 7150.44 8179.78 7136.55 8169.37 7127.66 8147.82 7122.59 8128.22 7128.88 8095.09 7158.31 8083.04 7194.47 8084.38
8 8820.58 2209.35 8792.66 2303.07 8739.23 2293.19 8699.96 2262.08 8691.02 2225.19 8702.34 2189.08 8728.07 2172.82 8803.14 2168.34
12 1043.28 2972.22 1069.57 2967.97 1107.96 2983.07 1122.90 3002.65 1129.40 3062.28 1100.72 3086.15 1085.51 3095.32 1067.87 3092.97 1023.13 3080.67 1011.75 3050.53 1010.21 3019.87 1023.70 2998.12
7 6221.94 1984.34 6239.83 2101.70 6157.84 2099.14 6148.44 2098.00 6124.02 2093.43 6084.07 2048.01 6123.77 1988.68
9 4785.36 2544.57 4830.27 2613.20 4815.90 2654.77 4780.80 2667.21 4729.04 2678.81 4702.98 2662.89 4703.54 2588.74 4711.45 2561.57 4739.42 2545.80
10 6253.26 4978.68 6266.92 4953.91 6285.37 4942.90 6321.94 4960.87 6331.47 4991.79 6328.73 5004.67 6322.22 5014.41 6318.81 5018.95 6274.73 5022.67 6257.16 5008.44
9 4122.48 3584.59 4112.99 3517.42 4145.43 3480.53 4179.61 3466.38 4224.52 3469.69 4273.84 3522.06 4274.93 3570.76 4270.23 3593.14 4195.01 3631.93
7 6034.11 5337.89 6017.10 5290.20 6025.92 5274.23 6045.30 5276.70 6089.37 5296.19 6080.06 5313.58 6058.04 5336.54
8 2915.44 3971.43 2876.77 3909.02 2931.97 3852.25 2981.85 3849.13 3042.45 3901.01 3058.32 3915.86 3035.84 3951.04 2953.82 4014.66
8 4824.50 6693.56 4782.44 6665.78 4785.25 6636.15 4806.48 6598.88 4854.23 6594.29 4871.31 6626.03 4880.64 6656.46 4877.31 6671.36
11 2137.63 7341.90 2122.06 7369.86 2067.05 7412.61 2045.31 7404.83 2009.42 7388.08 1978.15 7351.67 1966.29 7310.92 1983.35 7277.36 2028.35 7260.04 2074.30 7264.99 2116.58 7309.62
11 6556.89 4261.43 6571.46 4296.79 6543.29 4342.80 6496.79 4388.16 6452.70 4398.55 6424.62 4377.37 6415.85 4366.78 6421.76 4330.23 6439.77 4291.62 6458.77 4277.70 6508.61 4256.73
7 8458.42 207.22 8405.73 275.57 8342.91 231.41 8336.64 186.17 8365.40 159.79 8367.86 157.89 8435.80 182.14
8 1740.75 8712.41 1656.16 8713.12 1633.85 8673.60 1628.05 8617.09 1727.90 8605.62 1752.19 8633.02 1747.05 8695.06 1742.41 8710.99
9 2754.42 8507.71 2769.57 8407.39 2798.63 8413.35 2846.21 8425.62 2862.20 8455.01 2850.58 8490.87 2835.39 8533.22 2785.62 8527.57 2773.83 8524.12
9 2468.63 2511.27 2379.69 2467.49 2386.57 2396.37 2426.26 2387.92 2483.17 2380.72 2500.17 2391.78 2520.02 2415.10 2488.51 2491.33 2479.30 2510.88
10 7344.14 8434.63 7353.62 8400.80 7364.01 8383.27 7378.34 8373.40 7416.45 8386.39 7434.91 8414.57 7425.13 8442.70 7415.06 8466.56 7382.60 8473.70 7353.50 8448.38
12 7163.80 6927.72 7184.20 6882.94 7204.29 6878.34 7239.27 6872.03 7276.11 6879.92 7294.91 6901.93 7307.32 6970.01 7308.64 7005.11 7296.30 7019.45 7272.85 7034.78 7206.02 6995.72 7187.71 6972.88
11 4552.18 2102.40 4568.81 2126.87 4552.78 2170.07 4540.19 2175.66 4506.75 2184.77 4475.65 2158.05 4468.96 2140.24 4486.79 2111.84 4491.84 2103.87 4515.89 2080.33 4527.64 2077.55
8 2604.08 3764.16 2552.72 3731.07 2560.46 3692.70 2568.07 3673.35 2576.74 3664.10 2643.11 3689.41 2659.47 3707.45 2648.04 3753.03
7 7233.19 7900.33 7196.57 7867.72 7235.55 7767.87 7237.52 7765.56 7315.80 7806.22 7337.41 7835.82 7286.91 7887.82
9 933.91 1804.36 965.91 1736.67 994.38 1732.38 1017.79 1747.50 1032.77 1797.71 1021.52 1839.35 1007.15 1842.95 943.45 1827.62 934.99 1817.30
7 5100.68 1840.50 5051.55 1760.21 5072.82 1711.04 5111.19 1689.47 5187.51 1738.06 5193.72 1800.48 5176.29 1828.03
7 4654.07 4349.91 4600.65 4386.03 4557.16 4368.60 4540.77 4346.80 4548.66 4294.61 4605.11 4271.72 4634.58 4295.77
9 4917.05 2433.22 4917.42 2506.25 4915.07 2514.39 4858.51 2515.34 4798.39 2469.35 4799.80 2444.24 4844.97 2392.84 4861.83 2394.35 4862.66 2394.70
6 1454.09 6999.13 1456.79 7052.10 1421.15 7064.79 1418.72 7060.67 1403.55 7021.03 1419.16 7000.94
9 7633.99 5071.30 7656.18 5032.50 7717.00 5026.86 7735.35 5033.01 7754.02 5089.23 7757.25 5114.06 7731.57 5145.73 7706.41 5139.79 7668.27 5118.25
8 6606.88 6317.36 6649.70 6354.68 6620.62 6452.27 6599.17 6480.96 6556.65 6458.64 6510.48 6379.36 6515.07 6371.25 6579.14 6328.17
8 9000.46 4308.21 8994.48 4256.57 9032.09 4235.07 9093.81 4263.54 9093.00 4324.04 9056.81 4342.01 9047.52 4341.31 9026.94 4338.13
10 3781.12 6298.50 3794.06 6218.54 3842.83 6178.42 3871.22 6178.01 3903.62 6206.60 3930.19 6259.48 3934.02 6298.87 3897.93 6337.22 3858.57 6345.79 3810.31 6327.21
8 2738.90 1690.74 2783.64 1720.71 2780.48 1748.14 2716.56 1816.43 2674.91 1796.78 2655.28 1730.06 2652.44 1719.24 2671.93 1707.25
9 9027.45 4885.57 8920.68 4892.34 8914.98 4886.23 8877.35 4814.50 8906.45 4768.56 8989.97 4759.77 9034.39 4785.96 9052.86 4806.10 9049.51 4841.38
7 7496.59 1940.86 7408.27 1938.02 7411.94 1842.03 7449.01 1797.77 7474.50 1804.68 7504.68 1818.71 7538.59 1842.62
7 6540.25 2589.36 6515.26 2620.98 6474.31 2600.95 6449.63 2581.88 6480.66 2535.81 6507.00 2531.84 6520.83 2552.97
11 4092.54 4221.50 4154.74 4193.00 4203.11 4220.57 4217.68 4235.45 4220.32 4243.74 4198.56 4293.41 4185.85 4313.37 4154.88 4309.43 4126.28 4291.05 4110.70 4273.16 4096.29 4251.64
7 1088.49 5405.36 1122.07 5389.73 1165.73 5423.06 1147.02 5440.11 1104.24 5457.60 1099.96 5455.60 1092.67 5431.22
11 8062.56 7073.78 8049.21 7136.52 8004.60 7150.45 7994.95 7149.31 7977.22 7138.59 7973.49 7127.66 7972.56 7119.19 7973.01 7095.68 7979.35 7063.10 7986.28 7058.61 8044.72 7057.05
11 1791.76 3085.51 1839.21 3141.47 1830.13 3205.68 1804.63 3238.97 1797.44 3240.30 1757.12 3237.60 1707.11 3215.26 1701.04 3174.31 1703.51 3159.94 1718.62 3144.32 1775.32 3093.47
10 1924.63 8890.86 1910.30 8956.81 1863.64 8972.18 1845.40 8934.80 1838.85 8894.13 1838.43 8875.36 1862.42 8861.40 1875.83 8860.52 1887.45 8860.00 1920.22 8878.47
9 5840.67 4749.34 5862.09 4697.15 5887.74 4700.87 5947.43 4737.02 5944.77 4799.95 5922.51 4824.31 5866.70 4823.48 5854.86 4821.29 5841.62 4763.77
9 3165.56 7666.80 3193.02 7754.26 3161.10 7783.36 3146.09 7793.83 3095.70 7782.69 3051.75 7755.31 3070.19 7697.91 3082.02 7662.10 3114.97 7662.95
11 5007.52 6535.35 5084.96 6505.73 5107.62 6519.18 5139.32 6560.00 5148.89 6600.80 5125.36 6623.03 5088.33 6644.56 5068.32 6652.93 5003.96 6626.39 5002.05 6610.44 5004.57 6542.78
12 8651.51 6779.77 8687.31 6821.21 8686.86 6844.49 8684.59 6866.45 8651.46 6898.17 8605.06 6919.02 8540.14 6901.31 8511.52 6876.17 8513.80 6843.87 8528.32 6799.59 8575.77 6772.03 8623.60 6765.53
6 1840.15 2381.02 1804.06 2500.94 1772.08 2485.81 1721.17 2428.50 1764.74 2369.32 1792.45 2365.71
9 1440.45 7346.13 1511.21 7325.69 1543.21 7367.92 1544.89 7412.03 1539.67 7445.72 1505.25 7468.62 1430.92 7444.56 1422.66 7420.13 1425.95 7379.13
9 7369.02 4806.59 7360.31 4853.29 7322.97 4862.51 7280.21 4852.63 7262.80 4840.85 7266.61 4803.04 7275.51 4769.28 7310.51 4754.81 7352.17 4780.47
11 7872.74 1124.45 7888.04 1091.96 7907.19 1084.16 7916.36 1085.14 7931.65 1089.16 7943.63 1093.43 7954.33 1098.90 7955.25 1152.55 7950.85 1166.70 7903.00 1179.03 7880.93 1163.97
7 4453.33 8982.33 4427.97 9015.03 4399.97 9004.27 4373.82 8972.90 4401.70 8941.15 4431.95 8943.89 4448.88 8951.59
10 6622.79 215.25 6658.03 173.80 6687.21 174.69 6716.70 195.61 6722.94 218.03 6715.69 268.83 6698.02 285.31 6664.51 285.82 6643.89 265.12 6627.15 245.21
8 1608.48 1713.12 1611.26 1690.52 1687.99 1620.64 1717.25 1646.12 1719.26 1687.23 1690.06 1724.28 1680.78 1730.40 1658.30 1725.37
7 7749.73 6441.74 7774.55 6370.13 7820.07 6358.50 7870.56 6399.61 7867.24 6431.35 7848.90 6466.19 7775.62 6455.90
9 7554.20 7090.80 7449.88 7142.15 7392.98 7069.87 7378.24 7050.55 7386.83 7024.57 7445.97 6960.19 7480.92 6983.73 7518.77 7025.14 7550.42 7076.59
6 8628.05 903.77 8606.36 860.05 8643.96 788.61 8674.22 786.23 8698.39 821.98 8687.05 867.01
10 7436.07 2688.76 7396.51 2735.99 7363.48 2726.40 7342.25 2707.45 7327.25 2692.25 7329.78 2678.98 7340.97 2647.77 7360.73 2632.95 7386.38 2621.60 7414.22 2632.37
11 304.38 8144.71 281.98 8109.33 283.14 8097.21 299.70 8075.26 319.12 8077.09 326.53 8079.74 335.61 8083.12 343.02 8087.70 358.15 8105.01 345.49 8136.72 332.34 8140.77
6 4979.62 5765.62 5002.75 5707.90 5032.38 5748.31 5030.93 5773.45 5013.34 5784.18 4984.78 5783.84
7 6201.55 6597.35 6229.03 6630.81 6208.62 6673.58 6177.05 6683.76 6153.91 6673.68 6138.49 6595.84 6185.05 6591.77
8 5662.77 6591.21 5700.97 6646.22 5699.02 6656.80 5687.68 6666.86 5651.86 6683.50 5635.41 6674.69 5625.82 6668.55 5635.61 6620.47
6 6023.90 6999.42 6025.29 7078.75 5988.77 7103.48 5944.58 7081.24 5917.90 7046.69 5931.23 7003.87
8 3952.86 7343.68 3918.61 7419.36 3881.46 7413.82 3851.22 7382.73 3834.73 7363.31 3858.28 7338.77 3919.62 7311.93 3938.11 7313.62
12 1454.12 2020.95 1430.71 2052.13 1393.09 2034.97 1358.26 2013.77 1358.46 2010.95 1364.75 1972.19 1372.65 1966.90 1416.38 1955.94 1436.61 1963.20 1441.77 1967.54 1448.89 1980.33 1453.36 1993.55
9 8676.60 6410.68 8708.17 6357.46 8737.34 6323.83 8794.14 6343.20 8826.62 6395.10 8808.30 6437.90 8772.77 6479.84 8736.34 6468.34 8691.90 6450.12
6 7872.37 4404.19 7927.13 4393.87 7935.49 4400.92 7952.79 4441.11 7937.87 4469.68 7882.74 4464.62
5 3306.42 1419.90 3383.56 1540.18 3327.87 1598.93 3213.15 1524.29 3226.01 1486.49
9 2329.16 5435.74 2331.20 5398.86 2396.49 5369.48 2430.37 5399.71 2434.33 5441.61 2407.98 5464.40 2392.79 5475.21 2377.17 5479.68 2348.22 5460.84
8 219.88 1528.90 299.23 1590.24 286.96 1620.71 267.11 1665.97 200.74 1689.58 172.14 1669.98 151.50 1576.56 179.62 1556.31
9 2975.31 237.19 3006.27 172.32 3019.95 163.32 3070.07 155.91 3116.80 190.43 3145.29 242.85 3120.62 289.42 3036.33 312.02 2985.11 282.01
9 8455.44 3838.59 8409.50 3798.13 8412.13 3784.62 8420.43 3758.03 8435.73 3746.83 8478.22 3734.07 8503.91 3772.30 8486.57 3820.52 8473.24 3836.98
10 4015.52 8287.69 4059.18 8293.60 4067.97 8309.96 4069.09 8334.35 4064.10 8350.74 4039.91 8354.69 4021.53 8353.37 4004.41 8337.93 3995.28 8327.07 4011.22 8287.89
8 6728.09 2643.35 6696.27 2618.13 6710.99 2577.00 6763.44 2550.19 6796.83 2571.06 6792.18 2596.19 6780.96 2639.01 6730.19 2643.34
6 2217.01 485.54 2262.79 431.48 2362.34 512.16 2335.78 533.45 2285.74 572.53 2270.87 561.27
10 594.19 4733.72 563.40 4695.60 575.81 4616.55 628.30 4590.04 640.49 4588.24 665.82 4607.59 698.20 4675.62 701.29 4689.78 667.02 4724.03 645.60 4730.31
11 4514.75 2929.71 4575.35 2861.98 4609.67 2823.92 4650.56 2834.75 4654.33 2960.48 4636.86 2984.43 4620.62 3002.07 4567.00 2992.22 4538.33 2986.06 4519.55 2957.80 4517.97 2951.59
10 267.95 2138.27 256.97 2115.27 280.01 2098.39 321.56 2070.58 360.20 2089.39 373.82 2115.40 379.91 2137.78 368.71 2157.99 359.75 2166.74 298.71 2186.96
13 3417.01 1878.59 3460.15 1941.71 3450.59 1962.42 3429.96 2005.26 3417.59 2028.07 3407.93 2040.72 3359.82 2042.00 3304.87 2009.05 3301.41 1993.83 3304.58 1928.40 3314.34 1882.94 3339.83 1862.07 3370.30 1850.64
9 1143.11 730.72 1137.73 675.94 1148.85 669.37 1190.92 658.33 1221.18 651.82 1236.71 677.38 1246.84 698.57 1234.80 748.58 1179.11 794.75
8 3635.95 6009.51 3556.78 6093.03 3521.96 6062.79 3519.13 6024.73 3519.57 6012.49 3526.51 5926.48 3568.11 5925.49 3635.21 5979.66
7 3788.60 4780.23 3784.87 4743.31 3786.94 4742.10 3816.54 4735.99 3826.73 4749.93 3838.11 4794.84 3795.07 4783.13
10 2047.11 8862.57 2051.95 8893.49 2039.24 8921.20 2004.82 8943.06 1972.51 8941.89 1961.30 8929.91 1961.47 8909.31 1978.80 8863.57 1995.04 8861.12 2020.98 8861.01
9 3189.49 411.00 3132.76 408.02 3129.33 402.46 3108.80 357.23 3120.79 315.64 3128.23 306.48 3194.74 313.11 3215.10 332.42 3214.11 384.92
11 2821.09 7368.05 2873.64 7345.44 2883.79 7344.35 2897.46 7376.21 2899.80 7403.69 2880.35 7428.25 2870.75 7429.72 2858.89 7427.42 2846.13 7423.58 2838.83 7417.99 2835.81 7413.04
8 4724.73 8244.10 4700.57 8222.36 4715.70 8183.53 4735.43 8168.41 4798.92 8169.09 4820.28 8215.55 4806.68 8262.73 4775.55 8280.03
6 8478.58 7340.56 8508.71 7301.75 8535.12 7306.71 8553.27 7338.91 8547.09 7343.30 8479.15 7361.91
8 868.72 1499.80 865.27 1530.99 828.87 1555.65 812.45 1548.17 808.39 1507.72 812.21 1500.08 818.79 1494.28 851.47 1495.29
9 6500.04 7720.56 6512.05 7699.01 6535.02 7665.88 6569.03 7670.87 6611.40 7684.83 6626.35 7762.76 6598.94 7786.29 6579.29 7798.52 6502.41 7735.36
10 6606.39 4775.11 6668.12 4707.41 6694.97 4703.60 6749.79 4729.56 6767.41 4798.71 6737.73 4844.01 6712.88 4853.45 6688.02 4859.74 6623.89 4820.45 6610.31 4790.48
9 5047.35 8583.37 5042.09 8527.03 5050.77 8509.98 5067.61 8506.91 5104.42 8521.67 5115.78 8544.15 5108.72 8556.46 5096.02 8569.68 5058.84 8586.93
7 1372.67 3057.79 1272.26 3026.75 1280.83 2984.15 1324.85 2921.44 1381.63 2951.05 1400.13 3005.61 1386.38 3042.16
10 1721.35 1213.82 1696.04 1256.73 1669.06 1260.30 1660.21 1260.36 1641.41 1235.46 1645.24 1204.54 1658.97 1186.48 1674.80 1180.91 1700.79 1186.35 1709.43 1196.60
8 7875.78 5045.38 7842.46 5025.60 7857.19 4994.43 7871.66 4967.65 7934.99 4975.14 7945.12 4979.49 7953.67 5000.60 7954.59 5047.64
9 5251.63 6677.36 5303.46 6639.56 5321.97 6630.13 5380.62 6638.40 5386.43 6647.94 5404.56 6742.04 5397.38 6749.01 5331.63 6782.42 5261.68 6721.93
8 8052.04 1395.51 8043.52 1353.30 8059.70 1337.30 8103.91 1320.47 8132.99 1346.21 8143.17 1377.62 8110.78 1411.25 8068.75 1416.00
9 2534.14 4123.10 2498.21 4095.03 2510.04 4067.74 2527.97 4047.82 2529.53 4046.68 2548.28 4043.09 2570.39 4054.23 2577.57 4086.86 2551.66 4110.95
6 3007.36 8722.76 3101.30 8719.71 3126.29 8797.58 3100.29 8824.41 3029.24 8828.20 3022.26 8819.92
6 1049.90 8999.78 1068.65 8932.12 1160.54 8942.31 1170.53 9044.91 1105.48 9031.16 1063.93 9007.89
9 4461.84 3051.29 4541.53 3084.09 4538.04 3174.19 4500.18 3187.45 4449.90 3185.75 4437.09 3182.10 4407.73 3135.40 4431.08 3075.28 4440.32 3063.67
8 3511.89 4481.67 3504.04 4416.92 3536.02 4370.26 3554.29 4360.10 3644.63 4453.78 3655.38 4474.37 3638.23 4508.28 3573.65 4528.05
7 2779.39 8694.11 2834.03 8587.70 2887.15 8600.13 2923.72 8646.27 2869.09 8691.73 2867.08 8692.28 2824.61 8702.47
9 4766.90 4937.68 4765.48 4980.67 4686.63 5015.06 4658.02 4993.78 4657.57 4988.77 4658.34 4939.11 4664.03 4933.44 4683.23 4923.43 4747.96 4923.43
8 4049.84 8608.89 4036.55 8658.35 3982.62 8658.26 3968.99 8656.67 3940.42 8632.34 3937.69 8606.77 3970.34 8564.53 4036.97 8566.60
8 503.17 8370.21 492.63 8415.96 453.59 8419.33 434.68 8405.74 442.48 8364.90 458.97 8353.82 477.88 8350.03 493.17 8361.21
9 3283.93 4797.16 3194.27 4837.23 3170.20 4806.57 3167.58 4767.97 3176.93 4752.01 3226.05 4723.20 3272.07 4741.30 3283.10 4755.63 3283.37 4756.06
10 8264.00 432.31 8277.83 402.32 8299.60 392.70 8321.58 390.37 8338.70 428.71 8340.28 442.59 8310.04 459.77 8297.31 465.68 8281.76 450.64 8264.62 433.10
8 8344.20 1727.23 8386.26 1788.54 8358.67 1835.03 8322.74 1840.49 8286.58 1832.22 8260.26 1766.85 8266.40 1761.54 8299.64 1733.67
11 1260.53 4348.40 1302.56 4296.28 1334.86 4273.82 1348.79 4272.52 1384.59 4280.53 1393.21 4285.91 1415.31 4346.08 1388.85 4411.87 1325.22 4420.87 1311.12 4419.57 1271.74 4367.48
12 5864.66 3737.57 5793.47 3722.32 5763.73 3659.29 5762.38 3627.23 5774.24 3607.92 5790.60 3587.27 5794.46 3584.20 5895.28 3599.22 5910.84 3614.46 5933.57 3640.43 5913.21 3686.97 5909.78 3692.74
13 8772.77 467.27 8745.97 537.26 8718.41 545.86 8688.69 550.42 8674.56 545.62 8665.78 535.93 8644.04 508.33 8638.28 496.47 8636.09 487.80 8648.60 458.17 8654.63 448.89 8725.13 419.94 8760.32 448.61
9 5423.88 4337.57 5400.00 4309.83 5403.98 4301.96 5431.34 4265.53 5472.08 4256.10 5486.55 4267.12 5486.84 4275.94 5484.81 4321.40 5439.84 4343.92
8 3443.16 8107.07 3403.93 8118.54 3370.86 8080.67 3367.30 8060.21 3386.56 8041.82 3399.98 8031.50 3452.79 8049.23 3452.28 8091.52
10 4133.74 2787.29 4169.79 2751.88 4234.18 2780.93 4271.93 2800.43 4271.90 2863.13 4209.50 2915.08 4190.24 2921.25 4174.64 2909.33 4152.69 2879.58 4137.65 2822.56
12 4703.13 2976.32 4725.37 2945.78 4772.81 2953.83 4780.23 2956.17 4798.54 2967.50 4786.48 3018.37 4782.93 3029.64 4777.42 3035.43 4737.40 3044.78 4712.12 3029.01 4708.84 3022.85 4705.85 3012.65
12 2881.62 5201.70 2950.66 5143.49 2960.21 5141.78 2985.02 5141.94 2990.21 5143.65 2997.71 5146.63 3011.88 5171.09 3025.13 5228.67 3021.69 5250.14 2951.48 5277.60 2930.00 5278.14 2902.85 5250.33
12 4737.54 7194.36 4748.92 7154.92 4757.10 7151.07 4800.60 7137.10 4832.10 7167.90 4843.38 7189.32 4842.97 7213.51 4840.67 7229.03 4820.20 7236.14 4781.98 7245.49 4764.99 7245.93 4743.58 7217.19
9 7295.14 2309.99 7278.15 2270.24 7308.13 2246.23 7355.84 2249.49 7368.96 2264.65 7376.22 2281.28 7370.93 2304.76 7362.68 2311.15 7325.45 2334.30
9 1515.37 2731.03 1531.89 2702.34 1580.68 2669.96 1598.80 2679.09 1602.00 2698.98 1586.99 2726.21 1569.00 2749.80 1549.50 2750.60 1530.57 2746.42
9 3216.10 6847.47 3238.84 6914.89 3233.96 6926.71 3213.26 6935.76 3179.32 6943.81 3168.75 6937.67 3144.20 6917.64 3151.49 6864.54 3173.31 6847.44
6 6399.00 4343.13 6404.79 4382.69 6389.50 4410.42 6321.72 4412.40 6321.96 4352.09 6350.98 4339.34
10 4036.43 1312.20 4061.27 1352.88 4052.71 1373.51 4043.18 1383.35 4031.70 1393.70 3998.36 1392.45 3989.59 1389.58 3971.24 1370.27 3971.84 1350.22 4007.80 1316.95
9 3965.44 4674.08 3961.86 4587.44 4018.65 4578.71 4056.86 4575.52 4088.96 4606.37 4086.21 4648.33 4057.05 4692.08 4019.20 4719.59 3973.25 4681.93
8 5623.08 7954.81 5684.52 8029.78 5670.96 8091.72 5615.35 8130.44 5557.99 8128.77 5515.68 8061.01 5501.44 7998.17 5574.01 7967.14
8 2616.15 6316.59 2632.53 6291.71 2729.86 6231.79 2787.37 6287.99 2792.83 6350.98 2743.71 6393.54 2711.33 6397.75 2618.05 6331.57
8 4086.34 4928.72 4100.14 4912.03 4127.53 4894.89 4181.65 4917.15 4187.51 4958.03 4163.73 4982.83 4115.87 4981.60 4101.10 4966.12
8 3075.68 414.86 3090.60 439.86 3080.31 467.91 3069.16 481.57 3049.73 484.91 3024.28 471.14 3019.73 441.87 3029.40 420.70
10 656.24 1630.68 688.82 1589.86 718.12 1577.37 740.19 1586.47 765.09 1612.62 765.16 1664.41 758.91 1685.59 682.40 1701.34 661.26 1669.39 657.11 1644.34
6 2394.35 5181.96 2359.22 5248.47 2297.92 5227.91 2294.32 5173.36 2304.36 5135.44 2366.41 5156.08
10 3431.11 6850.77 3422.66 6809.63 3433.82 6763.85 3447.96 6757.59 3457.90 6755.96 3508.60 6771.49 3524.39 6791.79 3518.96 6820.83 3510.62 6854.93 3452.53 6861.56
7 8177.29 2097.47 8187.09 2057.47 8217.64 2038.98 8230.15 2039.87 8238.32 2100.96 8238.08 2109.00 8203.14 2110.26
13 1078.89 8270.30 1085.15 8290.12 1076.48 8318.56 1055.11 8339.93 1017.98 8358.72 1001.53 8353.47 978.59 8318.68 967.06 8295.73 967.33 8270.08 971.32 8238.54 991.35 8231.33 1024.68 8219.70 1056.56 8216.74
8 1581.26 2649.93 1589.68 2586.52 1611.77 2571.95 1658.76 2596.21 1693.20 2625.69 1660.03 2653.49 1622.46 2678.03 1583.52 2651.83
7 6548.02 5944.42 6533.83 5873.73 6560.42 5865.44 6632.92 5856.57 6639.64 5864.03 6655.52 5936.80 6633.82 5973.25
7 8131.41 8907.07 8115.14 8868.18 8121.06 8862.16 8213.97 8838.85 8257.88 8905.30 8261.99 8917.47 8241.90 8934.22
8 4424.13 7132.24 4468.12 7064.01 4505.54 7087.36 4506.93 7113.15 4506.29 7146.68 4505.02 7160.74 4461.22 7206.97 4444.17 7182.67
10 3926.27 2972.81 3903.70 3015.18 3883.25 3018.96 3852.39 3006.66 3842.72 3002.52 3845.31 2963.31 3854.27 2950.61 3869.61 2946.47 3894.80 2943.74 3901.46 2945.66
8 2544.97 1293.03 2488.13 1369.69 2455.52 1352.32 2416.45 1330.32 2415.35 1311.73 2441.08 1283.74 2482.58 1262.15 2525.14 1276.10
7 6648.56 894.50 6549.60 952.77 6527.64 903.22 6526.06 881.78 6530.58 822.16 6551.04 814.33 6605.48 819.66
9 3517.19 5338.17 3484.78 5307.16 3490.09 5292.40 3499.86 5279.28 3513.49 5277.50 3544.68 5288.10 3556.62 5292.24 3554.44 5322.66 3525.00 5341.23
8 1609.52 8452.81 1612.59 8397.51 1684.59 8346.51 1731.04 8366.20 1765.98 8404.21 1758.55 8430.76 1736.95 8495.61 1655.49 8506.54
9 4512.52 6888.22 4500.99 6848.08 4510.22 6830.42 4531.28 6814.01 4552.27 6827.61 4571.33 6852.40 4566.04 6876.03 4529.65 6893.02 4517.69 6889.81
7 5136.57 9019.53 5086.22 8969.59 5098.46 8913.17 5138.20 8889.13 5172.37 8885.74 5200.14 8954.48 5200.91 8997.37
8 5073.81 8029.57 4987.61 8056.27 4958.99 7997.92 4951.59 7960.38 4963.76 7941.60 4971.10 7939.24 5001.51 7935.94 5062.81 7960.28
13 6272.92 472.82 6259.68 432.14 6262.42 422.00 6284.43 397.55 6308.97 394.28 6322.77 398.84 6340.26 406.88 6350.27 415.52 6352.07 427.44 6350.89 448.22 6347.97 465.39 6325.00 483.33 6287.82 478.64
12 4286.99 401.40 4309.97 353.88 4348.58 337.60 4371.00 338.40 4390.22 353.34 4427.22 394.42 4427.84 401.26 4406.98 448.56 4369.90 454.13 4359.80 454.96 4335.24 447.64 4322.52 439.92
10 5729.83 966.38 5673.43 896.71 5704.95 843.66 5754.23 834.53 5788.06 852.86 5823.22 877.00 5813.58 906.04 5798.79 933.08 5781.98 950.18 5762.31 957.65
8 8864.98 8649.88 8801.52 8668.15 8748.55 8639.06 8725.86 8577.86 8774.45 8518.13 8792.81 8511.65 8874.49 8535.85 8867.95 8623.32
9 6994.91 7307.13 6956.49 7365.92 6908.18 7348.85 6881.40 7334.72 6840.80 7275.64 6859.41 7237.42 6864.93 7232.50 6910.84 7233.63 6988.44 7270.61
13 5843.38 643.56 5872.80 636.02 5889.16 636.61 5901.72 652.11 5927.93 687.80 5936.16 715.25 5916.90 744.03 5884.45 753.86 5855.30 753.69 5844.89 730.80 5838.16 707.08 5834.32 684.15 5834.41 682.78
8 6303.14 6789.61 6244.82 6826.38 6193.30 6823.12 6184.45 6747.38 6198.63 6731.15 6211.75 6727.11 6250.19 6719.98 6285.18 6734.94
8 1059.59 5112.92 1118.89 5125.94 1100.35 5152.09 1091.80 5164.04 1086.41 5161.94 1060.13 5150.20 1045.35 5134.55 1049.14 5122.96
11 253.76 673.46 228.44 637.30 226.48 631.35 221.54 616.31 238.03 582.58 272.00 577.20 282.14 584.04 310.99 621.99 314.29 632.29 296.10 664.06 280.87 672.03
11 3174.08 6538.52 3223.53 6619.30 3198.87 6666.58 3176.16 6685.08 3104.04 6688.51 3091.54 6685.91 3065.59 6672.81 3073.64 6589.95 3091.39 6552.78 3119.06 6533.19 3143.16 6526.70
6 7566.10 5565.38 7535.51 5450.01 7624.18 5406.78 7678.06 5459.22 7665.07 5520.18 7597.34 5558.36
10 7027.60 6228.41 7022.08 6204.95 7040.42 6182.62 7059.93 6181.48 7091.85 6191.00 7100.64 6205.12 7100.61 6254.23 7069.79 6261.84 7053.15 6254.80 7037.91 6239.86
9 2779.20 3028.94 2744.03 2984.76 2751.44 2966.80 2764.28 2942.83 2833.94 2926.55 2852.12 2950.72 2850.97 2957.63 2846.13 2974.37 2815.42 3019.80
6 4903.15 4367.43 4984.59 4279.30 5055.52 4314.02 5021.80 4395.49 4958.86 4410.14 4935.89 4402.40
12 6086.38 3725.30 6093.59 3708.64 6119.57 3684.88 6130.48 3680.48 6170.04 3687.43 6189.74 3700.60 6196.69 3749.03 6174.16 3782.52 6155.52 3788.74 6149.86 3789.52 6102.45 3781.49 6095.04 3765.16
11 4277.93 982.62 4256.79 978.50 4240.70 947.68 4238.84 931.44 4238.97 925.81 4250.73 910.98 4258.28 901.62 4308.05 924.14 4315.13 937.34 4301.63 971.96 4295.63 982.11
10 7389.40 8009.59 7359.51 8001.96 7350.48 7973.56 7340.07 7922.88 7347.36 7911.95 7391.08 7906.67 7406.87 7921.59 7421.17 7936.00 7429.03 7953.77 7428.40 7987.87
10 5765.73 8091.73 5757.84 8079.44 5758.44 8043.28 5762.32 8022.17 5790.27 8014.40 5826.65 8012.01 5854.52 8032.74 5854.46 8058.89 5840.23 8088.85 5825.17 8099.75
7 3455.41 6936.21 3463.82 6900.15 3507.95 6881.17 3531.23 6893.87 3539.13 6957.19 3524.96 6961.04 3461.58 6938.85
9 343.64 1239.17 343.92 1179.17 402.29 1128.60 450.02 1146.17 469.45 1207.81 468.20 1244.39 447.69 1291.15 404.90 1284.38 374.29 1273.23
10 3590.66 259.39 3628.93 211.76 3639.15 211.88 3683.82 230.27 3683.69 268.33 3683.04 291.55 3658.96 309.30 3651.41 312.25 3632.69 318.05 3592.55 295.32
9 6536.39 3785.22 6488.92 3737.49 6494.26 3708.19 6524.56 3682.89 6549.69 3683.33 6577.34 3702.85 6595.52 3717.82 6593.09 3743.77 6572.62 3779.53
7 1408.22 6608.63 1423.41 6515.32 1461.55 6521.09 1495.86 6535.07 1508.27 6579.05 1495.89 6599.97 1448.97 6629.23
7 2340.52 4406.22 2283.62 4357.24 2312.40 4336.02 2338.36 4320.55 2363.62 4314.22 2370.75 4324.79 2392.56 4369.94
9 7977.30 373.97 7940.40 412.05 7914.67 415.58 7899.84 407.99 7889.28 388.51 7899.23 346.53 7908.48 337.88 7922.21 326.75 7965.56 343.26
9 818.13 8237.57 838.28 8259.06 834.76 8276.30 824.39 8293.86 792.12 8317.15 754.50 8297.72 747.27 8272.93 744.98 8255.98 801.60 8241.27
7 2337.59 7391.94 2303.20 7322.28 2324.79 7313.97 2381.22 7302.12 2388.85 7312.63 2403.49 7354.13 2392.73 7388.52
9 7536.61 1985.45 7560.57 1932.06 7602.09 1870.33 7680.44 1899.27 7706.49 1931.75 7673.19 2026.07 7642.37 2043.40 7629.84 2042.76 7573.49 2033.97
8 7205.75 160.96 7264.44 190.50 7263.79 262.37 7211.41 268.71 7170.38 248.94 7168.51 245.84 7167.49 233.45 7167.65 196.18
8 7477.98 6551.61 7434.80 6630.24 7376.44 6600.15 7350.03 6579.31 7372.01 6518.98 7413.84 6505.36 7439.32 6510.10 7452.39 6519.65
9 7294.92 7587.70 7231.74 7539.34 7233.76 7510.02 7282.91 7467.17 7298.27 7467.61 7333.62 7500.52 7335.33 7525.80 7333.38 7546.39 7326.66 7571.17
9 7136.28 6814.83 7032.65 6868.21 7013.93 6820.50 7008.53 6803.61 7019.05 6751.22 7054.89 6736.92 7088.21 6748.62 7118.29 6764.13 7134.12 6779.28
10 890.16 5823.94 947.14 5755.77 968.60 5757.22 998.70 5798.01 1010.77 5817.30 1005.60 5847.56 983.53 5875.06 948.34 5879.47 934.20 5867.60 918.25 5853.70
9 7358.51 3548.61 7412.43 3524.58 7428.84 3531.44 7447.86 3549.54 7453.67 3563.10 7449.95 3590.43 7440.08 3609.55 7406.94 3624.89 7371.22 3622.01
10 1319.93 2757.04 1321.58 2722.57 1338.56 2685.18 1379.19 2689.16 1404.19 2706.44 1403.21 2713.75 1400.26 2727.73 1393.12 2738.43 1348.37 2766.82 1330.95 2766.68
9 3670.58 7333.41 3669.55 7312.27 3675.45 7276.46 3683.77 7263.58 3697.50 7250.42 3739.66 7248.34 3759.45 7273.31 3754.61 7329.42 3710.71 7353.83
9 2285.28 6831.64 2273.39 6792.65 2275.07 6770.40 2312.92 6756.44 2365.18 6768.40 2377.30 6782.15 2367.56 6809.19 2358.66 6829.51 2333.33 6846.57
9 6244.81 8838.99 6247.31 8814.59 6288.57 8796.07 6300.38 8793.65 6326.55 8797.54 6332.76 8828.80 6327.20 8851.61 6292.64 8864.84 6271.48 8855.71
7 5826.89 4161.45 5808.21 4089.56 5949.00 4108.50 5974.15 4143.14 5957.67 4191.09 5919.62 4211.96 5836.80 4168.33
12 1047.31 5541.45 1057.40 5500.91 1067.18 5494.55 1112.06 5497.10 1119.28 5506.35 1123.19 5531.64 1123.84 5546.28 1122.94 5557.19 1109.56 5568.00 1094.26 5578.34 1083.22 5582.87 1063.18 5569.85
7 3523.56 7204.38 3522.02 7172.26 3570.72 7139.46 3599.57 7120.92 3619.16 7173.39 3622.40 7214.39 3594.09 7222.02
10 4997.19 6329.06 4984.60 6296.46 4987.57 6289.11 5012.89 6259.68 5036.99 6254.16 5071.48 6264.41 5077.55 6284.35 5054.21 6334.01 5028.50 6340.78 5010.05 6335.71
9 2882.74 5453.79 2858.56 5433.16 2844.74 5415.04 2815.21 5371.15 2840.32 5332.68 2898.38 5323.68 2937.87 5350.70 2948.00 5380.94 2931.77 5417.99
11 3721.14 4349.72 3710.81 4297.47 3731.21 4283.18 3789.96 4260.73 3817.57 4259.76 3837.75 4271.51 3841.61 4296.29 3829.13 4334.17 3815.12 4368.65 3768.40 4377.24 3741.24 4376.78
12 2435.81 8672.71 2419.97 8717.60 2392.93 8722.01 2366.90 8719.59 2354.47 8717.30 2341.29 8714.82 2334.55 8711.51 2341.73 8654.66 2346.04 8636.54 2371.89 8620.60 2395.26 8621.92 2410.25 8625.40
8 8315.72 224.79 8266.21 250.23 8255.97 244.47 8248.34 235.63 8242.67 198.95 8257.52 174.65 8276.90 174.20 8291.90 183.14
10 4319.60 4241.71 4334.10 4276.78 4331.11 4319.51 4320.52 4340.61 4285.44 4360.16 4266.50 4356.55 4249.45 4352.02 4238.42 4320.91 4226.83 4281.32 4261.58 4255.29
9 6082.70 8394.15 6061.24 8449.32 6029.38 8444.22 5962.72 8424.06 5927.51 8396.23 5934.59 8353.41 5956.53 8331.27 6004.61 8316.52 6053.39 8322.02
5 4844.94 2627.55 4876.15 2603.87 4917.69 2638.80 4921.36 2648.50 4912.55 2651.41
8 5373.90 2196.61 5319.42 2127.38 5356.48 2082.94 5370.80 2079.46 5416.90 2100.12 5467.55 2151.64 5448.50 2179.87 5398.89 2209.42
10 7685.19 8627.12 7687.74 8617.40 7718.39 8592.54 7746.65 8573.05 7782.03 8601.57 7788.59 8611.59 7781.57 8633.15 7771.87 8658.94 7742.71 8661.21 7694.12 8650.68
8 6387.68 1866.58 6376.02 1820.04 6388.69 1798.61 6412.64 1789.60 6431.90 1784.95 6439.22 1802.03 6441.87 1836.36 6431.43 1860.08
7 5634.84 5820.89 5598.54 5808.27 5598.63 5748.56 5611.59 5723.69 5658.71 5717.12 5669.22 5739.87 5663.79 5812.91
10 7749.29 5264.54 7751.99 5226.05 7757.04 5220.81 7762.73 5220.26 7778.80 5222.08 7806.33 5233.06 7813.61 5242.40 7799.76 5269.01 7782.49 5293.61 7764.93 5295.15
7 6804.45 5345.56 6875.54 5293.88 6935.27 5326.04 6918.45 5384.19 6896.18 5409.54 6854.28 5393.49 6811.31 5353.41
10 7619.55 6987.06 7737.37 7048.87 7725.94 7112.30 7722.50 7130.22 7713.06 7144.66 7664.30 7153.47 7635.75 7157.28 7566.98 7123.15 7568.04 7053.96 7578.44 7017.58
11 7159.75 6266.03 7219.33 6266.31 7229.45 6291.49 7252.33 6352.53 7181.55 6411.53 7144.19 6406.57 7098.08 6366.37 7096.43 6330.22 7099.62 6307.95 7100.21 6304.22 7112.72 6294.87
9 2136.17 1317.05 2202.52 1258.53 2268.94 1277.44 2286.50 1286.54 2273.83 1358.49 2241.59 1399.40 2195.42 1401.21 2155.11 1392.04 2136.71 1340.40
11 469.51 4619.36 469.08 4650.59 418.74 4673.95 404.79 4672.38 393.85 4665.51 382.45 4650.54 364.67 4611.15 364.62 4601.71 408.32 4563.95 419.06 4561.26 465.49 4590.10
7 4009.31 7781.43 4036.49 7809.35 4017.71 7852.87 4012.66 7862.51 4000.16 7862.88 3967.03 7839.09 3967.88 7810.84
8 4262.37 6055.36 4263.33 6118.10 4258.93 6123.75 4229.82 6146.43 4198.74 6107.64 4188.33 6067.43 4209.12 6036.16 4231.52 6036.53
8 4103.57 6388.68 4107.79 6427.39 4080.20 6458.23 4047.86 6465.58 4035.35 6456.80 4023.97 6428.30 4026.20 6417.87 4041.99 6388.98
11 8165.82 231.70 8142.47 202.79 8150.13 181.15 8173.44 177.79 8196.56 180.94 8224.67 186.50 8229.83 192.14 8227.55 212.24 8225.90 220.54 8211.85 242.13 8186.51 242.89
13 3832.09 2214.45 3834.61 2242.64 3829.73 2247.65 3783.63 2291.91 3774.10 2291.52 3762.48 2288.91 3694.33 2249.23 3694.29 2223.74 3711.43 2184.98 3719.00 2171.38 3751.29 2156.54 3773.66 2152.92 3817.40 2152.41
9 6436.16 8682.60 6415.02 8624.09 6415.47 8598.04 6422.64 8590.87 6465.18 8558.33 6492.22 8566.82 6516.66 8575.11 6527.27 8591.47 6513.97 8666.40
9 2558.29 6237.37 2581.23 6330.34 2555.62 6355.82 2519.11 6357.12 2483.48 6352.80 2432.37 6337.39 2418.31 6289.75 2446.37 6241.32 2471.60 6212.56
9 399.85 6581.03 331.34 6537.37 338.07 6499.42 349.54 6481.14 391.43 6472.71 416.84 6482.87 445.94 6516.65 439.00 6550.62 418.15 6577.18
10 8764.00 4166.95 8795.41 4119.85 8810.86 4111.83 8848.64 4127.35 8871.77 4144.33 8876.18 4162.24 8880.74 4187.52 8833.54 4215.58 8788.44 4225.30 8771.50 4204.75
10 3446.58 3576.59 3480.12 3624.90 3454.71 3683.42 3449.85 3687.92 3432.80 3703.17 3388.45 3701.42 3368.26 3689.63 3341.14 3648.13 3341.22 3614.97 3388.92 3591.91
10 494.22 1057.05 497.23 985.03 522.52 963.12 549.42 958.59 569.63 963.41 586.99 978.25 597.43 1035.03 596.66 1062.63 578.56 1080.20 519.67 1072.18
8 2001.12 865.56 1998.30 829.78 2026.19 812.83 2045.33 823.54 2053.76 857.65 2054.77 862.54 2042.62 872.73 2010.36 878.39
11 1734.81 5286.66 1719.80 5248.08 1721.19 5242.96 1749.55 5213.00 1798.70 5220.08 1810.07 5251.76 1809.02 5259.84 1804.33 5279.33 1798.27 5282.85 1760.67 5294.25 1739.11 5291.33
8 7140.47 1360.43 7176.27 1305.75 7208.49 1309.27 7227.18 1322.90 7240.06 1425.97 7171.44 1426.90 7157.21 1420.91 7151.48 1405.62
8 4356.33 1247.29 4391.00 1174.84 4457.71 1152.32 4467.05 1155.26 4472.55 1170.31 4485.07 1270.10 4458.00 1280.88 4382.22 1269.62
10 7238.82 423.95 7305.82 482.42 7305.68 496.45 7302.42 528.02 7269.49 566.62 7242.98 589.99 7204.35 601.87 7144.73 562.82 7175.02 471.42 7203.98 446.84
10 1879.18 5712.62 1885.11 5755.27 1872.13 5792.14 1847.09 5799.58 1771.40 5767.10 1765.80 5751.64 1779.64 5726.52 1784.48 5720.73 1808.02 5711.10 1847.65 5705.70
7 3225.94 8399.71 3309.93 8328.82 3355.87 8363.10 3352.54 8394.95 3339.93 8438.65 3300.99 8467.85 3279.26 8460.68
8 3574.87 3213.70 3633.10 3139.54 3655.98 3136.68 3700.17 3145.23 3695.45 3235.03 3682.42 3259.27 3676.62 3261.86 3587.81 3228.72
6 3701.86 6387.71 3802.95 6374.07 3804.52 6421.81 3779.70 6471.02 3755.87 6475.97 3702.80 6459.32
9 5161.54 155.89 5159.12 104.96 5191.43 72.09 5236.67 78.11 5282.41 141.48 5309.75 190.87 5295.43 207.07 5260.02 243.02 5218.51 226.83
11 1353.05 7196.55 1318.87 7189.26 1295.93 7161.07 1275.53 7132.51 1279.66 7107.80 1294.12 7094.53 1314.07 7082.25 1350.34 7065.30 1396.87 7062.89 1430.89 7112.37 1421.83 7166.03
10 4762.13 3341.96 4777.73 3267.91 4836.62 3254.46 4868.72 3266.20 4897.93 3302.59 4900.04 3353.35 4878.02 3368.42 4864.34 3375.50 4837.75 3379.57 4819.27 3374.10
10 3537.75 1465.21 3536.83 1423.72 3540.96 1416.97 3585.37 1375.72 3605.37 1379.77 3631.26 1393.33 3640.37 1402.07 3660.95 1468.68 3651.34 1481.71 3569.16 1501.06
9 7947.82 4174.39 7936.71 4107.19 7946.25 4098.29 8004.07 4060.75 8051.31 4091.99 8073.80 4145.04 8041.67 4182.16 8031.79 4190.05 8013.35 4197.91
9 7597.60 3730.56 7546.39 3802.34 7443.42 3759.58 7417.58 3708.92 7463.49 3638.13 7502.26 3628.01 7522.28 3634.63 7560.99 3679.28 7597.22 3722.08
7 5409.95 4660.46 5487.74 4538.79 5508.70 4568.57 5524.64 4649.49 5502.49 4665.93 5458.28 4695.65 5424.51 4694.97
8 7556.51 8675.86 7590.14 8640.24 7614.14 8644.77 7636.50 8654.62 7654.76 8671.77 7647.68 8697.70 7622.74 8739.51 7573.60 8727.33
7 400.10 2069.75 359.13 2015.14 399.14 1974.80 420.04 1977.08 425.85 1984.20 443.45 2016.32 426.50 2061.34
12 7039.42 328.36 7033.00 386.33 6983.97 394.87 6944.26 401.70 6926.31 394.74 6934.37 363.48 6951.33 327.83 6953.83 324.73 6980.83 296.00 6993.77 293.26 7020.88 299.18 7036.50 315.12
9 7499.29 6536.61 7501.09 6493.28 7538.48 6487.39 7575.27 6494.52 7582.84 6517.63 7578.96 6539.60 7572.30 6550.35 7539.85 6572.18 7508.96 6556.04
10 7598.51 8835.97 7642.69 8903.56 7639.44 8914.77 7630.04 8939.66 7606.21 8942.44 7543.35 8948.59 7517.47 8915.88 7515.59 8879.75 7537.15 8853.80 7558.97 8845.53
8 5340.33 296.49 5298.63 342.90 5270.97 325.14 5254.47 308.90 5252.99 284.76 5260.59 272.58 5291.09 260.43 5317.15 257.28
8 7683.49 3014.80 7729.12 2939.28 7791.02 2941.51 7839.49 2995.02 7844.00 3075.44 7765.73 3109.45 7731.25 3084.01 7688.04 3025.36
9 8137.69 6547.02 8123.20 6502.51 8151.57 6477.16 8159.36 6470.62 8181.07 6472.25 8210.65 6498.17 8218.32 6517.12 8211.09 6534.20 8169.98 6556.58
8 7644.34 169.61 7662.73 191.83 7651.37 202.90 7626.16 223.75 7608.76 221.99 7596.49 205.64 7595.85 176.39 7608.47 170.18
9 5794.70 4318.87 5773.86 4266.40 5777.94 4253.06 5826.11 4208.28 5840.71 4215.09 5876.63 4236.74 5885.78 4286.05 5856.35 4308.36 5815.20 4318.69
8 1657.99 5753.37 1707.77 5808.93 1672.29 5862.76 1660.49 5873.26 1632.24 5871.07 1605.55 5848.30 1585.04 5805.84 1626.26 5769.16
10 4758.04 309.16 4795.29 353.69 4785.20 383.77 4761.79 404.03 4703.61 400.30 4692.63 372.65 4696.44 346.77 4719.86 303.93 4723.28 302.81 4741.05 298.42
7 2170.57 5029.47 2166.04 5058.28 2101.70 5054.04 2085.02 5046.77 2088.68 5016.12 2109.60 4992.66 2162.96 4999.53
7 4735.24 5873.74 4810.11 5928.23 4792.94 6007.39 4723.73 6035.93 4667.54 5977.34 4647.39 5955.32 4716.97 5883.12
6 6206.43 2582.39 6172.00 2616.33 6113.24 2610.77 6099.47 2563.11 6108.44 2534.42 6141.82 2531.84
9 7023.80 1064.52 6964.48 1046.92 6961.99 1022.67 6961.52 957.03 6998.54 929.16 7049.67 954.64 7067.88 985.74 7076.72 1001.59 7042.71 1057.79
9 2851.06 4501.57 2829.15 4459.21 2855.61 4424.46 2874.99 4414.03 2908.44 4427.86 2910.50 4430.09 2925.58 4453.30 2913.00 4490.26 2904.62 4502.07
10 5472.25 7906.91 5478.51 7879.45 5526.44 7799.94 5527.78 7799.36 5561.75 7813.71 5616.56 7847.60 5630.71 7885.18 5626.07 7903.98 5573.96 7937.93 5538.67 7940.81
11 7204.62 5458.12 7227.64 5434.81 7285.59 5386.91 7295.98 5389.70 7322.00 5410.31 7349.24 5444.46 7361.82 5473.17 7364.76 5497.27 7329.78 5536.74 7257.71 5537.88 7225.22 5499.69
8 7306.54 6443.91 7338.43 6413.87 7366.40 6407.93 7379.69 6434.18 7387.72 6454.92 7372.07 6484.23 7344.74 6484.25 7316.86 6455.64
11 7801.36 5849.33 7827.16 5796.23 7891.52 5788.80 7899.55 5791.35 7942.30 5808.01 7952.34 5871.36 7946.94 5910.50 7895.12 5924.79 7868.09 5925.63 7837.25 5907.41 7808.39 5890.13
9 7090.23 4804.17 7100.41 4759.72 7131.20 4745.08 7153.74 4740.91 7172.58 4748.68 7194.20 4823.09 7178.44 4831.67 7130.67 4843.75 7091.86 4833.19
11 8358.13 1207.78 8358.08 1187.76 8369.58 1178.58 8393.84 1160.70 8417.42 1159.70 8427.33 1167.40 8450.80 1192.59 8438.41 1225.02 8415.96 1241.61 8387.63 1253.80 8382.64 1247.51
11 7263.77 9006.51 7277.83 9052.99 7257.84 9087.16 7236.25 9107.24 7197.99 9087.32 7183.25 9066.33 7181.58 9061.49 7181.04 9038.24 7202.03 9013.32 7225.42 9003.66 7235.20 9002.83
11 8576.29 3707.14 8584.89 3686.97 8597.38 3679.82 8627.56 3673.19 8632.64 3672.52 8639.07 3689.61 8641.01 3699.32 8642.12 3714.04 8632.36 3727.55 8609.99 3740.07 8604.51 3736.14
9 693.60 8647.45 707.31 8609.94 742.22 8603.11 778.75 8622.22 792.25 8659.93 782.88 8696.43 757.59 8702.67 717.18 8700.01 693.99 8694.54
7 7744.52 4845.87 7789.37 4913.04 7784.77 4967.86 7765.29 4990.82 7690.57 4964.79 7676.88 4899.42 7697.10 4873.10
7 1156.00 7636.37 1228.27 7731.76 1215.49 7741.15 1120.59 7772.56 1109.32 7740.77 1102.58 7677.79 1104.07 7661.72
8 934.26 2791.65 1000.81 2746.84 1038.90 2763.87 1064.28 2807.50 1085.93 2872.69 1085.26 2905.33 1054.71 2923.13 946.86 2917.61
8 6336.42 7715.61 6355.97 7782.37 6320.74 7805.06 6270.87 7829.67 6244.30 7813.19 6232.51 7742.62 6257.87 7718.92 6278.14 7713.36
8 1687.49 8826.17 1633.65 8848.61 1613.63 8830.51 1611.39 8791.83 1621.20 8781.15 1633.46 8770.29 1666.16 8771.05 1681.36 8800.97
9 761.86 2959.25 821.87 3057.80 819.94 3071.26 762.72 3142.18 757.64 3142.92 699.67 3130.26 663.92 3076.42 672.06 3005.07 690.67 2969.80
7 4749.64 3656.95 4701.90 3612.16 4708.84 3556.39 4724.30 3544.39 4808.74 3558.20 4822.22 3565.65 4820.07 3617.58
11 6955.55 4589.18 6929.68 4520.93 6938.61 4491.35 6958.65 4462.45 7004.37 4447.55 7018.81 4446.56 7021.60 4447.22 7077.22 4492.98 7091.36 4521.24 7057.65 4604.84 7023.69 4609.90
10 8603.38 7502.10 8584.19 7496.52 8573.51 7453.31 8573.10 7448.43 8580.92 7427.97 8587.68 7423.10 8618.95 7422.89 8637.04 7455.85 8639.31 7467.76 8632.25 7496.03
8 3806.82 3170.50 3768.57 3148.10 3771.07 3112.91 3777.85 3099.77 3791.05 3093.10 3806.34 3108.76 3820.47 3131.53 3821.17 3140.20
7 1989.94 355.66 1968.10 299.47 1973.58 246.71 2009.97 246.60 2079.72 251.34 2093.65 322.49 2065.44 358.36
9 2054.28 6568.97 2019.85 6600.89 1998.84 6593.76 1965.19 6543.36 1977.64 6525.68 1990.79 6520.66 2018.74 6510.38 2047.63 6528.32 2054.00 6553.14
8 634.29 1211.47 695.81 1162.89 737.60 1168.29 800.56 1191.58 773.43 1256.08 738.72 1322.91 691.70 1327.53 678.83 1310.96
7 3870.84 8916.99 3834.53 8853.89 3855.06 8831.87 3880.02 8828.61 3911.92 8884.35 3903.47 8893.19 3884.94 8907.15
9 2995.24 893.27 2994.35 848.02 3005.23 815.11 3051.56 803.76 3080.33 843.29 3086.46 856.82 3085.52 863.45 3053.91 907.58 3036.43 911.12
8 2595.58 1591.41 2599.54 1564.88 2667.50 1508.94 2706.57 1543.62 2741.36 1606.87 2691.51 1650.82 2631.45 1652.54 2610.31 1631.73
9 4233.12 2047.18 4234.76 2018.13 4280.24 1982.53 4324.22 2009.43 4349.63 2039.04 4355.00 2049.87 4340.70 2094.99 4318.76 2106.83 4240.67 2086.71
8 4555.72 607.84 4545.84 549.35 4588.62 537.94 4661.58 569.25 4657.11 595.95 4628.19 639.49 4603.67 644.48 4596.10 639.59
10 326.53 6757.81 336.23 6790.75 323.22 6802.75 300.71 6815.66 268.42 6817.73 249.63 6801.04 251.97 6767.00 261.91 6745.28 282.93 6737.03 284.39 6736.61
9 7831.50 3784.51 7785.38 3730.14 7794.65 3687.52 7829.06 3640.06 7879.60 3627.19 7910.23 3637.79 7936.95 3690.45 7934.96 3703.37 7886.27 3790.93
7 739.20 506.26 740.90 442.21 767.57 434.23 791.61 433.54 816.40 444.44 828.04 493.32 770.40 519.55
8 4484.56 3310.45 4437.55 3368.76 4399.28 3355.19 4350.29 3307.82 4339.53 3281.68 4333.07 3224.70 4402.78 3203.21 4484.33 3271.54
10 2505.46 6865.15 2542.49 6917.26 2531.98 6993.42 2470.50 7020.16 2386.44 6995.93 2374.36 6971.30 2385.40 6901.47 2387.09 6899.28 2435.65 6866.43 2466.50 6855.48
7 1627.69 8188.69 1602.58 8269.44 1495.88 8267.76 1466.30 8242.27 1474.88 8189.66 1512.08 8135.78 1576.54 8137.82
9 2812.34 8295.82 2782.93 8314.67 2764.57 8308.25 2736.76 8294.56 2729.26 8272.22 2752.82 8248.74 2770.23 8237.88 2791.05 8246.60 2806.52 8267.45
6 841.30 1345.45 808.62 1413.75 772.93 1407.22 754.30 1363.74 748.05 1333.55 802.21 1303.39
8 4801.03 8047.82 4766.47 8128.93 4742.98 8125.67 4699.60 8108.18 4689.31 8074.74 4727.28 8021.97 4740.01 8023.33 4776.46 8028.74
7 6975.35 891.93 6904.94 861.10 6922.66 766.37 6954.66 761.96 6999.18 792.68 7022.82 832.67 7021.80 860.72
8 6865.39 4088.61 6870.30 4057.69 6917.32 4055.05 6953.61 4065.42 6957.01 4093.23 6938.25 4104.99 6885.64 4118.69 6866.88 4093.29
11 2464.85 8091.26 2416.33 8035.36 2418.06 7994.63 2449.25 7964.85 2511.21 7950.68 2538.71 7961.38 2562.56 7982.18 2564.33 7984.07 2559.17 8053.54 2544.95 8071.18 2492.33 8086.46
6 3904.30 7896.54 3868.29 7932.25 3807.81 7912.08 3806.70 7839.48 3852.05 7826.97 3893.28 7862.17
7 3978.03 2174.43 3957.29 2111.97 3998.07 2091.10 4005.53 2087.61 4040.68 2133.77 4018.56 2158.97 4002.40 2166.43
10 8520.15 3519.85 8555.92 3471.22 8605.91 3464.75 8626.48 3484.87 8638.06 3502.77 8661.78 3581.93 8657.60 3584.10 8578.23 3610.23 8553.00 3603.40 8528.25 3571.50
10 5357.35 5204.91 5356.84 5183.49 5366.79 5164.59 5375.07 5156.20 5384.75 5153.40 5403.47 5158.57 5423.75 5183.21 5411.40 5215.72 5404.36 5223.76 5395.84 5226.06
8 2129.25 860.17 2176.62 787.73 2223.42 773.61 2262.50 786.37 2301.43 894.72 2300.35 915.82 2168.00 932.67 2136.92 877.25
9 7125.44 3566.18 7133.08 3607.07 7130.65 3619.72 7129.19 3623.98 7105.19 3641.02 7081.07 3636.40 7036.84 3596.28 7068.46 3569.88 7077.58 3564.78
7 7157.09 1625.57 7092.76 1576.18 7098.24 1554.32 7125.26 1532.77 7153.41 1530.52 7174.42 1545.68 7174.85 1552.95
10 2464.68 584.63 2481.23 532.80 2509.12 509.90 2549.20 505.78 2582.93 508.01 2593.22 550.28 2595.10 602.80 2563.96 633.31 2518.43 628.06 2502.31 623.91
13 1556.91 1898.64 1565.52 1862.22 1592.97 1816.10 1643.24 1816.88 1675.59 1831.24 1690.17 1838.07 1695.62 1884.86 1695.29 1915.94 1672.89 1941.91 1650.64 1952.28 1621.57 1951.27 1596.04 1936.49 1563.51 1906.32
12 4694.89 2355.45 4647.54 2342.42 4624.79 2305.12 4604.05 2264.47 4606.83 2256.77 4617.91 2235.69 4655.22 2203.11 4695.54 2177.97 4726.58 2186.18 4773.75 2268.24 4768.64 2304.16 4702.18 2354.93
9 1570.93 5371.33 1553.30 5331.55 1570.38 5297.01 1614.56 5280.18 1656.18 5282.31 1664.50 5316.14 1662.32 5327.65 1652.74 5352.79 1589.65 5400.38
10 2679.44 4816.98 2711.81 4775.10 2738.00 4771.49 2760.15 4788.34 2773.39 4828.99 2758.96 4853.12 2746.15 4864.58 2730.80 4862.53 2696.93 4856.04 2682.96 4840.61
9 6841.13 682.14 6816.57 649.21 6816.81 629.58 6827.30 613.16 6847.54 609.80 6884.01 632.83 6887.68 638.12 6886.43 644.08 6877.67 657.02
7 8863.78 8416.99 8909.09 8331.97 8976.84 8341.73 8975.35 8407.75 8932.05 8481.70 8896.40 8472.45 8882.84 8465.18
8 817.42 7339.91 759.09 7386.57 712.06 7352.44 705.87 7346.47 719.49 7297.62 726.54 7273.81 727.98 7269.04 800.02 7295.37
6 3134.02 4998.78 3188.01 4954.16 3203.04 4956.58 3229.84 4977.35 3239.76 5016.85 3201.51 5059.29
7 224.44 1991.43 277.90 2065.95 244.02 2108.17 166.98 2098.16 156.65 2071.06 177.72 2019.32 200.23 2003.13
7 7527.48 2255.34 7494.83 2178.99 7526.11 2150.58 7575.71 2127.94 7602.95 2166.45 7603.89 2209.15 7540.81 2254.81
9 2898.27 6996.61 2824.70 6902.55 2871.87 6854.05 2941.78 6855.56 2980.75 6869.52 3001.92 6940.16 2985.32 6962.02 2950.31 7003.95 2917.57 7017.84
12 4794.13 1942.83 4757.18 1896.37 4765.71 1870.81 4781.63 1825.14 4786.75 1814.16 4867.40 1839.84 4885.25 1846.03 4905.98 1860.34 4898.40 1936.68 4878.51 1954.21 4857.79 1968.44 4832.78 1968.15
9 2326.32 2291.12 2399.40 2265.94 2414.41 2275.95 2431.47 2313.92 2432.99 2321.59 2432.52 2350.01 2381.11 2387.69 2368.32 2384.90 2349.34 2374.54
6 8347.53 6303.79 8414.26 6251.82 8484.37 6314.50 8415.84 6363.48 8390.75 6356.27 8356.08 6341.35
9 6537.39 4036.34 6529.82 4068.06 6454.57 4093.40 6445.78 4091.99 6447.74 4041.94 6451.49 4016.08 6464.44 4012.44 6506.46 4003.73 6524.68 4016.01
8 6761.22 5496.90 6780.09 5531.18 6775.76 5553.64 6737.61 5569.26 6715.18 5571.31 6699.01 5559.34 6700.31 5540.60 6705.10 5516.95
10 3370.38 1409.54 3396.06 1331.37 3442.03 1305.23 3505.08 1328.56 3519.28 1338.66 3527.76 1394.10 3521.53 1457.21 3493.48 1478.94 3437.31 1479.44 3428.03 1475.08
7 3997.25 6304.33 4002.68 6193.89 4009.00 6186.18 4066.64 6149.34 4140.14 6195.78 4149.68 6271.03 4051.77 6303.10
8 352.37 6096.26 278.07 6137.60 197.85 6098.09 192.67 6044.71 205.23 6007.19 246.01 5979.13 255.59 5981.54 348.35 6030.76
6 1770.34 880.15 1744.97 805.88 1851.12 743.76 1882.49 801.76 1858.97 855.19 1815.26 874.97
9 6265.67 314.52 6281.82 280.48 6296.61 284.23 6350.71 309.75 6347.03 343.37 6331.87 354.68 6322.74 359.95 6303.02 365.55 6274.04 339.85
8 6178.39 3397.98 6174.43 3460.69 6149.51 3484.08 6145.52 3481.52 6124.91 3457.91 6112.25 3424.94 6109.68 3409.88 6131.64 3393.44
7 1948.74 3582.84 1960.92 3522.78 2000.73 3535.22 2033.50 3549.73 2044.72 3566.57 1988.48 3618.15 1966.44 3607.22
6 6285.91 8409.11 6445.84 8419.84 6443.64 8496.87 6368.02 8531.63 6308.95 8527.99 6291.03 8477.35
10 4420.30 3549.73 4443.51 3511.38 4470.87 3499.19 4498.99 3502.45 4513.31 3511.90 4535.48 3535.16 4539.36 3569.48 4524.18 3590.48 4464.23 3602.00 4451.34 3593.84
7 6896.37 4413.90 6899.14 4332.08 6919.51 4334.71 6982.25 4346.20 7016.77 4386.01 7002.06 4410.72 6996.39 4411.13
7 3617.20 5711.79 3591.01 5676.66 3594.23 5658.26 3618.36 5642.35 3668.87 5667.87 3673.68 5690.49 3642.76 5714.89
10 4187.97 7469.38 4205.42 7437.44 4236.33 7424.85 4273.86 7454.06 4274.88 7469.58 4260.29 7493.35 4250.22 7504.38 4238.24 7509.56 4223.64 7513.31 4190.59 7504.04
10 5804.38 2602.93 5799.74 2578.31 5803.57 2566.40 5818.29 2547.10 5839.13 2542.95 5847.00 2543.92 5861.69 2561.35 5858.39 2586.45 5854.68 2612.37 5841.75 2610.33
9 7393.09 1037.98 7440.76 1016.89 7447.13 1014.10 7456.11 1024.04 7466.33 1067.07 7456.15 1090.33 7442.93 1091.83 7422.10 1092.85 7413.56 1077.86
10 3772.73 4428.42 3775.88 4437.67 3766.53 4479.18 3738.64 4500.08 3703.47 4490.22 3700.34 4485.28 3702.28 4450.01 3703.51 4436.85 3704.06 4433.41 3706.86 4416.13
7 8593.79 1469.37 8559.28 1565.51 8507.40 1585.76 8459.80 1556.99 8468.01 1444.71 8481.66 1437.94 8578.75 1460.36
6 8046.03 4440.42 8078.01 4475.38 8057.62 4498.99 8019.92 4517.92 8011.65 4490.73 8012.76 4470.08
7 8942.00 3339.27 8984.95 3397.28 8974.73 3418.60 8962.64 3424.77 8908.85 3433.56 8897.27 3391.01 8914.97 3353.60
11 2370.09 7657.82 2385.55 7674.41 2379.11 7741.42 2364.53 7755.66 2349.58 7769.18 2311.38 7759.73 2293.34 7741.27 2294.71 7718.95 2298.13 7674.85 2305.57 7663.96 2313.02 7653.83
10 6287.74 9099.96 6265.02 9049.10 6288.71 9001.57 6311.54 8977.40 6387.96 8988.17 6418.49 9009.80 6410.14 9070.94 6401.21 9108.81 6353.21 9121.38 6327.34 9119.94
7 2942.88 6698.17 2955.22 6609.96 2969.25 6609.96 3022.45 6623.98 3022.62 6693.32 3013.44 6699.34 2978.19 6705.81
10 5284.67 1911.87 5275.24 1886.10 5289.75 1870.38 5359.86 1807.94 5373.44 1805.74 5422.63 1828.87 5432.58 1864.96 5408.60 1935.23 5381.43 1942.66 5346.53 1950.72
9 6378.02 3849.39 6372.49 3815.45 6390.03 3781.57 6428.17 3776.91 6435.96 3779.00 6438.39 3780.93 6478.78 3816.17 6468.15 3839.20 6436.03 3873.99
9 2167.88 6200.09 2213.01 6231.15 2205.91 6292.26 2179.18 6300.02 2150.59 6300.14 2146.04 6295.95 2120.66 6260.96 2118.75 6247.41 2129.24 6218.41
6 4813.12 6060.38 4849.90 6022.01 4881.88 6035.42 4893.22 6081.53 4866.97 6095.05 4836.88 6102.17
12 7730.21 2533.09 7727.99 2560.47 7706.17 2584.55 7688.58 2576.96 7668.91 2565.46 7653.07 2546.12 7652.91 2540.10 7657.48 2530.52 7661.01 2526.84 7671.46 2518.29 7685.03 2509.61 7716.87 2520.49
6 305.31 4371.37 306.77 4292.96 408.81 4299.15 428.53 4350.26 389.04 4399.49 345.68 4391.18
10 4545.41 778.71 4540.70 803.70 4522.35 825.62 4503.76 824.77 4476.04 812.61 4465.81 800.17 4464.26 767.08 4480.22 754.55 4506.54 747.01 4532.80 753.45
6 5381.04 8783.55 5365.23 8794.08 5272.93 8783.81 5264.92 8710.72 5276.76 8700.46 5364.58 8737.12
8 6391.16 7985.87 6318.25 7907.14 6343.28 7870.36 6379.12 7829.88 6462.37 7867.24 6466.60 7920.69 6448.41 7947.10 6400.22 7981.43
9 2230.57 6572.40 2202.37 6626.95 2165.66 6625.35 2135.33 6598.42 2132.69 6538.09 2137.20 6529.49 2165.73 6512.99 2199.75 6509.92 2228.34 6535.04
7 4939.57 3807.29 5047.09 3743.91 5068.45 3740.00 5069.87 3760.29 4998.56 3836.76 4969.65 3842.11 4940.07 3819.40
9 1494.58 478.26 1568.09 531.65 1566.58 588.23 1535.90 619.33 1455.19 629.43 1427.25 608.46 1403.86 585.66 1411.91 541.61 1431.47 486.94
7 8319.50 4877.20 8293.44 4953.09 8264.08 4952.51 8242.89 4939.96 8207.93 4903.34 8221.60 4865.23 8280.43 4838.44
8 1584.57 1474.23 1614.63 1386.52 1647.01 1377.15 1699.93 1411.57 1710.50 1426.36 1660.13 1496.18 1655.57 1499.88 1623.46 1502.94
6 7423.80 5406.55 7368.35 5331.51 7384.66 5267.54 7430.21 5246.41 7519.14 5249.25 7551.05 5289.54
6 8219.27 6836.36 8279.29 6781.93 8313.10 6817.38 8331.36 6859.42 8265.34 6907.40 8232.80 6876.92
6 2405.87 5640.96 2505.34 5598.15 2545.22 5695.22 2531.07 5751.97 2511.87 5749.04 2410.09 5690.60
8 5934.57 7971.14 5908.45 7947.95 5931.63 7916.61 5962.54 7907.46 5969.79 7914.61 5976.76 7923.07 5995.87 7966.19 5992.77 7981.48
11 394.00 5588.16 368.96 5570.46 367.58 5518.30 366.16 5434.05 392.87 5420.60 447.53 5425.35 476.11 5437.67 496.79 5483.18 482.82 5547.83 456.48 5570.75 433.68 5587.44
12 6087.66 1539.11 6081.08 1518.26 6083.50 1513.58 6091.02 1500.74 6102.99 1482.44 6109.99 1480.97 6128.20 1483.47 6149.11 1497.53 6150.40 1500.05 6149.81 1529.51 6146.91 1540.41 6099.62 1549.93
11 5745.34 4853.24 5796.13 4920.07 5793.29 4938.22 5785.94 4984.86 5746.83 5002.98 5686.78 5000.33 5663.98 4996.34 5643.21 4961.84 5634.10 4933.94 5633.92 4923.82 5665.63 4860.29
10 1941.27 2105.51 1955.45 2078.72 2001.74 2036.40 2045.15 2058.07 2066.14 2084.10 2070.63 2102.59 2066.24 2136.76 2051.92 2150.02 2022.51 2153.67 1976.87 2152.26
10 2116.61 5609.41 2169.66 5698.98 2112.76 5755.45 2050.68 5767.68 2045.79 5762.91 1997.94 5694.32 1993.41 5662.35 2010.52 5642.57 2024.91 5630.54 2080.80 5612.95
9 5558.15 6108.74 5561.93 6078.35 5591.66 6062.24 5612.38 6060.05 5624.93 6074.15 5644.82 6120.57 5641.02 6133.13 5625.20 6155.90 5562.02 6142.48
11 7585.50 1418.80 7598.90 1447.12 7596.07 1480.94 7581.11 1491.47 7576.91 1494.00 7556.68 1497.10 7536.53 1481.83 7533.65 1478.65 7521.45 1448.79 7528.45 1429.47 7536.05 1426.44
8 4688.03 4577.81 4683.70 4543.68 4693.45 4531.00 4735.90 4524.01 4744.22 4548.49 4746.11 4554.94 4751.15 4582.76 4720.09 4580.67
7 7831.30 4213.74 7780.61 4296.84 7748.85 4299.01 7725.06 4254.73 7727.72 4210.71 7792.56 4174.03 7805.15 4179.81
6 3964.48 1186.83 3916.15 1102.12 3937.08 1080.27 4013.00 1068.23 4027.30 1118.30 4016.67 1173.89
8 5435.02 5804.21 5492.14 5793.76 5503.59 5808.56 5523.68 5897.31 5459.82 5967.30 5433.06 5959.42 5410.86 5943.48 5412.97 5852.41
9 3803.02 5369.48 3793.31 5313.84 3797.63 5296.22 3818.52 5267.89 3898.19 5289.29 3917.41 5314.06 3908.95 5357.01 3872.22 5385.06 3830.74 5386.54
9 1484.52 2112.80 1526.34 2105.69 1551.53 2111.16 1569.04 2147.40 1571.28 2200.80 1545.31 2214.16 1469.83 2205.35 1468.48 2189.33 1470.72 2138.63
10 7730.74 7376.46 7699.58 7324.45 7719.00 7276.92 7743.08 7267.12 7779.75 7269.13 7804.85 7275.89 7818.40 7294.60 7842.80 7340.87 7790.83 7389.75 7774.20 7397.44
11 2494.94 7334.21 2444.01 7290.65 2444.33 7285.76 2445.75 7269.43 2466.92 7238.12 2497.66 7225.91 2521.18 7221.67 2574.30 7258.47 2575.20 7282.51 2565.67 7306.39 2545.84 7329.85
7 1000.13 3506.62 930.51 3557.90 893.05 3526.00 866.11 3455.97 894.68 3437.07 961.31 3431.19 985.34 3470.99
7 1251.12 5620.90 1193.93 5635.94 1190.61 5630.61 1175.66 5582.97 1183.53 5561.60 1222.44 5574.69 1244.92 5598.78
8 1976.11 4313.06 1944.64 4353.15 1858.44 4323.97 1851.92 4288.87 1873.11 4217.50 1920.15 4208.97 1945.74 4217.90 1960.22 4249.57
10 4716.50 3955.15 4774.46 3955.35 4777.89 3959.94 4782.44 3992.55 4787.62 4046.55 4773.97 4058.41 4761.05 4067.68 4702.15 4050.55 4684.63 3994.47 4698.57 3971.04
12 4474.25 4983.50 4454.80 4947.11 4473.24 4905.84 4479.35 4897.34 4544.28 4869.41 4594.62 4884.67 4624.70 4920.79 4629.46 4929.52 4628.70 4952.35 4625.07 4964.51 4606.08 5008.82 4527.93 5029.01
11 428.31 3817.33 437.49 3773.99 476.83 3724.15 500.92 3715.49 525.80 3734.59 534.62 3748.84 564.23 3798.92 564.72 3843.68 549.87 3859.76 451.68 3848.69 436.99 3843.85
9 3202.47 8568.54 3250.01 8483.93 3323.45 8484.41 3348.44 8511.88 3360.23 8533.99 3340.50 8578.86 3332.92 8587.17 3265.63 8601.89 3224.55 8585.81
11 897.17 4213.89 854.74 4281.15 844.77 4282.36 833.73 4279.13 817.22 4273.31 796.83 4249.39 783.13 4233.26 802.27 4177.38 805.67 4176.18 851.11 4162.60 865.60 4170.16
8 5483.29 3329.56 5487.31 3253.98 5548.97 3244.55 5573.21 3243.04 5610.36 3288.54 5616.33 3364.51 5563.05 3382.95 5503.28 3380.93
10 1972.69 2608.05 1942.92 2713.08 1855.31 2719.65 1826.24 2711.69 1816.19 2701.37 1800.73 2680.23 1794.60 2653.87 1797.36 2608.34 1848.71 2571.11 1932.56 2573.99
7 8505.56 6194.03 8516.56 6166.72 8576.24 6173.06 8583.59 6186.97 8568.40 6216.76 8525.33 6240.18 8505.98 6213.21
9 6646.60 8291.48 6636.03 8351.22 6600.05 8332.57 6580.06 8315.03 6573.54 8307.73 6579.45 8288.26 6583.97 8277.25 6628.53 8273.93 6643.61 8276.36
7 4452.86 5806.35 4578.98 5797.94 4577.23 5863.48 4540.63 5898.25 4536.91 5900.39 4463.54 5877.10 4452.96 5810.44
10 1075.74 1831.37 1072.83 1799.85 1097.29 1731.77 1101.59 1727.04 1143.91 1726.81 1174.72 1729.36 1179.31 1787.51 1177.47 1826.59 1130.61 1859.70 1124.34 1859.40
5 8912.89 7955.74 8890.46 8024.41 8816.91 8024.03 8801.92 7939.36 8884.94 7927.18
8 3290.45 5743.98 3285.36 5733.51 3318.44 5689.30 3377.67 5678.75 3388.16 5681.09 3415.88 5729.43 3409.60 5771.33 3362.82 5788.94
13 2051.06 2435.75 2120.48 2405.11 2145.57 2426.77 2185.98 2469.28 2175.05 2493.06 2161.28 2513.10 2152.74 2525.19 2139.29 2542.48 2115.12 2544.16 2064.48 2537.53 2043.09 2500.95 2036.96 2490.29 2040.40 2447.78
8 4137.33 3848.96 4147.45 3819.26 4201.14 3811.47 4214.20 3836.65 4217.00 3872.65 4198.80 3886.69 4160.64 3898.06 4155.04 3890.22
8 7972.21 8970.18 7873.78 9107.05 7847.31 9083.90 7801.18 9028.50 7885.16 8955.75 7941.74 8948.43 7944.94 8949.93 7969.20 8962.06
8 4347.24 5237.74 4386.33 5324.67 4366.59 5361.23 4293.30 5369.45 4227.82 5352.01 4224.61 5350.74 4245.02 5238.62 4284.98 5231.71
7 6669.17 7250.68 6548.27 7187.46 6574.04 7105.11 6651.59 7079.05 6687.67 7085.95 6715.23 7118.09 6722.81 7170.52
9 769.88 756.18 722.50 747.27 709.35 726.00 707.52 695.98 722.98 681.69 770.13 675.00 790.25 676.37 789.63 713.10 782.72 736.00
10 886.55 2695.14 871.49 2625.69 881.78 2599.89 909.74 2572.52 935.85 2567.97 979.36 2567.02 1012.28 2588.71 1046.46 2640.53 984.79 2738.59 978.09 2740.28
11 5541.23 1457.06 5539.82 1442.83 5561.83 1426.75 5613.61 1419.12 5627.48 1435.11 5629.57 1447.67 5626.55 1452.09 5609.09 1473.16 5595.23 1483.47 5583.99 1491.31 5569.47 1480.74
9 455.78 8007.03 443.74 7976.04 449.73 7946.42 496.96 7925.79 578.56 7910.13 581.90 7916.31 591.32 7935.68 567.63 8049.73 549.17 8071.63
9 3684.56 5799.19 3708.07 5692.15 3754.24 5692.71 3769.23 5696.39 3788.98 5711.98 3797.33 5781.40 3794.97 5791.56 3769.84 5822.25 3697.78 5809.51
8 7424.76 3152.47 7387.79 3127.20 7421.57 3073.87 7449.22 3057.75 7471.49 3063.75 7483.20 3071.79 7492.74 3112.99 7466.60 3135.49
